1694491518255 -242.61064730347258 0
1694491518374 -242.56191259642458 1
1694491518518 -242.51318764610124 2
1694491518644 -242.4644724505488 3
1694491518781 -242.41576700781357 4
1694491518943 -242.36707131594244 5
1694491519103 -242.31838537298262 6
1694491519246 -242.26970917698182 7
1694491519366 -242.22104272598807 8
1694491519498 -242.17238601804976 9
1694491519634 -242.12373905121558 10
1694491519778 -242.07510182353496 11
1694491519916 -242.0264743330574 12
1694491520064 -241.97785657783277 13
1694491520197 -241.9292485559116 14
1694491520323 -241.88065026534454 15
1694491520447 -241.83206170418285 16
1694491520593 -241.78348287047797 17
1694491520717 -241.734913762282 18
1694491520853 -241.68635437764704 19
1694491520978 -241.63780471462596 20
1694491521110 -241.5892647712719 21
1694491521257 -241.5407345456382 22
1694491521389 -241.49221403577886 23
1694491521523 -241.44370323974817 24
1694491521681 -241.3952021556007 25
1694491521815 -241.34671078139164 26
1694491521961 -241.29822911517635 27
1694491522095 -241.24975715501063 28
1694491522222 -241.2012948989508 29
1694491522348 -241.15284234505344 30
1694491522469 -241.10439949137546 31
1694491522606 -241.05596633597446 32
1694491522737 -241.00754287690805 33
1694491522871 -240.95912911223442 34
1694491522997 -240.91072504001218 35
1694491523126 -240.86233065830032 36
1694491523261 -240.8139459651581 37
1694491523392 -240.7655709586453 38
1694491523594 -240.717205636822 39
1694491523739 -240.66884999774862 40
1694491523873 -240.62050403948626 41
1694491524017 -240.57216776009605 42
1694491524144 -240.52384115763977 43
1694491524283 -240.47552423017933 44
1694491524415 -240.42721697577733 45
1694491524545 -240.37891939249653 46
1694491524670 -240.33063147840008 47
1694491524782 -240.28235323155178 48
1694491524909 -240.23408465001546 49
