1694509140363 0.013484323464069617 0
1694509140555 0.18109646269649105 1
1694509140746 0.06955314517540985 2
1694509140938 0.052706388012681585 3
1694509141122 0.030934628116437598 4
1694509141300 0.01603026793915492 5
1694509141471 0.03740620124777918 6
1694509141635 0.2378725363162744 7
1694509141815 0.0007932953466679483 8
1694509142007 0.008802284778903671 9
1694509142193 1.2593594348988415 10
1694509142374 0.006213097284126501 11
1694509142563 0.05441899179412682 12
1694509142726 0.21657743363716092 13
1694509142926 0.0009159091303084828 14
1694509143107 0.3509267867817321 15
1694509143299 0.28593088747650613 16
1694509143467 0.8018086810131569 17
1694509143639 0.4045112851184983 18
1694509143824 0.008089427316348232 19
1694509144003 0.3248103531810979 20
1694509144184 0.05477557449394847 21
1694509144356 0.0019695731708455223 22
1694509144543 0.048504877212930536 23
1694509144736 0.7080668610080363 24
1694509144904 0.1335446359921826 25
1694509145070 0.3729101841990519 26
1694509145241 0.003448978962238938 27
1694509145412 0.004496953608497201 28
1694509145576 0.11215635951108281 29
1694509145748 0.0011245368988013406 30
1694509145927 0.005374147754781621 31
1694509146108 0.21899597383499939 32
1694509146274 0.060132872412532984 33
1694509146440 0.7696761101865595 34
1694509146614 0.1500003061786922 35
1694509146794 0.03889466475851669 36
1694509146986 0.030331533150082836 37
1694509147148 0.01914696095130196 38
1694509147334 0.5896677457813859 39
1694509147497 0.02781366671533835 40
1694509147687 2.517333129401418e-06 41
1694509147856 0.6389969760916571 42
1694509148038 0.12446209105523934 43
1694509148206 0.0424157996433225 44
1694509148392 0.7943393963059674 45
1694509148562 0.06913730520928664 46
1694509148740 0.0021789606839693254 47
1694509148908 0.02311504538671524 48
1694509149076 0.026437258825827044 49
