1694491132131 -208.6515952968359 0
1694491132223 -179.4294756005525 1
1694491132317 -154.28449652521772 2
1694491132409 -132.64814946592418 3
1694491132503 -114.02835981270613 4
1694491132591 -98.00593280750053 5
1694491132693 -84.21760313849396 6
1694491132794 -72.3525233265733 7
1694491132894 -62.14195982679868 8
1694491132997 -53.355664170501065 9
1694491133093 -45.79432103379686 10
1694491133197 -39.28796668939174 11
1694491133296 -33.68921159446484 12
1694491133383 -28.87111813357503 13
1694491133485 -24.725224496580072 14
1694491133582 -21.157502905399838 15
1694491133678 -18.087155162859734 16
1694491133788 -15.445215699491076 17
1694491133881 -13.171819599546819 18
1694491133985 -11.215467630427291 19
1694491134089 -9.532152394692591 20
1694491134191 -8.083556078176777 21
1694491134295 -6.837059950014855 22
1694491134392 -5.764486951720422 23
1694491134494 -4.841535934275938 24
1694491134593 -4.047314710657332 25
1694491134681 -3.364022290705993 26
1694491134767 -2.776001397871466 27
1694491134863 -2.2700792334727513 28
1694491134960 -1.8348190408900842 29
1694491135062 -1.4603213219468345 30
1694491135168 -1.1381328865301072 31
1694491135270 -0.8609729082267077 32
1694491135376 -0.6225093561965567 33
1694491135475 -0.4173395323536653 34
1694491135576 -0.24075663003982095 35
1694491135666 -0.08893395524788228 36
1694491135764 0.041653425801748245 37
1694491135869 0.1540025197421402 38
1694491135977 0.25061092401653295 39
1694491136073 0.3337542181518559 40
1694491136173 0.4052544835305628 41
1694491136266 0.4667346326410021 42
1694491136366 0.5196017290844812 43
1694491136467 0.5650812933234706 44
1694491136559 0.6041675545711643 45
1694491136660 0.6377545813371202 46
1694491136752 0.6666559938747882 47
1694491136840 0.6914885379358363 48
1694491136942 0.7128482104304079 49
