1694491132071 143.98219732821107 0
1694491132162 129.09453879691057 1
1694491132253 106.53465846643509 2
1694491132348 89.07501920060088 3
1694491132441 81.77947213635404 4
1694491132534 67.39365213593491 5
1694491132622 61.046588627997124 6
1694491132729 50.016618353487836 7
1694491132823 44.59375969184761 8
1694491132929 38.782724113673005 9
1694491133032 33.92798635418522 10
1694491133127 28.036464362430866 11
1694491133231 24.17128800444497 12
1694491133326 20.794283031620957 13
1694491133418 17.42773265461637 14
1694491133519 15.145856479887712 15
1694491133612 13.86490094906232 16
1694491133717 11.499395069369724 17
1694491133818 9.989326474895856 18
1694491133917 8.091661019129367 19
1694491134019 7.0327527304604995 20
1694491134124 6.07315775163905 21
1694491134228 5.299583090625935 22
1694491134334 4.406574405486121 23
1694491134427 4.312633877463959 24
1694491134528 3.816706715689465 25
1694491134622 3.0008694547614208 26
1694491134711 2.764027982284508 27
1694491134804 2.041281506446833 28
1694491134893 2.029240470706503 29
1694491134995 1.8510841006871166 30
1694491135097 1.737969551262862 31
1694491135205 1.2146362983096644 32
1694491135305 1.1518404474635502 33
1694491135408 1.0391074571229497 34
1694491135509 1.1063996855196165 35
1694491135610 0.7139227706344653 36
1694491135697 0.6721282863014251 37
1694491135801 0.614411756059628 38
1694491135906 0.6841726675054347 39
1694491136013 0.525901367314454 40
1694491136105 0.46269410132127253 41
1694491136208 0.5205488284608548 42
1694491136296 0.4389624880876507 43
1694491136401 0.28358449054479445 44
1694491136497 0.2762860911177483 45
1694491136593 0.18273254901954802 46
1694491136694 0.2924402814368003 47
1694491136783 0.2114380960966636 48
1694491136874 0.1967760945936629 49
