1694490319860 -118.63085384516144 0
1694490320008 -60.52897276437055 1
1694490320156 -30.794587448555923 2
1694490320309 -15.542055027299565 3
1694490320504 -7.703233503965873 4
1694490320681 -3.6596938522974742 5
1694490320824 -1.5631478366061686 6
1694490320965 -0.46749664821224246 7
1694490321114 0.10859799922391788 8
1694490321282 0.41457159903824425 9
1694490321447 0.5801501860609289 10
1694490321609 0.6710669766114936 11
1694490321756 0.7220454631885187 12
1694490321905 0.7516238278927501 13
1694490322052 0.7688208929961842 14
1694490322201 0.7791746776618879 15
1694490322347 0.7859462073366991 16
1694490322497 0.7904426232992959 17
1694490322652 0.7932181673839331 18
1694490322806 0.7947519552052049 19
1694490322957 0.7959949543584901 20
1694490323104 0.7968511011462491 21
1694490323244 0.7975941865740641 22
1694490323388 0.7977564116272967 23
1694490323530 0.798170118209125 24
1694490323685 0.7984682504077659 25
1694490323839 0.7986818616045801 26
1694490323985 0.7987533332704584 27
1694490324124 0.7988536620787643 28
1694490324269 0.7990742705670927 29
1694490324414 0.7989610826807343 30
1694490324557 0.798897588803682 31
1694490324714 0.7990155800675907 32
1694490324872 0.7991684538637932 33
1694490325026 0.7990041360140482 34
1694490325175 0.7989828575300251 35
1694490325320 0.7987853798595695 36
1694490325466 0.7987754667459542 37
1694490325615 0.7987488738016821 38
1694490325771 0.7990387716325049 39
1694490325915 0.7988495644845739 40
1694490326063 0.7986227104993888 41
1694490326210 0.7985595403216023 42
1694490326359 0.7984388304268617 43
1694490326505 0.798557644184321 44
1694490326659 0.7986964757281063 45
1694490326796 0.7987080610410752 46
1694490326931 0.7988017013396983 47
1694490327080 0.7986430120305468 48
1694490327229 0.7987747902516882 49
