1694490319794 84.92774105610725 0
1694490319940 44.46448237521123 1
1694490320087 18.24648009442222 2
1694490320235 13.683889395530326 3
1694490320418 4.689270512286045 4
1694490320600 3.0576979460126785 5
1694490320762 2.0178868875437668 6
1694490320904 0.8821613420215142 7
1694490321045 0.4111206126543159 8
1694490321211 0.43915294444887026 9
1694490321376 0.2048448429392299 10
1694490321535 0.9542782596680924 11
1694490321690 0.8143158334928265 12
1694490321836 0.03559714776687823 13
1694490321985 0.048637887781922 14
1694490322130 1.0526919954184298e-06 15
1694490322278 0.2121250075873287 16
1694490322426 0.002086770054058997 17
1694490322580 0.0010061787767602487 18
1694490322739 0.9652609833006918 19
1694490322886 0.0711530716299121 20
1694490323035 0.03488754525284407 21
1694490323184 0.6379378569382004 22
1694490323324 0.37630726592236563 23
1694490323462 0.017619309625957404 24
1694490323612 0.19396159860450243 25
1694490323768 0.03488528973352116 26
1694490323918 0.08879587010476479 27
1694490324061 0.005031437742803203 28
1694490324204 0.006465068206860386 29
1694490324347 0.019586013199542125 30
1694490324493 0.06794504671033606 31
1694490324643 0.14225122301793627 32
1694490324799 0.04274389646941334 33
1694490324956 0.022765458580969608 34
1694490325105 0.25156688455061976 35
1694490325251 2.8066440773966637e-05 36
1694490325398 0.03252811929556085 37
1694490325547 0.234943062823712 38
1694490325699 0.3519481367796982 39
1694490325848 0.2518227585024145 40
1694490325994 0.041902522255901666 41
1694490326142 0.31405115675531486 42
1694490326289 0.0620079908700566 43
1694490326441 0.001971684130340764 44
1694490326587 0.12697539921733025 45
1694490326736 3.7133753129717687e-05 46
1694490326870 0.0026476441973474537 47
1694490327008 0.0013099309343793642 48
1694490327159 0.0747884803530856 49
