1694491194681 -229.53284061946636 0
1694491194772 -226.43895477832433 1
1694491194871 -223.38684826985204 2
1694491194974 -220.37541601599952 3
1694491195086 -217.40450542680455 4
1694491195201 -214.47365134333893 5
1694491195294 -211.58212328948082 6
1694491195383 -208.7294441945848 7
1694491195486 -205.91492187428602 8
1694491195587 -203.13827081658502 9
1694491195689 -200.3989011918204 10
1694491195800 -197.69658870284613 11
1694491195904 -195.0303515126765 12
1694491196006 -192.40014664696866 13
1694491196120 -189.80490781331184 14
1694491196223 -187.24473395396103 15
1694491196323 -184.7188899528428 16
1694491196427 -182.2271021564487 17
1694491196526 -179.7685210975433 18
1694491196621 -177.34313111266673 19
1694491196718 -174.9501951788183 20
1694491196809 -172.58930602270996 21
1694491196902 -170.26025381935935 22
1694491196988 -167.96270308880884 23
1694491197093 -165.6958966393561 24
1694491197203 -163.45939494342454 25
1694491197302 -161.253258854987 26
1694491197393 -159.07638331845192 27
1694491197482 -156.92882549997435 28
1694491197580 -154.81002795189775 29
1694491197674 -152.71996799885278 30
1694491197776 -150.65782750544216 31
1694491197871 -148.62339420361394 32
1694491197972 -146.61628443658685 33
1694491198063 -144.636057153185 34
1694491198165 -142.68249233904152 35
1694491198269 -140.7552668881522 36
1694491198377 -138.8538049700258 37
1694491198484 -136.97763211543338 38
1694491198587 -135.1269208016504 39
1694491198680 -133.30109940648302 40
1694491198771 -131.49969750302685 41
1694491198865 -129.7224895181667 42
1694491198957 -127.9690683306049 43
1694491199044 -126.23935022239439 44
1694491199144 -124.5328979808593 45
1694491199250 -122.84923014389028 46
1694491199353 -121.18844235961842 47
1694491199447 -119.54958401668296 48
1694491199549 -117.93289211443343 49
