1694491194617 168.0050628296443 0
1694491194717 167.55947836327405 1
1694491194808 160.0000431267544 2
1694491194905 163.5296818575491 3
1694491195010 160.86241612792162 4
1694491195124 157.3435805242739 5
1694491195235 153.16306543925893 6
1694491195324 151.6076194006068 7
1694491195417 152.38708624848275 8
1694491195520 149.28733618925597 9
1694491195622 147.67080556006897 10
1694491195727 139.9866775460815 11
1694491195836 140.4261274656533 12
1694491195938 136.04737574223336 13
1694491196042 139.22231628775114 14
1694491196155 136.8926741187293 15
1694491196260 134.04720844933698 16
1694491196354 130.08704207348828 17
1694491196463 130.93772459214023 18
1694491196557 128.91983668990989 19
1694491196656 128.05165301913036 20
1694491196748 130.39153777758355 21
1694491196843 128.76814413405629 22
1694491196932 119.60315890979611 23
1694491197020 118.89802724916733 24
1694491197137 120.25305801434233 25
1694491197239 113.00107573714492 26
1694491197335 115.34341251115794 27
1694491197423 114.53104363027869 28
1694491197515 114.65036513484803 29
1694491197609 109.23472947634112 30
1694491197709 108.2928556328786 31
1694491197811 106.98277675552683 32
1694491197910 104.61882780977409 33
1694491198005 105.66915065888286 34
1694491198093 103.35995571269022 35
1694491198201 100.24329503853359 36
1694491198304 99.18800042357306 37
1694491198413 103.65680074959103 38
1694491198519 99.53763280623187 39
1694491198622 96.54099881608636 40
1694491198711 97.80766767546712 41
1694491198802 95.52605331799232 42
1694491198900 96.88677938052246 43
1694491198988 93.73804966546949 44
1694491199079 90.58286935806412 45
1694491199182 90.18674256318987 46
1694491199285 83.62184147051516 47
1694491199388 88.46553348554653 48
1694491199482 87.31471543402532 49
