1694490880160 -115.99571273375746 0
1694490880299 -54.45925350909869 1
1694490880448 -25.357551038000153 2
1694490880619 -11.587526232891893 3
1694490880763 -5.067162261664244 4
1694490880918 -1.9804411399221666 5
1694490881073 -0.5167137773653079 6
1694490881211 0.17859887529353935 7
1694490881376 0.5091140693646629 8
1694490881536 0.667110643757425 9
1694490881699 0.7429477829870361 10
1694490881838 0.7794114083209717 11
1694490881993 0.7970260868053052 12
1694490882173 0.8057862019375492 13
1694490882332 0.8100102300475329 14
1694490882494 0.812142276213878 15
1694490882654 0.8133109281233125 16
1694490882822 0.8138493818904582 17
1694490882981 0.8141631250954158 18
1694490883171 0.8143823567500086 19
1694490883345 0.8144810347598934 20
1694490883518 0.8145227309413505 21
1694490883675 0.814617008687684 22
1694490883833 0.8146300123469996 23
1694490883997 0.8146230698060934 24
1694490884162 0.8145339303700588 25
1694490884315 0.814547077835024 26
1694490884471 0.8145247696527524 27
1694490884629 0.8145514856071575 28
1694490884799 0.814520785310097 29
1694490884997 0.8145018959653045 30
1694490885179 0.8145373701594568 31
1694490885343 0.8145634390327344 32
1694490885492 0.8145602508443684 33
1694490885656 0.8145759792196876 34
1694490885830 0.8145405419243162 35
1694490885997 0.814534021196095 36
1694490886155 0.8144812786239177 37
1694490886302 0.8144990700825092 38
1694490886457 0.8145065115699713 39
1694490886607 0.8145313802442466 40
1694490886761 0.8145036353118038 41
1694490886913 0.8145724450895261 42
1694490887072 0.8145760802566235 43
1694490887230 0.8145388393508797 44
1694490887379 0.8145730336546997 45
1694490887538 0.8145685621907289 46
1694490887697 0.8145531855127301 47
1694490887849 0.8145310936241864 48
1694490888008 0.8144878701578415 49
