1694490880096 85.55095895031727 0
1694490880240 27.128415690193897 1
1694490880371 17.619483265262065 2
1694490880552 9.93662423773086 3
1694490880694 4.263870719327005 4
1694490880842 1.6503445842754831 5
1694490880998 0.5030209189281236 6
1694490881151 0.10339916804386821 7
1694490881303 0.13315762045392932 8
1694490881460 0.02424899109865309 9
1694490881612 0.005853303542592157 10
1694490881777 0.11467647150295579 11
1694490881917 0.03508320972369848 12
1694490882086 0.013469770406237435 13
1694490882257 0.0004504220666728528 14
1694490882417 0.32832263304389764 15
1694490882575 0.002062417253578067 16
1694490882743 0.14739214973852968 17
1694490882907 0.5792796072449666 18
1694490883085 0.8602018484772985 19
1694490883257 0.035947438086269205 20
1694490883432 0.0032128663541427047 21
1694490883604 0.03984557895680896 22
1694490883759 0.028606592029851986 23
1694490883924 0.30636091727511705 24
1694490884084 0.3286634543713432 25
1694490884245 0.016338572167060382 26
1694490884398 0.00401139536428382 27
1694490884552 0.010057526195257375 28
1694490884717 0.7176806489551728 29
1694490884888 0.04482934540198191 30
1694490885094 0.041126040607544864 31
1694490885264 0.12337262134346007 32
1694490885423 0.02696162994901728 33
1694490885571 0.0009854799921514283 34
1694490885746 0.007293036079496524 35
1694490885921 0.06904771660319753 36
1694490886079 0.02671436917554444 37
1694490886235 0.028138731009267042 38
1694490886383 0.050639038167784665 39
1694490886537 0.13339614132567773 40
1694490886687 0.08756866722688289 41
1694490886840 0.17528861580542027 42
1694490886993 0.031879209653993316 43
1694490887158 0.013912672785569073 44
1694490887307 0.18499373053986343 45
1694490887462 0.01413464619223563 46
1694490887621 0.34264991463588945 47
1694490887778 0.025490975161490907 48
1694490887933 0.5871871048298001 49
