1694509750885 169.30890058587048 0
1694509751078 168.97301866796258 1
1694509751287 168.63780632198217 2
1694509751434 168.30326221018692 3
1694509751613 167.969384997511 4
1694509751776 167.63617335155973 5
1694509751974 167.30362594260416 6
1694509752184 166.9717414435759 7
1694509752360 166.64051853006148 8
1694509752533 166.30995588029737 9
1694509752731 165.98005217516456 10
1694509752919 165.65080609818307 11
1694509753144 165.3222163355069 12
1694509753328 164.9942815759188 13
1694509753515 164.66700051082472 14
1694509753714 164.34037183424883 15
1694509753909 164.01439424282802 16
1694509754082 163.68906643580698 17
1694509754260 163.36438711503268 18
1694509754446 163.04035498494943 19
1694509754612 162.7169687525934 20
1694509754789 162.39422712758758 21
1694509754981 162.0721288221367 22
1694509755206 161.75067255102178 23
1694509755429 161.43006609494313 24
1694509755611 161.11009841131087 25
1694509755808 160.79076822442698 26
1694509756017 160.47207426114497 27
1694509756223 160.1540152508647 28
1694509756432 159.83658992552753 29
1694509756634 159.5197970196109 30
1694509756799 159.2036352701235 31
1694509756983 158.88810341660002 32
1694509757180 158.57320020109628 33
1694509757373 158.25892436818407 34
1694509757592 157.94527466494603 35
1694509757805 157.63224984097081 36
1694509757995 157.31984864834794 37
1694509758169 157.0080698416628 38
1694509758362 156.69691217799175 39
1694509758556 156.38637441689696 40
1694509758744 156.07645532042156 41
1694509758938 155.76715365308473 42
1694509759113 155.45846818187658 43
1694509759301 155.1503976762531 44
1694509759511 154.84294090813182 45
1694509759710 154.53609665188603 46
1694509759896 154.2298636843406 47
1694509760073 153.92424078476645 48
1694509760246 153.61922673487635 49
