1694489856100 -245.65609095907553 0
1694489856245 -245.16879376175535 1
1694489856383 -244.68255688722542 2
1694489856538 -244.19737799149908 3
1694489856697 -243.71325467677033 4
1694489856881 -243.23018455079233 5
1694489857008 -242.7481652268643 6
1694489857137 -242.26719432381813 7
1694489857279 -241.78726946600548 8
1694489857410 -241.30838828328498 9
1694489857540 -240.8305484110091 10
1694489857668 -240.3537474900114 11
1694489857806 -239.87798316659348 12
1694489857938 -239.40325309251247 13
1694489858070 -238.92955492496802 14
1694489858208 -238.45688632658948 15
1694489858335 -237.98524496542325 16
1694489858500 -237.51462851492025 17
1694489858647 -237.0450346539228 18
1694489858780 -236.57646106665243 19
1694489858905 -236.108905442697 20
1694489859041 -235.6423654769982 21
1694489859193 -235.1768388698389 22
1694489859333 -234.7123233268307 23
1694489859468 -234.24881655890167 24
1694489859616 -233.78631628228314 25
1694489859748 -233.32482021849825 26
1694489859876 -232.86432609434874 27
1694489860023 -232.4048316419029 28
1694489860172 -231.94633459848333 29
1694489860294 -231.48883270665436 30
1694489860422 -231.03232371420995 31
1694489860559 -230.57680537416118 32
1694489860691 -230.12227544472427 33
1694489860827 -229.66873168930846 34
1694489860948 -229.21617187650324 35
1694489861084 -228.7645937800671 36
1694489861222 -228.31399517891447 37
1694489861354 -227.8643738571044 38
1694489861493 -227.41572760382806 39
1694489861621 -226.96805421339675 40
1694489861747 -226.52135148523 41
1694489861899 -226.0756172238437 42
1694489862050 -225.63084923883784 43
1694489862211 -225.18704534488467 44
1694489862357 -224.74420336171718 45
1694489862490 -224.3023211141166 46
1694489862619 -223.86139643190128 47
1694489862764 -223.421427149914 48
1694489862892 -222.98241110801123 49
