1694489855990 169.08902758239503 0
1694489856136 168.7512033348887 1
1694489856281 168.41749518098302 2
1694489856415 168.08451342679464 3
1694489856587 167.75225646618543 4
1694489856743 167.4207226561641 5
1694489856916 167.08991035754914 6
1694489857044 166.75981793495933 7
1694489857179 166.43044375680483 8
1694489857323 166.10178619527827 9
1694489857450 165.77384362634595 10
1694489857572 165.44661442973884 11
1694489857705 165.12009698894394 12
1694489857852 164.79428969119527 13
1694489857970 164.46919092746523 14
1694489858110 164.1447990924558 15
1694489858247 163.8211125845896 16
1694489858377 163.49812980600163 17
1694489858545 163.17584916252994 18
1694489858688 162.8542690637075 19
1694489858818 162.53338792275306 20
1694489858939 162.21320415656297 21
1694489859084 161.8937161857022 22
1694489859233 161.57492243439586 23
1694489859368 161.25682133052064 24
1694489859509 160.93941130559614 25
1694489859657 160.62269079477647 26
1694489859783 160.30665823684163 27
1694489859919 159.99131207418907 28
1694489860069 159.67665075282508 29
1694489860205 159.36267272235648 30
1694489860330 159.04937643598205 31
1694489860463 158.7367603504842 32
1694489860597 158.4248229262205 33
1694489860732 158.1135626271153 34
1694489860856 157.80297792065147 35
1694489860987 157.49306727786185 36
1694489861125 157.18382917332116 37
1694489861264 156.87526208513745 38
1694489861396 156.56736449494403 39
1694489861527 156.26013488789116 40
1694489861666 155.95357175263754 41
1694489861783 155.6476735813426 42
1694489861947 155.34243886965768 43
1694489862104 155.03786611671845 44
1694489862256 154.73395382513615 45
1694489862402 154.4307005009899 46
1694489862524 154.12810465381838 47
1694489862660 153.8261647966117 48
1694489862805 153.52487944580338 49
