1694490327804 -123.67216900699154 0
1694490327945 -63.13604478349917 1
1694490328088 -32.14971407990233 2
1694490328218 -16.254593033209044 3
1694490328360 -8.081362130483972 4
1694490328502 -3.8611596550137097 5
1694490328649 -1.6709824374791422 6
1694490328801 -0.5282745005884923 7
1694490328951 0.07372675119064287 8
1694490329092 0.3951696833406517 9
1694490329246 0.5695524882231238 10
1694490329394 0.6651588613288252 11
1694490329526 0.7192549763990628 12
1694490329663 0.750292811951037 13
1694490329812 0.7685726942523649 14
1694490329960 0.7798694415156611 15
1694490330114 0.7869848609418046 16
1694490330269 0.7914257048014732 17
1694490330417 0.7943538306138102 18
1694490330569 0.7968021250848855 19
1694490330723 0.7981359316042068 20
1694490330874 0.7992605748168661 21
1694490331021 0.8000243513282507 22
1694490331161 0.8001565898022669 23
1694490331303 0.8005436661650402 24
1694490331457 0.8007684090702594 25
1694490331611 0.8010139184794314 26
1694490331756 0.8010606105355514 27
1694490331903 0.8009376069090517 28
1694490332053 0.8005434996756255 29
1694490332202 0.800660700328192 30
1694490332348 0.800730213479233 31
1694490332495 0.8007711658960907 32
1694490332645 0.8006987030595781 33
1694490332796 0.8006936418805487 34
1694490332975 0.8007769540593284 35
1694490333123 0.8010650744530218 36
1694490333267 0.8013302700765379 37
1694490333412 0.8010742828630915 38
1694490333565 0.8011653270785624 39
1694490333723 0.8013784683616936 40
1694490333874 0.8014904521436474 41
1694490334021 0.8014060934650201 42
1694490334164 0.8013731608802306 43
1694490334302 0.801467532187291 44
1694490334445 0.8013363568342236 45
1694490334591 0.8013786366550962 46
1694490334756 0.8012639293174758 47
1694490334927 0.801128884930891 48
1694490335067 0.8009728536648997 49
