1694490327736 97.67988460241332 0
1694490327880 54.63290275544248 1
1694490328028 21.256898552966287 2
1694490328161 19.096522596552575 3
1694490328291 10.583946844075514 4
1694490328439 3.237901145842752 5
1694490328582 1.3390470898644358 6
1694490328732 1.5819182094341413 7
1694490328882 1.0323464152759527 8
1694490329026 0.531629052932641 9
1694490329182 0.7222674135284677 10
1694490329331 0.0673822640181782 11
1694490329468 0.036345578205303715 12
1694490329604 0.08837863492942379 13
1694490329738 0.021902364650909917 14
1694490329890 0.0005467601556112126 15
1694490330043 0.28726732045263076 16
1694490330195 0.13133925012925368 17
1694490330349 0.006432130161186147 18
1694490330498 0.0034010424580556502 19
1694490330648 0.04542884276819482 20
1694490330805 0.06937208639587633 21
1694490330956 0.17256051022293825 22
1694490331101 0.5653397503739237 23
1694490331234 0.007179880678877712 24
1694490331383 0.04870095450306362 25
1694490331542 0.04202712476723676 26
1694490331689 0.3245276886805769 27
1694490331843 0.012353042583059963 28
1694490331988 0.9763948420904968 29
1694490332131 0.4070081142871537 30
1694490332280 0.031919426805588985 31
1694490332426 0.07185324153161332 32
1694490332574 0.039279423938803806 33
1694490332726 0.031393219791372204 34
1694490332903 0.2704212606153314 35
1694490333052 0.00018484843047148462 36
1694490333201 0.2891652767346629 37
1694490333342 0.4182808835795933 38
1694490333493 0.002755046582478625 39
1694490333655 0.1549061158320274 40
1694490333807 0.23407275776379308 41
1694490333954 0.27889260927907866 42
1694490334100 0.035849470130424776 43
1694490334242 0.30811876494819374 44
1694490334377 0.019883480099318555 45
1694490334533 0.0008851892491774662 46
1694490334677 0.005940062969360909 47
1694490334858 0.0066984016122150145 48
1694490335003 0.04530490094440717 49
