1694490525494 -200.53009943744038 0
1694490525608 -172.92887918246 1
1694490525719 -149.12537056903713 2
1694490525823 -128.59663512333435 3
1694490525919 -110.89216463746682 4
1694490526020 -95.62088386015984 5
1694490526120 -82.44812741510565 6
1694490526213 -71.08428853129843 7
1694490526316 -61.281243293355715 8
1694490526417 -52.82238358480045 9
1694490526520 -45.524771066531855 10
1694490526627 -39.22686754076132 11
1694490526730 -33.791925506342835 12
1694490526835 -29.100625328125503 13
1694490526938 -25.05089028914666 14
1694490527038 -21.55480905164853 15
1694490527139 -18.536258661901307 16
1694490527243 -15.929612906054569 17
1694490527346 -13.678371913104316 18
1694490527447 -11.734052022705933 19
1694490527544 -10.053871385962184 20
1694490527648 -8.602260313698613 21
1694490527750 -7.3474879386370375 22
1694490527854 -6.263206645759509 23
1694490527942 -5.325373914824578 24
1694490528039 -4.514598939888467 25
1694490528141 -3.813062768527759 26
1694490528244 -3.205995383308988 27
1694490528334 -2.6806600300247885 28
1694490528436 -2.2258941866565447 29
1694490528527 -1.8320109125974193 30
1694490528620 -1.4908976520725612 31
1694490528722 -1.1952064924896315 32
1694490528813 -0.9387880839661256 33
1694490528917 -0.716502029458965 34
1694490529019 -0.523597328544749 35
1694490529110 -0.3561566177595601 36
1694490529197 -0.21070626646179358 37
1694490529291 -0.0843037224100387 38
1694490529392 0.025580800968257766 39
1694490529493 0.1211885879153688 40
1694490529595 0.20440738554044602 41
1694490529696 0.27688326458072754 42
1694490529799 0.3400354926268633 43
1694490529906 0.3951659442994221 44
1694490529995 0.44321014515738544 45
1694490530088 0.4852110588926296 46
1694490530186 0.521942166691133 47
1694490530278 0.5540899231693541 48
1694490530378 0.5822168453792664 49
