1694489321072 -6.575527742370666 0
1694489321218 -5.9217148315331 1
1694489321357 -5.947046118747872 2
1694489321493 -5.829448223168415 3
1694489321645 -5.776271580768342 4
1694489321785 -5.862231171538009 5
1694489321933 -5.872021566391955 6
1694489322069 -5.888078223824755 7
1694489322216 -5.93213066423558 8
1694489322361 -5.916664921709813 9
1694489322499 -5.903549289808141 10
1694489322644 -5.879787012532122 11
1694489322784 -5.92325559826408 12
1694489322930 -5.891983562763131 13
1694489323083 -5.879642463539883 14
1694489323222 -5.863115859210079 15
1694489323370 -5.868846150491165 16
1694489323517 -5.898486119822702 17
1694489323659 -5.869968083104829 18
1694489323803 -5.8654928905735515 19
1694489323947 -5.859906894788327 20
1694489324094 -5.895290030162677 21
1694489324244 -5.853748671808062 22
1694489324392 -5.990655746558676 23
1694489324537 -5.933036259608219 24
1694489324679 -5.912362933978247 25
1694489324824 -5.882312528831882 26
1694489324961 -5.931581255696602 27
1694489325104 -5.888393532001317 28
1694489325255 -5.91263895618025 29
1694489325403 -5.886742572096289 30
1694489325548 -5.870934056848956 31
1694489325682 -5.8884446125541405 32
1694489325826 -5.835507845232194 33
1694489325961 -5.894796757487088 34
1694489326092 -5.887909055149056 35
1694489326229 -5.9395975276395925 36
1694489326368 -5.857957641963521 37
1694489326507 -5.812506557988213 38
1694489326646 -5.839753116511633 39
1694489326790 -5.8111115807059 40
1694489326939 -5.928428743828487 41
1694489327082 -5.9366032694303374 42
1694489327226 -5.930211430238743 43
1694489327372 -5.910444776748722 44
1694489327523 -5.854166113943777 45
1694489327666 -5.911824305942997 46
1694489327812 -5.824129053898594 47
1694489327963 -5.868746965760261 48
1694489328114 -5.840344552948136 49
