1694510807554 -242.21866892110992 0
1694510807703 -242.17000957765435 1
1694510807875 -242.1213599766287 2
1694510808051 -242.0727201160816 3
1694510808238 -242.0240899940623 4
1694510808405 -241.97546960862024 5
1694510808553 -241.92685895780522 6
1694510808709 -241.8782580396677 7
1694510808866 -241.8296668522583 8
1694510809043 -241.78108539362805 9
1694510809201 -241.73251366182845 10
1694510809394 -241.68395165491134 11
1694510809574 -241.63539937092892 12
1694510809744 -241.58685680793386 13
1694510809923 -241.5383239639792 14
1694510810102 -241.48980083711834 15
1694510810235 -241.44128742540502 16
1694510810412 -241.39278372689355 17
1694510810561 -241.34428973963844 18
1694510810715 -241.29580546169467 19
1694510810847 -241.24733089111763 20
1694510811009 -241.198866025963 21
1694510811148 -241.15041086428695 22
1694510811277 -241.10196540414609 23
1694510811429 -241.05352964359724 24
1694510811579 -241.00510358069778 25
1694510811709 -240.95668721350535 26
1694510811852 -240.90828054007804 27
1694510811979 -240.8598835584744 28
1694510812113 -240.81149626675318 29
1694510812263 -240.76311866297377 30
1694510812425 -240.7147507451957 31
1694510812592 -240.66639251147907 32
1694510812748 -240.6180439598843 33
1694510812890 -240.56970508847212 34
1694510813036 -240.5213758953039 35
1694510813191 -240.47305637844104 36
1694510813314 -240.4247465359456 37
1694510813453 -240.37644636587999 38
1694510813609 -240.3281558663069 39
1694510813754 -240.2798750352894 40
1694510813917 -240.23160387089118 41
1694510814069 -240.18334237117605 42
1694510814206 -240.13509053420842 43
1694510814348 -240.0868483580528 44
1694510814497 -240.03861584077447 45
1694510814634 -239.9903929804388 46
1694510814793 -239.94217977511167 47
1694510814942 -239.89397622285924 48
1694510815091 -239.84578232174826 49
