1694510807437 169.1100665658359 0
1694510807602 169.0762373993499 1
1694510807750 169.04241500773227 2
1694510807925 169.00859938962546 3
1694510808097 168.97479054367224 4
1694510808287 168.94098846851568 5
1694510808449 168.90719316279896 6
1694510808597 168.87340462516588 7
1694510808756 168.83962285426009 8
1694510808914 168.80584784872576 9
1694510809090 168.77207960720736 10
1694510809257 168.73831812834945 11
1694510809455 168.70456341079705 12
1694510809619 168.67081545319533 13
1694510809796 168.63707425418977 14
1694510809976 168.6033398124261 15
1694510810145 168.5696121265504 16
1694510810282 168.53589119520896 17
1694510810460 168.50217701704827 18
1694510810602 168.46846959071527 19
1694510810751 168.434768914857 20
1694510810893 168.40107498812085 21
1694510811047 168.36738780915448 22
1694510811185 168.33370737660582 23
1694510811321 168.300033689123 24
1694510811472 168.26636674535462 25
1694510811620 168.23270654394932 26
1694510811751 168.19905308355612 27
1694510811891 168.16540636282429 28
1694510812019 168.1317663804034 29
1694510812157 168.0981331349433 30
1694510812306 168.064506625094 31
1694510812466 168.03088684950592 32
1694510812638 167.99727380682967 33
1694510812789 167.96366749571615 34
1694510812934 167.93006791481653 35
1694510813081 167.8964750627823 36
1694510813229 167.8628889382651 37
1694510813354 167.82930953991692 38
1694510813495 167.7957368663901 39
1694510813648 167.76217091633708 40
1694510813803 167.7286116884107 41
1694510813962 167.69505918126399 42
1694510814111 167.66151339355028 43
1694510814250 167.62797432392327 44
1694510814392 167.5944419710367 45
1694510814534 167.56091633354478 46
1694510814679 167.52739741010194 47
1694510814838 167.49388519936284 48
1694510814984 167.46037969998244 49
