1694347720704 169.42810631986347 0
1694347720903 137.21548551010306 1
1694347721129 111.36441726115788 2
1694347721303 90.40734159273663 3
1694347721485 73.41843226574332 4
1694347721695 59.64325711525603 5
1694347721926 48.47216090427213 6
1694347722142 39.409635748793534 7
1694347722316 32.059201231681456 8
1694347722516 26.095043214324754 9
1694347722717 21.25316061381459 10
1694347722911 17.323894651011663 11
1694347723133 14.133388355549046 12
1694347723328 11.540677574411815 13
1694347723531 9.43524293066685 14
1694347723711 7.724044190440095 15
1694347723895 6.331541276004391 16
1694347724081 5.199834818064241 17
1694347724313 4.278896898266809 18
1694347724497 3.5279956850158376 19
1694347724680 2.9171723181784843 20
1694347724850 2.41930855830278 21
1694347725007 2.0122018871081995 22
1694347725184 1.6807427108123876 23
1694347725371 1.409238977667238 24
1694347725590 1.187854175439883 25
1694347725792 1.0067527960455132 26
1694347725982 0.8576054363231896 27
1694347726146 0.7359520854586179 28
1694347726335 0.6354969662327626 29
1694347726559 0.5533771111931504 30
1694347726752 0.48536818610113863 31
1694347726924 0.429617937409107 32
1694347727108 0.3833016569044068 33
1694347727300 0.3452036411248766 34
1694347727497 0.31375293420690065 35
1694347727683 0.28713446144328003 36
1694347727875 0.2654178022364056 37
1694347728071 0.24694864347725876 38
1694347728273 0.23181983082950883 39
1694347728464 0.21889164307748027 40
1694347728654 0.2082493060186544 41
1694347728856 0.19911360812636866 42
1694347729093 0.19154851036595588 43
1694347729286 0.18502792548604352 44
1694347729474 0.17959049949492684 45
1694347729696 0.17488807423868802 46
1694347729865 0.1709349509270918 47
1694347730042 0.16750800326440093 48
1694347730251 0.16460050250744207 49
1694347730415 0.1620769796290258 50
1694347730629 0.15991382113802102 51
1694347730817 0.15803670170824627 52
1694347731010 0.15640928427792689 53
1694347731193 0.15499951206777338 54
1694347731433 0.15376210081257896 55
1694347731611 0.15269378674001785 56
1694347731793 0.15174356677237374 57
1694347731968 0.1509273309627526 58
1694347732169 0.15019100550969627 59
1694347732330 0.14956273420603186 60
1694347732499 0.14898747516483107 61
1694347732699 0.14850069064563845 62
1694347732916 0.1480479928476809 63
1694347733135 0.14766864272139327 64
1694347733328 0.14731012257111584 65
1694347733503 0.14701299594672423 66
1694347733681 0.14672749772614938 67
1694347733896 0.14649374069055385 68
1694347734081 0.14626532679946555 69
1694347734261 0.1460807048985173 70
1694347734453 0.14589724713045363 71
1694347734673 0.14575091872545878 72
1694347734877 0.14560310098466508 73
1694347735058 0.14548674253973304 74
1694347735260 0.14536734736661266 75
1694347735445 0.14527452314080072 76
1694347735631 0.14517791567622904 77
1694347735815 0.1451036186589588 78
1694347736005 0.14502536924710632 79
1694347736203 0.14496568322903525 80
1694347736386 0.1449022883505365 81
1694347736556 0.14485413655633317 82
1694347736735 0.14480281024448854 83
1694347736952 0.1447637664752392 84
1694347737131 0.14472228280967717 85
1694347737322 0.14469042821087333 86
1694347737562 0.14465700123752692 87
1694347737769 0.14463081472526348 88
1694347737960 0.14460400610186006 89
1694347738136 0.14458227987782324 90
1694347738312 0.14456092727753936 91
