1694510107297 0.08441047896217256 0
1694510107452 0.05825429350700012 1
1694510107605 0.009875074361041352 2
1694510107757 0.4592401394503886 3
1694510107922 0.01688761492521047 4
1694510108071 0.10013529821559237 5
1694510108247 0.0019757912064833592 6
1694510108400 0.059162910272104685 7
1694510108580 8.134242996808395e-06 8
1694510108746 0.1546111293418379 9
1694510108905 0.008607660496101933 10
1694510109071 0.14562766046642261 11
1694510109232 0.017501744053167036 12
1694510109386 0.027729348987578093 13
1694510109568 0.00038155226457097646 14
1694510109728 0.019624360512641884 15
1694510109906 0.5243747874332243 16
1694510110074 0.01694700784149473 17
1694510110238 0.8637483740802814 18
1694510110425 0.004453325353989268 19
1694510110618 0.04646616920266696 20
1694510110796 0.042053239190737474 21
1694510110972 0.024094834750509334 22
1694510111138 0.009204693558176236 23
1694510111303 0.22504043682444624 24
1694510111471 0.1769956922062112 25
1694510111660 0.3044956069718604 26
1694510111853 0.05833695807493857 27
1694510112030 0.08141612295995299 28
1694510112201 0.005564765114572569 29
1694510112387 0.006627043787766278 30
1694510112558 0.023759920952930495 31
1694510112757 0.014422437028992383 32
1694510112939 0.018372399331679234 33
1694510113141 0.23379074440173161 34
1694510113317 0.061515470822028157 35
1694510113493 0.0031478798504717765 36
1694510113667 0.22096453220060652 37
1694510113883 0.066803591090427 38
1694510114076 0.19097752548246125 39
1694510114251 0.022944193234935517 40
1694510114423 0.11142023736937698 41
1694510114595 0.017802242388003306 42
1694510114781 0.005702893856175343 43
1694510114976 0.004296941320055718 44
1694510115170 0.042702730013512956 45
1694510115350 0.00018854297593687253 46
1694510115519 0.1398641944998821 47
1694510115694 0.0007575361228050272 48
1694510115869 0.13888407122105667 49
