1694508356338 -60.933318610812194 0
1694508356462 -21.464294992176974 1
1694508356586 -11.087211958649677 2
1694508356709 -7.825787247961252 3
1694508356854 -6.645326545508208 4
1694508356979 -6.196741319575626 5
1694508357102 -6.010476626573626 6
1694508357226 -5.935141395060666 7
1694508357355 -5.909311072957652 8
1694508357480 -5.896091924178864 9
1694508357631 -5.882410351458073 10
1694508357768 -5.885507171004566 11
1694508357886 -5.892697929518115 12
1694508358017 -5.889159585168812 13
1694508358144 -5.877460735046074 14
1694508358262 -5.880003293053139 15
1694508358384 -5.886243075317872 16
1694508358517 -5.890989512550819 17
1694508358640 -5.891753079767211 18
1694508358764 -5.886417861101601 19
1694508358887 -5.8880204696539025 20
1694508359014 -5.881989454330876 21
1694508359138 -5.879972619556492 22
1694508359263 -5.878341364995273 23
1694508359387 -5.873118287041489 24
1694508359504 -5.889152404747462 25
1694508359635 -5.883885600954175 26
1694508359777 -5.886269817168259 27
1694508359937 -5.8811399495610335 28
1694508360069 -5.875378567001695 29
1694508360194 -5.8804841348398575 30
1694508360325 -5.88618297517507 31
1694508360444 -5.884477076412542 32
1694508360573 -5.887644653378338 33
1694508360704 -5.888198701837759 34
1694508360841 -5.885359742090557 35
1694508360970 -5.879932343119232 36
1694508361095 -5.883955920601445 37
1694508361236 -5.88921689246049 38
1694508361376 -5.892407184056833 39
1694508361518 -5.891075004665122 40
1694508361656 -5.886164353961753 41
1694508361802 -5.881465785154002 42
1694508361940 -5.876881041610003 43
1694508362092 -5.886636946706487 44
1694508362233 -5.8863004523026285 45
1694508362359 -5.883744890537102 46
1694508362498 -5.882808286325723 47
1694508362635 -5.881447533735426 48
1694508362777 -5.886134388208354 49
