1694508356259 44.07164092780558 0
1694508356379 16.407680688966014 1
1694508356502 8.957881900908912 2
1694508356629 5.956484625243518 3
1694508356750 5.2339130203538184 4
1694508356897 5.074679427619122 5
1694508357020 5.066045407062146 6
1694508357144 5.04445150444417 7
1694508357272 4.980923382440192 8
1694508357397 4.828422000446855 9
1694508357526 4.748956070648203 10
1694508357678 4.572598623324327 11
1694508357807 4.777075458487909 12
1694508357933 5.151634434760601 13
1694508358058 5.153829007617283 14
1694508358185 4.830331134540167 15
1694508358303 5.009953194106879 16
1694508358425 4.846284690195723 17
1694508358558 4.780518358825391 18
1694508358681 4.834714543467619 19
1694508358806 5.153658864579079 20
1694508358931 4.615367781946562 21
1694508359055 5.124011272510788 22
1694508359180 5.0651245987718365 23
1694508359308 5.140588393220877 24
1694508359426 4.39361976479524 25
1694508359544 4.900158862321903 26
1694508359680 4.819031214123513 27
1694508359828 4.495645401261016 28
1694508359986 4.737752744099016 29
1694508360113 4.502094501193779 30
1694508360240 4.654716142156966 31
1694508360366 4.702672214922289 32
1694508360488 4.724630499205883 33
1694508360616 4.716271563651465 34
1694508360745 4.813694248117872 35
1694508360887 4.7453921983034215 36
1694508361014 5.005925092400881 37
1694508361144 5.120553217909104 38
1694508361284 4.580210894991756 39
1694508361424 4.502602275493476 40
1694508361565 4.710690252949909 41
1694508361708 4.598578438399281 42
1694508361848 4.723564101716306 43
1694508361989 4.915490765792152 44
1694508362141 4.538084780957341 45
1694508362279 5.029663010566714 46
1694508362405 4.507040394412342 47
1694508362544 5.396313206900758 48
1694508362681 4.907736436601676 49
