1694508151502 -121.07212608154508 0
1694508151794 -66.56831610465896 1
1694508152091 -39.131633775108334 2
1694508152344 -24.794015950435938 3
1694508152622 -16.9959871135624 4
1694508152876 -12.577159131589507 5
1694508153108 -9.981431120923858 6
1694508153325 -8.401670030910399 7
1694508153569 -7.419368122183675 8
1694508153799 -6.793424138737315 9
1694508154106 -6.388061524410932 10
1694508154394 -6.126405104014282 11
1694508154690 -5.951687809123746 12
1694508154945 -5.838304179828631 13
1694508155208 -5.761394696094013 14
1694508155478 -5.7118410209135755 15
1694508155733 -5.677354550666807 16
1694508155995 -5.656542025706053 17
1694508156270 -5.639190093188546 18
1694508156529 -5.628891670271059 19
1694508156792 -5.6223815529505705 20
1694508157058 -5.6209190639302955 21
1694508157326 -5.615349650494311 22
1694508157601 -5.614881697336528 23
1694508157871 -5.613813723374273 24
1694508158124 -5.613113544211052 25
1694508158392 -5.615010406218714 26
1694508158656 -5.61358825135765 27
1694508158953 -5.610564047932208 28
1694508159215 -5.608618537060413 29
1694508159481 -5.6097780804499635 30
1694508159730 -5.610501250363213 31
1694508159971 -5.610918982235226 32
1694508160209 -5.610943926963878 33
