1694508151341 96.03617044148783 0
1694508151647 51.22129898567165 1
1694508151942 29.51882138269375 2
1694508152224 14.224137399918536 3
1694508152482 14.855395586927095 4
1694508152755 7.234681251136021 5
1694508152992 5.62639900167041 6
1694508153225 4.733850923432769 7
1694508153446 6.100423038026982 8
1694508153686 3.2737371393006662 9
1694508153964 5.366075014504263 10
1694508154250 3.3108447164790586 11
1694508154544 4.774576486265653 12
1694508154826 7.057133257637476 13
1694508155073 5.874106223785826 14
1694508155339 7.6031700262518065 15
1694508155610 3.8897815788745245 16
1694508155864 2.821587054721082 17
1694508156132 5.191821185435757 18
1694508156400 7.297035214091002 19
1694508156654 3.6683171606909966 20
1694508156923 4.622932875164589 21
1694508157188 4.0331763576468385 22
1694508157453 5.277204819221792 23
1694508157732 3.227258188001089 24
1694508158004 5.203281040613155 25
1694508158259 4.47712324060122 26
1694508158532 5.453494589461641 27
1694508158774 4.503313520461562 28
1694508159084 6.1177232206389816 29
1694508159361 8.188757494949467 30
1694508159612 3.1648538966061786 31
1694508159872 4.035804801491691 32
1694508160104 6.000393399734134 33
