1694510833760 -237.977002387877 0
1694510833912 -233.22444845724613 1
1694510834066 -228.5664827960586 2
1694510834209 -224.00122223751757 3
1694510834344 -219.52682108061592 4
1694510834495 -215.14147039198608 5
1694510834656 -210.84339727285771 6
1694510834797 -206.63086414064816 7
1694510834956 -202.5021680248917 8
1694510835099 -198.45563987722142 9
1694510835236 -194.48964389512238 10
1694510835390 -190.60257685918123 11
1694510835543 -186.79286748356228 12
1694510835684 -183.05897577944555 13
1694510835828 -179.3993924311681 14
1694510835980 -175.81263818481452 15
1694510836132 -172.29726324900733 16
1694510836286 -168.85184670765457 17
1694510836418 -165.4749959444149 18
1694510836572 -162.16534607864543 19
1694510836737 -158.92155941260495 20
1694510836864 -155.7423248896849 21
1694510837003 -152.62635756345017 22
1694510837136 -149.57239807727206 23
1694510837283 -146.57921215434297 24
1694510837434 -143.64559009786458 25
1694510837580 -140.7703463012066 26
1694510837712 -137.95231876783717 27
1694510837861 -135.1903686408294 28
1694510838019 -132.48337974175263 29
1694510838163 -129.83025811876138 30
1694510838303 -127.2299316036981 31
1694510838442 -124.68134937802954 32
1694510838618 -122.1834815474405 33
1694510838759 -119.73531872491222 34
1694510838932 -117.33587162211532 35
1694510839082 -114.98417064895213 36
1694510839217 -112.67926552108518 37
1694510839354 -110.42022487529212 38
1694510839502 -108.20613589249152 39
1694510839638 -106.0361039282858 40
1694510839785 -103.90925215087152 41
1694510839924 -101.8247211861697 42
1694510840059 -99.78166877003214 43
1694510840189 -97.7792694073826 44
1694510840333 -95.8167140381542 45
1694510840468 -93.89320970988744 46
1694510840612 -92.00797925685603 47
1694510840761 -90.16026098558984 48
1694510840908 -88.34930836666774 49
