1694510833664 169.5073192961318 0
1694510833806 166.13317534620637 1
1694510833952 162.82959507464983 2
1694510834111 159.59178179528126 3
1694510834252 156.41842555759627 4
1694510834389 153.30824248839377 5
1694510834543 150.25997430543006 6
1694510834692 147.27238780683 7
1694510834845 144.34427437070005 8
1694510834995 141.47444946473655 9
1694510835140 138.66175216563067 10
1694510835283 135.90504468807404 11
1694510835425 133.2032119231715 12
1694510835581 130.55516098607464 13
1694510835720 127.95982077265015 14
1694510835873 125.41614152500325 15
1694510836022 122.92309440567824 16
1694510836174 120.47967108036308 17
1694510836324 118.0848833089279 18
1694510836456 115.73776254463023 19
1694510836621 113.43735954132433 20
1694510836776 111.18274396851383 21
1694510836902 108.97300403409135 22
1694510837042 106.80724611461093 23
1694510837181 104.684594392943 24
1694510837328 102.60419050316389 25
1694510837479 100.56519318253554 26
1694510837619 98.56677793043347 27
1694510837757 96.60813667408394 28
1694510837904 94.68847744097454 29
1694510838062 92.80702403780428 30
1694510838202 90.96301573584296 31
1694510838342 89.1557069625711 32
1694510838485 87.38436699947563 33
1694510838663 85.64827968587728 34
1694510838807 83.94674312867028 35
1694510838977 82.27906941785508 36
1694510839127 80.644584347749 37
1694510839256 79.04262714376112 38
1694510839399 77.47255019462018 39
1694510839540 75.9337187899463 40
1694510839684 74.42551086306041 41
1694510839823 72.94731673892571 42
1694510839969 71.49853888711952 43
1694510840097 70.07859167973446 44
1694510840235 68.68690115411063 45
1694510840373 67.32290478030218 46
1694510840510 65.98605123318401 47
1694510840651 64.67580016910527 48
1694510840801 63.39162200699937 49
