1694509247078 147.95148154130248 0
1694509247205 129.50734796411635 1
1694509247336 104.64525172183177 2
1694509247468 93.35886414605166 3
1694509247588 80.27028878522616 4
1694509247718 69.46063355196021 5
1694509247850 61.51066449639213 6
1694509247975 50.5456475881656 7
1694509248101 44.583574902807996 8
1694509248231 39.68050930436712 9
1694509248355 33.317545482402835 10
1694509248482 28.315378192360246 11
1694509248610 25.06032546947438 12
1694509248741 21.398222750617165 13
1694509248866 17.382697280341304 14
1694509248997 16.106953327711643 15
1694509249162 14.234439731213214 16
1694509249319 12.300240692419573 17
1694509249448 10.118076084745624 18
1694509249566 8.262501456009455 19
1694509249685 8.099086061187172 20
1694509249817 6.621423538685959 21
1694509249939 6.058499209476322 22
1694509250060 5.397850650369402 23
1694509250178 4.2684315711243315 24
1694509250304 4.3285478215069295 25
1694509250424 3.128281482215821 26
1694509250547 3.3704724352307864 27
1694509250669 2.7155595155323202 28
1694509250794 2.5120288720228476 29
1694509250920 2.132698786919932 30
1694509251042 1.7702737517084925 31
1694509251167 1.599530890125869 32
1694509251292 1.2619029439308374 33
1694509251424 1.020173860609973 34
1694509251548 1.0425042737149381 35
1694509251673 1.1658516582584983 36
1694509251803 0.9567703804892514 37
1694509251927 0.7810323270853917 38
1694509252049 0.6515744161083674 39
1694509252176 0.5850058137028628 40
1694509252296 0.6490709354591996 41
1694509252422 0.5856076339387302 42
1694509252543 0.39922897047160016 43
1694509252662 0.435140426724065 44
1694509252785 0.5037542081651063 45
1694509252914 0.44315340702716005 46
1694509253035 0.49582756722636384 47
1694509253159 0.31066190166778024 48
1694509253282 0.344047134798285 49
