1694510556508 -232.20599819499705 0
1694510556698 -231.73944422599214 1
1694510556901 -231.2738244267751 2
1694510557055 -230.80913692633197 3
1694510557210 -230.34537985739792 4
1694510557360 -229.88255135644943 5
1694510557519 -229.42064956369688 6
1694510557698 -228.9596726230771 7
1694510557877 -228.49961868224585 8
1694510558032 -228.0404858925704 9
1694510558190 -227.58227240912208 10
1694510558356 -227.12497639066882 11
1694510558545 -226.66859599966784 12
1694510558712 -226.21312940225803 13
1694510558868 -225.75857476825297 14
1694510559055 -225.30493027113303 15
1694510559227 -224.85219408803854 16
1694510559387 -224.40036439976205 17
1694510559564 -223.94943939074136 18
1694510559748 -223.49941724905187 19
1694510559949 -223.0502961663994 20
1694510560144 -222.60207433811317 21
1694510560355 -222.15474996313816 22
1694510560565 -221.70832124402813 23
1694510560797 -221.26278638693822 24
1694510560968 -220.8181436016177 25
1694510561151 -220.3743911014031 26
1694510561348 -219.93152710321053 27
1694510561531 -219.48954982752892 28
1694510561724 -219.04845749841266 29
1694510561916 -218.60824834347432 30
1694510562104 -218.16892059387797 31
1694510562279 -217.73047248433144 32
1694510562448 -217.29290225307975 33
1694510562644 -216.8562081418978 34
1694510562837 -216.42038839608338 35
1694510563046 -215.98544126444972 36
1694510563232 -215.55136499931908 37
1694510563426 -215.1181578565153 38
1694510563645 -214.68581809535684 39
1694510563834 -214.25434397864984 40
1694510564028 -213.82373377268104 41
1694510564213 -213.3939857472109 42
1694510564399 -212.96509817546666 43
1694510564591 -212.53706933413525 44
1694510564812 -212.10989750335642 45
1694510565019 -211.68358096671582 46
1694510565222 -211.25811801123825 47
1694510565440 -210.83350692738048 48
1694510565640 -210.40974600902447 49
