1694510556390 169.42810631986347 0
1694510556563 169.0891636667872 1
1694510556754 168.7508997852534 2
1694510556950 168.4133133154083 3
1694510557102 168.07640290012375 4
1694510557253 167.74016718499155 5
1694510557407 167.4046048183183 6
1694510557565 167.06971445111978 7
1694510557751 166.73549473711552 8
1694510557926 166.4019443327235 9
1694510558079 166.06906189705455 10
1694510558240 165.73684609190715 11
1694510558404 165.4052955817619 12
1694510558595 165.0744090337761 13
1694510558762 164.74418511777858 14
1694510558920 164.41462250626424 15
1694510559105 164.08571987438862 16
1694510559274 163.75747589996266 17
1694510559438 163.42988926344728 18
1694510559613 163.10295864794833 19
1694510559803 162.7766827392109 20
1694510560008 162.4510602256143 21
1694510560210 162.12608979816673 22
1694510560431 161.80177015049992 23
1694510560624 161.47809997886392 24
1694510560847 161.1550779821219 25
1694510561020 160.83270286174488 26
1694510561211 160.51097332180638 27
1694510561402 160.1898880689774 28
1694510561584 159.86944581252112 29
1694510561779 159.54964526428762 30
1694510561974 159.23048513870884 31
1694510562162 158.91196415279336 32
1694510562331 158.59408102612107 33
1694510562505 158.27683448083832 34
1694510562704 157.96022324165244 35
1694510562899 157.64424603582694 36
1694510563109 157.3289015931761 37
1694510563291 157.01418864606 38
1694510563485 156.70010592937933 39
1694510563703 156.38665218057042 40
1694510563889 156.07382613960007 41
1694510564081 155.76162654896038 42
1694510564267 155.45005215366402 43
1694510564458 155.13910170123873 44
1694510564657 154.82877394172257 45
1694510564880 154.5190676276589 46
1694510565081 154.2099815140911 47
1694510565288 153.90151435855788 48
1694510565501 153.59366492108805 49
