1694510141422 -114.0725230877005 0
1694510141607 -53.43501526401104 1
1694510141788 -24.786701930290697 2
1694510141978 -11.259872891485013 3
1694510142159 -4.867961529169905 4
1694510142350 -1.849389868538415 5
1694510142530 -0.4265163697845713 6
1694510142703 0.24535309286460671 7
1694510142875 0.5621340963316901 8
1694510143053 0.7111994717098884 9
1694510143250 0.7812757470504781 10
1694510143432 0.8142438322724108 11
1694510143634 0.8293747670676365 12
1694510143833 0.8363376704283341 13
1694510144025 0.8396026594110191 14
1694510144223 0.841055374246778 15
1694510144431 0.8417343989622829 16
1694510144631 0.8420365850893303 17
1694510144835 0.8421597690046352 18
1694510145013 0.8422254858614696 19
1694510145210 0.8422198637264154 20
1694510145400 0.8421935229797792 21
1694510145573 0.8421785841164066 22
1694510145754 0.8421853859647332 23
1694510145928 0.8421636741292955 24
1694510146121 0.8421726195543426 25
1694510146299 0.8421431299699695 26
1694510146471 0.8421638564041132 27
1694510146650 0.8421473179587331 28
1694510146819 0.8421489983562712 29
1694510146998 0.8421333619221979 30
1694510147188 0.8421628994573236 31
1694510147361 0.8421317883471904 32
1694510147537 0.8421138219535347 33
1694510147741 0.8420940727557374 34
1694510147946 0.8421388062557538 35
1694510148123 0.8421622908835145 36
1694510148310 0.8421453998033456 37
1694510148462 0.8421111414337975 38
1694510148638 0.8421275836370741 39
1694510148788 0.8421210908878641 40
1694510148946 0.8421163013247415 41
1694510149103 0.8420935024615155 42
1694510149303 0.8421199067470067 43
1694510149466 0.8421293680655149 44
1694510149631 0.8421500952823042 45
1694510149784 0.8421535956179689 46
1694510149942 0.8421289738767859 47
1694510150109 0.8421383481848017 48
1694510150289 0.8421181903570656 49
