1694510843845 -245.49122409395923 0
1694510844010 -245.00415218696295 1
1694510844146 -244.51804393036292 2
1694510844277 -244.03289746625825 3
1694510844421 -243.548710891091 4
1694510844563 -243.06548230507215 5
1694510844724 -242.5832098121736 6
1694510844872 -242.10189152012046 7
1694510845009 -241.62152554038377 8
1694510845156 -241.14210998817316 9
1694510845295 -240.66364298242937 10
1694510845455 -240.18612264581674 11
1694510845605 -239.70954710471614 12
1694510845763 -239.23391448921734 13
1694510845934 -238.75922293311174 14
1694510846075 -238.28547057388516 15
1694510846204 -237.81265555271034 16
1694510846349 -237.3407760144398 17
1694510846493 -236.86983010759832 18
1694510846636 -236.3998159843761 19
1694510846772 -235.93073180062106 20
1694510846908 -235.46257571583172 21
1694510847068 -234.99534589315024 22
1694510847217 -234.52904049935472 23
1694510847354 -234.06365770485252 24
1694510847489 -233.59919568367266 25
1694510847658 -233.1356526134589 26
1694510847810 -232.6730266754624 27
1694510847965 -232.2113160545349 28
1694510848108 -231.7505189391211 29
1694510848250 -231.29063352125198 30
1694510848397 -230.83165799653744 31
1694510848549 -230.37359056415946 32
1694510848682 -229.91642942686462 33
1694510848825 -229.46017279095756 34
1694510848957 -229.00481886629353 35
1694510849098 -228.55036586627153 36
1694510849249 -228.09681200782725 37
1694510849389 -227.6441555114262 38
1694510849532 -227.19239460105635 39
1694510849687 -226.74152750422166 40
1694510849834 -226.29155245193476 41
1694510849999 -225.84246767871025 42
1694510850132 -225.39427142255738 43
1694510850289 -224.94696192497352 44
1694510850424 -224.50053743093721 45
1694510850562 -224.05499618890101 46
1694510850709 -223.6103364507848 47
1694510850843 -223.16655647196907 48
1694510850984 -222.72365451128772 49
