1694509132156 0.7913525788457937 0
1694509132331 0.8182789087803073 1
1694509132522 0.8180114460618563 2
1694509132712 0.7764716396826874 3
1694509132929 0.8024771376007122 4
1694509133110 0.791013673483364 5
1694509133329 0.8144372560186574 6
1694509133512 0.8044090310890095 7
1694509133697 0.808017985845918 8
1694509133878 0.8091258581566181 9
1694509134072 0.7951006533833618 10
1694509134243 0.7838404576837963 11
1694509134415 0.8057692562854796 12
1694509134616 0.7524248292424048 13
1694509134824 0.8012240115127731 14
1694509135023 0.7950391603108196 15
1694509135210 0.8049419314438897 16
1694509135387 0.8102559407568306 17
1694509135569 0.7920397921203228 18
1694509135749 0.7879276766759393 19
1694509135914 0.7658652571643794 20
1694509136101 0.7730105122379196 21
1694509136281 0.7976240466299955 22
1694509136459 0.8153918345872606 23
1694509136643 0.7948048994211572 24
1694509136823 0.8005014943663131 25
1694509137018 0.7866747477638614 26
1694509137230 0.7999804618231359 27
1694509137462 0.7563970230267614 28
1694509137649 0.7873032798528079 29
1694509137850 0.7655304474608762 30
1694509138019 0.8253140914124346 31
1694509138182 0.7721939752653418 32
1694509138361 0.8091360286647845 33
1694509138556 0.815403516976976 34
1694509138728 0.7945801217387751 35
1694509138935 0.786034937214501 36
1694509139110 0.8072558132910518 37
1694509139278 0.8024173434480533 38
1694509139448 0.7952447205412816 39
1694509139632 0.7784499510308128 40
1694509139803 0.7784494973014319 41
