1694509132075 0.008031178254782063 0
1694509132248 0.2264162049205345 1
1694509132432 0.05471653949700337 2
1694509132614 0.009130683064368851 3
1694509132826 0.06402587742599022 4
1694509133022 0.07061079168541826 5
1694509133204 0.002452318230897715 6
1694509133431 0.004113979514549623 7
1694509133613 0.00033180429197949657 8
1694509133796 0.034116882284151 9
1694509133988 0.029257337045405826 10
1694509134163 0.004605929985511324 11
1694509134332 0.04880920068760462 12
1694509134527 0.00041557929119987407 13
1694509134720 0.0275302107862087 14
1694509134924 0.07867483078827874 15
1694509135129 0.09149187277314533 16
1694509135304 0.007584610259052777 17
1694509135491 0.015141691064682104 18
1694509135669 0.0156228401304982 19
1694509135834 0.010396385870617609 20
1694509136014 0.028250376042392666 21
1694509136202 0.0025218040623835075 22
1694509136369 0.1126847756985967 23
1694509136555 0.2222104793638788 24
1694509136742 0.005563640057750952 25
1694509136934 0.1157854694921118 26
1694509137130 0.0007556630173392107 27
1694509137358 5.090794151697804e-05 28
1694509137558 0.0942070645117576 29
1694509137766 0.28949329705062565 30
1694509137941 0.001613920715102516 31
1694509138104 0.7745032286472681 32
1694509138271 0.18288269532031776 33
1694509138470 0.048629101687555444 34
1694509138646 0.07444662609725873 35
1694509138816 0.2853667685863052 36
1694509139023 0.0468349771313488 37
1694509139197 0.17695089190860275 38
1694509139363 0.0015942244338551978 39
1694509139538 0.008599840362000965 40
1694509139720 0.3028625352909696 41
