1694507654649 -6.112307016250268 0
1694507654918 -6.1429296287234285 1
1694507655180 -6.261877074724209 2
1694507655463 -5.970285996299341 3
1694507655740 -5.703679442819202 4
1694507656020 -5.76220068956405 5
1694507656292 -5.759092106494331 6
1694507656562 -5.818878887429372 7
1694507656835 -6.02416745054458 8
1694507657112 -6.178664024555642 9
1694507657434 -6.45759751099803 10
1694507657703 -6.161510690562883 11
1694507657959 -6.030222978490792 12
1694507658244 -6.1373881641734425 13
1694507658534 -6.9737883285489435 14
1694507658804 -6.036719574945936 15
1694507659095 -6.124996438466309 16
1694507659368 -6.093500973406773 17
1694507659625 -6.118963071314264 18
1694507659899 -5.956832527698493 19
1694507660159 -5.737675560780402 20
1694507660439 -6.091146579813803 21
1694507660725 -6.317198768566299 22
1694507661008 -5.7947917019241055 23
1694507661277 -6.116810552820108 24
1694507661565 -5.931517573825104 25
1694507661840 -5.919376408123494 26
1694507662122 -5.81210158469161 27
1694507662432 -5.917051334682196 28
1694507662723 -5.732118163331679 29
1694507662993 -5.87233548413606 30
1694507663262 -6.263701081805342 31
1694507663512 -5.720881589722384 32
1694507663774 -5.846302253018743 33
1694507664049 -5.829390708643425 34
1694507664342 -5.6942144303523134 35
1694507664614 -5.843748610451756 36
1694507664883 -5.947745802489244 37
1694507665179 -5.971453379011517 38
1694507665448 -6.068214723053455 39
1694507665705 -5.734421052857569 40
1694507665984 -5.948948168976026 41
1694507666218 -5.994464523458712 42
1694507666489 -5.901313650066978 43
1694507666761 -6.0301803070832065 44
1694507667032 -5.588610732585995 45
1694507667282 -5.960359378435102 46
1694507667535 -5.970428622290607 47
1694507667803 -6.037052760611867 48
1694507668083 -5.99325560503997 49
