1694507654513 5.042435674970628 0
1694507654783 8.334868525519456 1
1694507655043 2.6631186947410685 2
1694507655332 2.361424752895641 3
1694507655609 2.6355035760955503 4
1694507655874 10.30273260316212 5
1694507656147 7.078079057941113 6
1694507656429 4.208664284986614 7
1694507656695 2.8515852453210804 8
1694507656987 3.3469738613974553 9
1694507657262 5.652555289744791 10
1694507657581 6.3892982850337425 11
1694507657831 7.566985079331929 12
1694507658095 6.592967586093576 13
1694507658391 3.918087231684141 14
1694507658673 3.7247506044865992 15
1694507658950 3.017210795942805 16
1694507659234 6.15769600967326 17
1694507659491 3.6530661547683145 18
1694507659767 4.47514147666703 19
1694507660039 1.301118881553993 20
1694507660298 5.68793906589335 21
1694507660573 6.596322497474838 22
1694507660875 4.846465696068925 23
1694507661146 6.91159214739895 24
1694507661415 9.488652563869003 25
1694507661708 4.020501649664152 26
1694507661994 4.5629381520247 27
1694507662269 5.17070191292281 28
1694507662576 3.2763261552828964 29
1694507662852 4.536033339509862 30
1694507663133 7.44415882159683 31
1694507663386 3.0684299648873856 32
1694507663640 4.736099412433932 33
1694507663908 10.816686899404417 34
1694507664199 4.258909483201876 35
1694507664466 4.265694759088249 36
1694507664755 4.1988355243255775 37
1694507665009 6.776881564570434 38
1694507665309 3.168915149378917 39
1694507665570 5.078446761410878 40
1694507665843 5.157977504690364 41
1694507666103 5.588669122985611 42
1694507666356 1.5579678569970918 43
1694507666615 3.9506793277265997 44
1694507666887 6.120930691742949 45
1694507667160 6.614316880964223 46
1694507667413 4.105499174266293 47
1694507667663 3.0778768767329003 48
1694507667939 3.525213291955476 49
