1694507859616 5.523258652986401 0
1694507859860 5.641430616557081 1
1694507860102 4.372798269153706 2
1694507860362 4.700661134776951 3
1694507860596 4.1129549792595625 4
1694507860844 3.3570829498896817 5
1694507861095 4.793691486990229 6
1694507861326 6.045423214999729 7
1694507861560 4.748828989498816 8
1694507861810 4.833522373699822 9
1694507862081 5.05333822797155 10
1694507862336 5.842055991753737 11
1694507862623 8.635304857676553 12
1694507862909 6.227537172504925 13
1694507863200 2.3056704953152924 14
1694507863508 3.530740921484269 15
1694507863755 7.725611315791349 16
1694507864035 8.152324744961353 17
1694507864327 1.1345754507773242 18
1694507864613 1.89534976715834 19
1694507864874 5.180772317470324 20
1694507865150 3.579272350622863 21
1694507865425 3.8387927136994806 22
1694507865694 5.809753405802455 23
1694507865940 2.718405356465529 24
1694507866210 5.0691332887241725 25
1694507866498 4.12445302317234 26
1694507866787 2.6826746208752668 27
1694507867072 3.113401313447074 28
1694507867367 3.3155330863997725 29
1694507867652 3.7090897526090054 30
1694507867929 3.435246921422709 31
1694507868186 4.247643295127045 32
1694507868490 4.149823153920341 33
1694507868744 4.022462876873382 34
1694507869045 5.30462779576166 35
1694507869353 1.6249714833887303 36
1694507869652 4.624026175862814 37
1694507869899 3.8311160263131874 38
1694507870180 2.937842016249508 39
1694507870444 5.629951549104506 40
1694507870736 3.3795814031052087 41
1694507871024 3.454780162882956 42
1694507871307 4.9032205091518675 43
1694507871588 5.03715875606728 44
1694507871864 4.393755431915029 45
1694507872102 3.812267503982816 46
1694507872360 5.213619345972963 47
1694507872627 5.859121885218825 48
1694507872917 4.755171217093413 49
