1694490633916 -228.01967452034697 0
1694490634054 -223.50118276740847 1
1694490634184 -219.07220354112243 2
1694490634321 -214.73104974311948 3
1694490634487 -210.47594804022108 4
1694490634616 -206.3051889194335 5
1694490634752 -202.21706359688864 6
1694490634872 -198.2100008425033 7
1694490635012 -194.28235322311562 8
1694490635156 -190.43254326133274 9
1694490635281 -186.65898333227517 10
1694490635406 -182.96024546756266 11
1694490635512 -179.3347983247881 12
1694490635647 -175.7811862562646 13
1694490635774 -172.29793334992826 14
1694490635954 -168.8837439782616 15
1694490636080 -165.53719384535145 16
1694490636203 -162.25693971676426 17
1694490636328 -159.04160868312692 18
1694490636455 -155.89002737109965 19
1694490636573 -152.80087019175753 20
1694490636712 -149.77289763580413 21
1694490636827 -146.8048317649069 22
1694490636961 -143.89561214401473 23
1694490637086 -141.04400420128556 24
1694490637210 -138.2488641364078 25
1694490637339 -135.50900157584695 26
1694490637465 -132.82346041920158 27
1694490637574 -130.1910900205721 28
1694490637709 -127.61076394230733 29
1694490637838 -125.08159363208385 30
1694490637991 -122.60248983515555 31
1694490638136 -120.17245878805512 32
1694490638270 -117.79044980564585 33
1694490638395 -115.45566543178155 34
1694490638574 -113.16708909577929 35
1694490638763 -110.92380375329265 36
1694490638891 -108.72482863223898 37
1694490639050 -106.56945044687913 38
1694490639177 -104.4567196424796 39
1694490639299 -102.38578996612284 40
1694490639427 -100.35574509893277 41
1694490639557 -98.36594953021073 42
1694490639695 -96.41551549380682 43
1694490639831 -94.50357447458141 44
1694490639964 -92.62953993774673 45
1694490640106 -90.79257004027116 46
1694490640258 -88.99192950663367 47
1694490640407 -87.22680549394438 48
1694490640529 -85.49667947184219 49
