1694490633820 169.42810631986347 0
1694490633953 166.05396746635364 1
1694490634094 162.7784530849749 2
1694490634217 159.56765823386883 3
1694490634368 156.4207109816113 4
1694490634525 153.3361510945044 5
1694490634659 150.31273899914012 6
1694490634790 147.3490651846156 7
1694490634913 144.44432828633532 8
1694490635055 141.59716583787736 9
1694490635193 138.80643403997385 10
1694490635319 136.07081757007305 11
1694490635442 133.389606498464 12
1694490635552 130.76152875876232 13
1694490635682 128.18552892010615 14
1694490635823 125.66037875018472 15
1694490635991 123.18545231215832 16
1694490636117 120.75956113768049 17
1694490636238 118.3817313316231 18
1694490636362 116.0508151977869 19
1694490636490 113.76626393653046 20
1694490636608 111.52696639663289 21
1694490636747 109.33202391471482 22
1694490636866 107.18036327834106 23
1694490636997 105.07150651049798 24
1694490637120 103.00441397683 25
1694490637250 100.97825642947308 26
1694490637379 98.99202955028177 27
1694490637500 97.04532036962951 28
1694490637612 95.13715541313621 29
1694490637752 93.26658078179294 30
1694490637880 91.43322473853821 31
1694490638037 89.63616218093254 32
1694490638183 87.87467267385219 33
1694490638309 86.14786214944505 34
1694490638434 84.45541498446954 35
1694490638635 82.7964637275231 36
1694490638806 81.17034358152733 37
1694490638936 79.57621601418288 38
1694490639089 78.01381687339702 39
1694490639211 76.48233205718327 40
1694490639333 74.9811481060823 41
1694490639466 73.50947787704078 42
1694490639597 72.06710441626568 43
1694490639733 70.65326299694506 44
1694490639869 69.2672046405009 45
1694490640006 67.90874120889667 46
1694490640145 66.57714460145634 47
1694490640299 65.2718818348399 48
1694490640442 63.99224852435764 49
