1694491281174 140.46099167132684 0
1694491281270 124.58339360348832 1
1694491281378 108.18765255378487 2
1694491281471 94.62981674363569 3
1694491281564 78.33633881371019 4
1694491281665 68.41404611411396 5
1694491281759 58.406799636899215 6
1694491281864 53.02058968199465 7
1694491281970 42.12190273656678 8
1694491282065 37.87856950048765 9
1694491282170 33.757400994209306 10
1694491282277 29.57850003336225 11
1694491282383 25.787534331999105 12
1694491282488 21.843013793868163 13
1694491282596 18.917407082912444 14
1694491282709 15.659181836774893 15
1694491282805 12.828230585044077 16
1694491282910 11.910671040297421 17
1694491283006 10.148945691414538 18
1694491283097 9.01435943119488 19
1694491283201 7.1899777967232374 20
1694491283306 6.4144578423649135 21
1694491283409 5.7700854831517026 22
1694491283511 4.819599003072277 23
1694491283613 4.308514027349087 24
1694491283715 3.1859640892953145 25
1694491283817 3.3311668807731554 26
1694491283910 2.845028429089188 27
1694491284015 2.608746606820169 28
1694491284123 2.23060156370162 29
1694491284221 2.070212853285931 30
1694491284323 1.3266268778912609 31
1694491284434 1.3551810977369332 32
1694491284533 1.2289536465877018 33
1694491284633 1.0981104098941383 34
1694491284744 0.7889311126312708 35
1694491284850 0.8354589637068672 36
1694491284959 0.6953723562624355 37
1694491285066 0.6902876812557052 38
1694491285173 0.6214838609125902 39
1694491285276 0.5196092910761431 40
1694491285381 0.40112633636525374 41
1694491285471 0.4183655861915208 42
1694491285567 0.30244060535621053 43
1694491285677 0.4162617385574523 44
1694491285773 0.23591630417183565 45
1694491285862 0.3225743425495488 46
1694491285961 0.2317501903893188 47
1694491286062 0.1825508259363285 48
1694491286168 0.09885379454601892 49
