1694491207471 -54.01800010876143 0
1694491207566 -11.374563324375305 1
1694491207680 -1.9051956398337553 2
1694491207771 0.2024409832405908 3
1694491207873 0.6751935587163894 4
1694491207975 0.7812336937819752 5
1694491208078 0.8063337608054243 6
1694491208194 0.8124650218063986 7
1694491208309 0.8139107311892813 8
1694491208416 0.8143316955209035 9
1694491208518 0.8145867333601587 10
1694491208621 0.8146672520303218 11
1694491208715 0.8146006327718707 12
1694491208810 0.8144098508349291 13
1694491208924 0.8143918292912705 14
1694491209026 0.8145957374856885 15
1694491209129 0.8144597071040457 16
1694491209231 0.8146309050575629 17
1694491209326 0.814576807133809 18
1694491209431 0.8146039130019805 19
1694491209529 0.8146852996380469 20
1694491209635 0.81479829502623 21
1694491209737 0.8145538727797427 22
1694491209829 0.8145488269976133 23
1694491209925 0.8144633535835404 24
1694491210024 0.8145074836158002 25
1694491210126 0.8146952236829579 26
1694491210230 0.8145388875702894 27
1694491210335 0.8145040748487941 28
1694491210439 0.814511894944886 29
1694491210527 0.8146236688412252 30
1694491210615 0.8147357299345741 31
1694491210704 0.8146770985730342 32
1694491210795 0.8146714255013747 33
1694491210904 0.8145284851430686 34
1694491211010 0.8143922491974342 35
1694491211108 0.8143762742967411 36
1694491211210 0.8145992645343447 37
1694491211307 0.8145949863717334 38
1694491211399 0.8147511176528404 39
1694491211494 0.8148276446338012 40
1694491211596 0.8146450456274313 41
1694491211704 0.8146630192416634 42
1694491211823 0.8147805195036482 43
1694491212002 0.8147028843216142 44
1694491212178 0.8146835122425582 45
1694491212316 0.8146421099141159 46
1694491212458 0.8145580485461871 47
1694491212611 0.8144844369513969 48
1694491212760 0.814427400441593 49
