1694491207408 39.06968013479254 0
1694491207507 8.30444454550422 1
1694491207606 1.8748187915034433 2
1694491207710 0.5586985324819961 3
1694491207806 0.1583241298441722 4
1694491207909 0.1602358255817666 5
1694491208010 0.11363654831009465 6
1694491208117 0.1157935010008506 7
1694491208231 0.09578021890210763 8
1694491208344 0.09864913961940278 9
1694491208450 0.1438398260792098 10
1694491208553 0.1222026991691263 11
1694491208652 0.08106052610731043 12
1694491208749 0.08840811544262117 13
1694491208846 0.10854848354435666 14
1694491208959 0.11199857344815427 15
1694491209062 0.10947039468951017 16
1694491209164 0.11894910275671035 17
1694491209262 0.10789931152645099 18
1694491209362 0.13543096074029212 19
1694491209466 0.13666913381254273 20
1694491209564 0.11348209446450076 21
1694491209670 0.09469424007469363 22
1694491209772 0.14100347699128085 23
1694491209862 0.08968408034350694 24
1694491209955 0.10544943787587165 25
1694491210058 0.2095026691137231 26
1694491210161 0.12011524844653745 27
1694491210268 0.07197315719166993 28
1694491210370 0.09406873248455587 29
1694491210470 0.11883086953180863 30
1694491210557 0.10487702623503352 31
1694491210646 0.10463829143647359 32
1694491210735 0.08266226681513851 33
1694491210830 0.136380968200838 34
1694491210942 0.08822237956458473 35
1694491211040 0.12536874981386445 36
1694491211143 0.10316435739628294 37
1694491211245 0.11490643835747383 38
1694491211338 0.13138989006446675 39
1694491211429 0.1309535277316169 40
1694491211528 0.07690822942571687 41
1694491211633 0.15109523721854784 42
1694491211746 0.16738290740801112 43
1694491211894 0.09376920817409362 44
1694491212066 0.09550404424776239 45
1694491212232 0.09716286895773188 46
1694491212361 0.14875704378158977 47
1694491212508 0.10277313296935438 48
1694491212662 0.07649448919907102 49
