1694489366998 -6.17481821066471 0
1694489367142 -6.007090462112393 1
1694489367286 -6.272756275764724 2
1694489367427 -6.0429644156058595 3
1694489367578 -5.918741716731305 4
1694489367721 -5.932779641756854 5
1694489367880 -5.83826221903726 6
1694489368042 -5.858719953579626 7
1694489368184 -5.985311057684959 8
1694489368340 -5.866775533871145 9
1694489368494 -6.211802635316496 10
1694489368635 -5.8334261513088785 11
1694489368778 -6.103665340024742 12
1694489368922 -5.98973771316565 13
1694489369067 -5.923919861183998 14
1694489369213 -6.290173558097912 15
1694489369345 -5.906670237712493 16
1694489369482 -6.025694713281813 17
1694489369627 -6.125635893798694 18
1694489369769 -5.887756578563989 19
1694489369905 -5.955521610584995 20
1694489370034 -6.173879091353498 21
1694489370184 -5.735020430164492 22
1694489370320 -6.131636827723264 23
1694489370457 -6.18155730024714 24
1694489370601 -5.712295350447532 25
1694489370743 -6.029578649018376 26
1694489370887 -5.903548065886622 27
1694489371030 -5.978395351553679 28
1694489371172 -5.857480867930913 29
1694489371310 -6.34106594515748 30
1694489371450 -5.965391653643441 31
1694489371592 -5.873984340717723 32
1694489371733 -5.593688505831373 33
1694489371876 -5.752134497843201 34
1694489372022 -6.0537170085604055 35
1694489372163 -6.174186515032665 36
1694489372301 -6.13191545095716 37
1694489372445 -5.808666801919591 38
1694489372592 -5.94055941183862 39
1694489372727 -6.191511306704202 40
1694489372868 -5.937790501316705 41
1694489373031 -6.103599397672267 42
1694489373176 -6.16356110326479 43
1694489373317 -5.950918091987439 44
1694489373450 -5.851022781192908 45
1694489373586 -5.89819563898558 46
1694489373716 -6.479969714085579 47
1694489373849 -5.930883938292712 48
1694489373987 -6.09233561777039 49
