1694489366931 5.3959778835197385 0
1694489367074 7.441245123363311 1
1694489367219 5.648400142652795 2
1694489367362 4.188557061148057 3
1694489367511 2.269806392905178 4
1694489367655 2.4736467858951032 5
1694489367797 3.8986959094401534 6
1694489367978 7.427273307720799 7
1694489368115 5.924135959331814 8
1694489368268 4.1953519132905095 9
1694489368425 2.155206288255851 10
1694489368569 1.250841471798001 11
1694489368711 4.521248308655793 12
1694489368853 3.7316206584472265 13
1694489369000 6.542564761144413 14
1694489369147 11.527136698467537 15
1694489369288 5.59905265850494 16
1694489369417 4.857997542635619 17
1694489369561 2.6483284855567777 18
1694489369701 4.318765851731074 19
1694489369843 2.276566907836606 20
1694489369978 1.6711210765136026 21
1694489370123 3.1880557744415707 22
1694489370262 0.33236290382086386 23
1694489370390 2.965141595200858 24
1694489370534 8.054139610351012 25
1694489370676 1.5215122432916055 26
1694489370818 1.81508138555539 27
1694489370963 6.43387357221113 28
1694489371106 3.222942422133622 29
1694489371246 1.9177866746883105 30
1694489371384 5.731879585767241 31
1694489371525 2.8411836835994153 32
1694489371667 9.012481308314847 33
1694489371809 4.310733788709516 34
1694489371956 6.723280190871457 35
1694489372099 6.137569483275324 36
1694489372240 3.0088181526501976 37
1694489372377 2.6643870532676557 38
1694489372522 5.748203656477237 39
1694489372670 5.81952348795806 40
1694489372802 3.2159682304535826 41
1694489372960 9.809800861337484 42
1694489373111 3.726254150382254 43
1694489373252 5.400933385536342 44
1694489373393 4.099642661963882 45
1694489373526 2.480070665027101 46
1694489373660 5.259208477057086 47
1694489373792 4.291761367753357 48
1694489373923 7.348611358839858 49
