1694507891760 -128.241921786166 0
1694507892011 -70.67573175378324 1
1694507892302 -41.6547605962502 2
1694507892580 -26.4702601301887 3
1694507892844 -18.201481216039575 4
1694507893111 -13.51269234843066 5
1694507893393 -10.748871567647292 6
1694507893655 -9.072657870675368 7
1694507893943 -8.024529423252652 8
1694507894197 -7.357570653833626 9
1694507894464 -6.929095414800027 10
1694507894752 -6.648696618243565 11
1694507895051 -6.465625529483387 12
1694507895316 -6.34469349725674 13
1694507895595 -6.265177072333858 14
1694507895857 -6.214910219533809 15
1694507896150 -6.178523771698102 16
1694507896448 -6.15265740673012 17
1694507896743 -6.132559329018364 18
1694507897017 -6.124091841291573 19
1694507897274 -6.118824528486673 20
1694507897545 -6.11378743966292 21
1694507897813 -6.1106964442254785 22
1694507898071 -6.107192993292059 23
1694507898333 -6.104506212900402 24
1694507898645 -6.104134429791557 25
1694507898913 -6.104273984931582 26
1694507899161 -6.1038034326301 27
1694507899404 -6.103208608476818 28
1694507899663 -6.102273883182034 29
1694507899938 -6.105728462159978 30
1694507900227 -6.105152756223595 31
1694507900536 -6.1052118234843835 32
