1694252008649 27174.864077669903 0
1694252008806 21017.47427179516 1
1694252008988 17066.0155247233 2
1694252009190 14227.872976466928 3
1694252009372 12058.479361527992 4
1694252009539 10348.025272230223 5
1694252009730 8979.031949098293 6
1694252009898 7874.97616440678 7
1694252010065 6980.713447673617 8
1694252010249 6254.2372791403 9
1694252010454 5662.655459519418 10
1694252010605 5179.951288706297 11
1694252010750 4785.17003276705 12
1694252010902 4461.597224733184 13
1694252011091 4195.79993226585 14
1694252011269 3976.9620908819447 15
1694252011423 3796.4335143081667 16
1694252011638 3647.0868617653327 17
1694252011815 3523.2216660207628 18
1694252011978 3420.2388429634966 19
1694252012144 3334.371987749449 20
1694252012336 3262.578094147988 21
1694252012477 3202.3809417368234 22
1694252012634 3151.7620152194954 23
1694252012800 3109.072964416758 24
1694252012975 3072.9652420375055 25
1694252013132 3042.333470263306 26
1694252013310 3016.2697981768515 27
1694252013474 2994.0270705734665 28
1694252013630 2974.9890698495033 29
1694252013807 2958.6464423333855 30
1694252013962 2944.57719825991 31
1694252014125 2932.430895756585 32
1694252014303 2921.915795540984 33
1694252014460 2912.788413797579 34
1694252014665 2904.845013217461 35
1694252014830 2897.9146622147464 36
1694252015003 2891.8535644471312 37
1694252015180 2886.5404185874545 38
1694252015335 2881.8726146957924 39
1694252015519 2877.763110816386 40
1694252015680 2874.137863393629 41
1694252015862 2870.933709219696 42
1694252016024 2868.096616053454 43
1694252016172 2865.5802347126973 44
1694252016333 2863.3446980807535 45
1694252016476 2861.3556226772816 46
1694252016660 2859.5832766967214 47
1694252016811 2858.0018850974366 48
1694252016976 2856.589047735668 49
1694252017147 2855.325250926446 50
1694252017327 2854.193456375943 51
1694252017537 2853.178754324783 52
1694252017699 2852.268070097557 53
1694252017873 2851.449915172721 54
1694252018064 2850.714175452389 55
1694252018218 2850.0519306899637 56
1694252018387 2849.455300079135 57
1694252018558 2848.9173098642004 58
1694252018735 2848.431779534156 59
1694252018904 2847.993223740188 60
1694252019066 2847.596767551152 61
1694252019231 2847.2380730532036 62
1694252019404 2846.9132756230933 63
1694252019594 2846.6189284722104 64
1694252019760 2846.3519542802574 65
1694252019907 2846.1096029217 66
1694252020076 2845.8894144415126 67
1694252020282 2845.689186564715 68
1694252020431 2845.5069461311755 69
1694252020622 2845.340923936817 70
1694252020777 2845.1895325377063 71
1694252020919 2845.051346636883 72
1694252021090 2844.9250857273673 73
1694252021242 2844.8095987100455 74
1694252021408 2844.70385024358 75
1694252021567 2844.606908616167 76
1694252021735 2844.5179349568116 77
1694252021881 2844.4361736276264 78
1694252022052 2844.3609436590464 79
1694252022231 2844.2916311073745 80
1694252022392 2844.22768222919 81
1694252022553 2844.1685973801395 82
1694252022698 2844.1139255569246 83
1694252022890 2844.0632595110715 84
1694252023063 2844.0162313715186 85
1694252023233 2843.9725087205256 86
1694252023410 2843.931791073773 87
1694252023558 2843.8938067212366 88
1694252023725 2843.8583098903127 89
1694252023899 2843.825078197045 90
1694252024046 2843.793910355089 91
1694252024197 2843.764624115412 92
1694252024363 2843.7370544127243 93
1694252024525 2843.711051697196 94
1694252024677 2843.6864804323664 95
1694252024844 2843.6632177422002 96
