1694509517217 -228.01967452034697 0
1694509517387 -223.49659835104953 1
1694509517551 -219.06325423311284 2
1694509517752 -214.71791045440852 3
1694509517937 -210.45878851116802 4
1694509518129 -206.2841737575846 5
1694509518333 -202.1923524379335 6
1694509518517 -198.18174848392252 7
1694509518670 -194.25070983576742 8
1694509518834 -190.39765439749013 9
1694509518978 -186.62099007444695 10
1694509519125 -182.91928456392216 11
1694509519309 -179.29100238964793 12
1694509519482 -175.73468374977054 13
1694509519623 -172.24884871642226 14
1694509519779 -168.83219778202988 15
1694509519938 -165.48330296271143 16
1694509520108 -162.20081728910796 17
1694509520270 -158.98336424632453 18
1694509520461 -155.82976699029243 19
1694509520608 -152.73869664745595 20
1694509520767 -149.70891035187037 21
1694509520921 -146.73912693033665 22
1694509521064 -143.8282828456705 23
1694509521243 -140.9751406061097 24
1694509521453 -138.17855339583878 25
1694509521633 -135.43732794116917 26
1694509521809 -132.75050537127123 27
1694509521990 -130.11693244998162 28
1694509522164 -127.53547999083267 29
1694509522341 -125.00525689490094 30
1694509522521 -122.52517154077955 31
1694509522691 -120.09422767020651 32
1694509522851 -117.71137220950408 33
1694509523055 -115.37580543167745 34
1694509523261 -113.08650867532766 35
1694509523436 -110.84256265722938 36
1694509523596 -108.64298446875843 37
1694509523718 -106.48705880101843 38
1694509523867 -104.37383425770226 39
1694509523997 -102.3024625773132 40
1694509524133 -100.27202553158016 41
1694509524317 -98.28188580895797 42
1694509524488 -96.33115402656539 43
1694509524681 -94.41895982098588 44
1694509524903 -92.54471500528471 45
1694509525084 -90.70757627115812 46
1694509525253 -88.90680668584032 47
1694509525439 -87.141591844115 48
1694509525652 -85.41141174750395 49
