1694509517085 169.4281063198635 0
1694509517266 166.05396746635367 1
1694509517439 162.77512925403045 2
1694509517609 159.56117024497408 3
1694509517806 156.41118546820448 4
1694509517986 153.32371128518878 5
1694509518185 150.2975042326969 6
1694509518389 147.3311512041235 7
1694509518563 144.42384713967968 8
1694509518719 141.57422655636347 9
1694509518874 138.78114214427728 10
1694509519017 136.04327535527472 11
1694509519169 133.35991292446465 12
1694509519361 130.7297801199794 13
1694509519528 128.1518183431375 14
1694509519674 125.62479647074466 15
1694509519828 123.14808555549887 16
1694509519984 120.72049478066515 17
1694509520153 118.34104739309502 18
1694509520334 116.0085931082818 19
1694509520503 113.72258040886688 20
1694509520649 111.48189608147482 21
1694509520810 109.28563888456208 22
1694509520969 107.13273329079426 23
1694509521113 105.02269886923374 24
1694509521298 102.95449418160237 25
1694509521508 100.92728765457456 26
1694509521681 98.94007290204566 27
1694509521862 96.99243473805203 28
1694509522038 95.0833981171223 29
1694509522221 93.2120070510562 30
1694509522383 91.377887746864 31
1694509522577 89.58011368849787 32
1694509522741 87.81796250177565 33
1694509522923 86.09053842838473 34
1694509523110 84.39752398704464 35
1694509523318 82.73805050668155 36
1694509523487 81.11145144148615 37
1694509523632 79.51688675467493 38
1694509523756 77.95409061410213 39
1694509523908 76.42224787265354 40
1694509524040 74.92074349370168 41
1694509524197 73.4487889973493 42
1694509524367 72.00616590974818 43
1694509524550 70.5921086159298 44
1694509524741 69.20586673023267 45
1694509524963 67.84725070171896 46
1694509525137 66.5155316468519 47
1694509525303 65.21017526745658 48
1694509525495 63.93047609810918 49
