1694508397610 -229.14008296958448 0
1694508397750 -225.71868211317812 1
1694508397893 -222.35320459033514 2
1694508398035 -219.04282936552246 3
1694508398181 -215.78645579446663 4
1694508398313 -212.5833838243053 5
1694508398443 -209.43256797224265 6
1694508398581 -206.33308891857195 7
1694508398723 -203.28418239178276 8
1694508398868 -200.28490297806306 9
1694508398996 -197.33434456647683 10
1694508399129 -194.43189868862567 11
1694508399277 -191.57669476622468 12
1694508399417 -188.76778254140237 13
1694508399552 -186.00444642638573 14
1694508399683 -183.28583667512626 15
1694508399810 -180.61124992661513 16
1694508399930 -177.98004789521542 17
1694508400051 -175.3914807817497 18
1694508400172 -172.84462957153602 19
1694508400293 -170.33904184412268 20
1694508400412 -167.8738557894022 21
1694508400531 -165.44840675851407 22
1694508400661 -163.0620194718516 23
1694508400779 -160.71406176710764 24
1694508400905 -158.4038931400629 25
1694508401026 -156.13086656801474 26
1694508401150 -153.89437363116605 27
1694508401274 -151.69374311658538 28
1694508401404 -149.52838521660325 29
1694508401536 -147.39775633794667 30
1694508401664 -145.30118072154724 31
1694508401789 -143.23820920622586 32
1694508401920 -141.20828996062548 33
1694508402046 -139.21071498198754 34
1694508402169 -137.24501048516436 35
1694508402292 -135.31061458132822 36
1694508402417 -133.4070985144252 37
1694508402549 -131.53390687382446 38
1694508402682 -129.69044503962576 39
1694508402811 -127.87625498054123 40
1694508402959 -126.0908541724045 41
1694508403087 -124.33382119618244 42
1694508403221 -122.60466179558297 43
1694508403351 -120.90285260367398 44
1694508403477 -119.22787369940141 45
1694508403618 -117.57953308726188 46
1694508403755 -115.95714105222669 47
1694508403883 -114.36036829947669 48
1694508404010 -112.78875236163529 49
