1694489330616 -119.67961701938574 0
1694489330763 -62.459102388169626 1
1694489330911 -35.50357359031466 2
1694489331052 -22.19694750540239 3
1694489331202 -15.28418225721941 4
1694489331361 -11.51693185340443 5
1694489331504 -9.37696442183227 6
1694489331640 -8.115812221216654 7
1694489331796 -7.355332674868013 8
1694489331940 -6.890103891253364 9
1694489332074 -6.601275475455304 10
1694489332212 -6.422716106582909 11
1694489332355 -6.3068811682492685 12
1694489332498 -6.233704228370818 13
1694489332647 -6.1895201895422725 14
1694489332786 -6.156158982537709 15
1694489332915 -6.138641209493847 16
1694489333057 -6.12515396318554 17
1694489333202 -6.118881234438507 18
1694489333337 -6.113539239800463 19
1694489333478 -6.110744083333193 20
1694489333623 -6.106758277356621 21
1694489333772 -6.107340711494762 22
1694489333923 -6.102573391305843 23
1694489334079 -6.1022015089853925 24
1694489334226 -6.10435769802302 25
1694489334375 -6.107811891587567 26
1694489334514 -6.106638904102289 27
1694489334659 -6.105403778192504 28
1694489334801 -6.105783554045383 29
1694489334943 -6.105629827674294 30
1694489335081 -6.105353574543554 31
1694489335225 -6.1016121603295215 32
1694489335368 -6.10099468970036 33
1694489335514 -6.105269534997475 34
1694489335657 -6.107027447682618 35
1694489335791 -6.108469095694391 36
1694489335938 -6.104448924386194 37
1694489336094 -6.099635634264415 38
1694489336242 -6.099917724266016 39
1694489336387 -6.103732472683976 40
1694489336533 -6.100766690610099 41
1694489336682 -6.097712635704651 42
1694489336826 -6.097598714528559 43
1694489336971 -6.099532105620973 44
1694489337117 -6.096996041454678 45
1694489337261 -6.099905920127528 46
1694489337405 -6.104564433445883 47
1694489337548 -6.105324723070834 48
1694489337696 -6.106464366844567 49
