1694489330547 111.33153175550846 0
1694489330696 39.82131821436373 1
1694489330841 27.045303219371494 2
1694489330987 13.864882713929946 3
1694489331134 9.33783558229128 4
1694489331292 7.474775886591561 5
1694489331440 6.425763932672921 6
1694489331583 6.0771264589234715 7
1694489331728 5.532642247881866 8
1694489331877 4.0498820966572415 9
1694489332017 9.534681809552596 10
1694489332150 5.148449355622075 11
1694489332289 3.6592273188854136 12
1694489332434 1.4165039146376677 13
1694489332579 5.334495245710282 14
1694489332726 5.6204861010049285 15
1694489332859 6.297518354710491 16
1694489332990 5.723738207904428 17
1694489333135 4.321989221607736 18
1694489333280 6.69859766921622 19
1694489333413 5.420636117560676 20
1694489333556 3.734206486595873 21
1694489333701 2.661650915323457 22
1694489333862 3.4710817051599117 23
1694489334011 4.101132520819105 24
1694489334159 3.227302475788496 25
1694489334304 3.647059784509026 26
1694489334452 4.833702653436997 27
1694489334592 2.959609091824799 28
1694489334736 5.485161995433209 29
1694489334879 5.559572990749022 30
1694489335025 4.4305226024749045 31
1694489335159 3.8245567845992876 32
1694489335302 6.200958911028367 33
1694489335447 2.114150625176884 34
1694489335592 5.22294101170461 35
1694489335735 3.9491046731830233 36
1694489335873 4.0271766989892415 37
1694489336025 2.9826332896506815 38
1694489336175 5.032685233048867 39
1694489336322 6.811645795193864 40
1694489336466 4.628233493768711 41
1694489336613 6.844085909499822 42
1694489336760 6.254022471333669 43
1694489336907 5.079325843759678 44
1694489337051 4.390441022718855 45
1694489337194 3.6092646670283335 46
1694489337339 6.6168213999552 47
1694489337483 6.254347517391859 48
1694489337626 5.101277321986048 49
