1694508431627 -212.50164141482873 0
1694508431759 -183.70721200528567 1
1694508431883 -159.19589349150988 2
1694508432019 -138.30492441303394 3
1694508432152 -120.47544194365284 4
1694508432285 -105.23765151114569 5
1694508432407 -92.193790310146 6
1694508432538 -81.01371708492567 7
1694508432661 -71.41264604424143 8
1694508432782 -63.1556836050996 9
1694508432903 -56.042174275606754 10
1694508433025 -49.901735801819605 11
1694508433154 -44.592458448224335 12
1694508433274 -39.99285190353894 13
1694508433405 -36.00085805810384 14
1694508433527 -32.529299039575214 15
1694508433643 -29.504393794893467 16
1694508433770 -26.86350336676159 17
1694508433892 -24.55291981150361 18
1694508434011 -22.527918455569754 19
1694508434143 -20.749308452351 20
1694508434281 -19.184315707492598 21
1694508434402 -17.804308618910746 22
1694508434545 -16.58527560407306 23
1694508434667 -15.506333887608228 24
1694508434787 -14.549840066131118 25
1694508434916 -13.70006526720175 26
1694508435034 -12.943953574713145 27
1694508435157 -12.269852526442163 28
1694508435285 -11.668183271986777 29
1694508435403 -11.130074254901723 30
1694508435527 -10.648316982414284 31
1694508435651 -10.216258090603082 32
1694508435774 -9.828578887469234 33
1694508435898 -9.479915439788899 34
1694508436020 -9.166016538954047 35
1694508436146 -8.883202602783097 36
1694508436281 -8.628140083643904 37
1694508436415 -8.397780673322659 38
1694508436547 -8.189689222440373 39
1694508436669 -8.001226525298216 40
1694508436793 -7.83062960612984 41
1694508436916 -7.67618606953126 42
1694508437053 -7.535934331069582 43
1694508437193 -7.408650211358687 44
1694508437338 -7.293141713598805 45
1694508437482 -7.188435665067049 46
1694508437623 -7.092929353373032 47
1694508437758 -7.0060910183376865 48
1694508437897 -6.927149475655781 49
