1694508431532 149.2988243964292 0
1694508431674 123.94239836936659 1
1694508431798 110.937110112274 2
1694508431931 96.27300198135053 3
1694508432063 82.28992536810874 4
1694508432195 71.55342382213429 5
1694508432327 66.27185600849363 6
1694508432447 54.10582653164984 7
1694508432580 48.95942764317961 8
1694508432703 44.2087242002175 9
1694508432821 39.22249913250235 10
1694508432945 35.58750648207181 11
1694508433070 31.307838792525345 12
1694508433194 27.956612234475795 13
1694508433314 24.628001510173917 14
1694508433446 23.443182084027615 15
1694508433566 20.59931391254984 16
1694508433684 19.117841714837322 17
1694508433810 17.88160578195962 18
1694508433934 15.739032047958567 19
1694508434051 14.858224743464447 20
1694508434197 14.032764729983201 21
1694508434324 13.251137112704809 22
1694508434445 12.074887129454366 23
1694508434587 11.49439777979651 24
1694508434709 10.996322032447472 25
1694508434832 9.736792031924171 26
1694508434956 9.56740462956355 27
1694508435076 8.811207444177679 28
1694508435199 8.375440449290382 29
1694508435325 8.842998373943843 30
1694508435443 7.750537897129036 31
1694508435568 8.185343480909822 32
1694508435691 7.490541004353843 33
1694508435816 7.400212451452734 34
1694508435938 6.941799860488547 35
1694508436063 6.690085251052184 36
1694508436189 6.503480501800074 37
1694508436326 6.269862470251014 38
1694508436457 6.150611805923446 39
1694508436590 6.1860665594646616 40
1694508436712 5.897204823431998 41
1694508436835 6.052389635674568 42
1694508436963 5.800792691359345 43
1694508437100 5.321451434454149 44
1694508437240 5.502756503400289 45
1694508437388 5.109641287203221 46
1694508437530 5.803993320308879 47
1694508437669 5.679489114492308 48
1694508437805 5.307965938883731 49
