1694508074353 -6.142665724049205 0
1694508074639 -6.014394267656234 1
1694508074911 -5.906100676606973 2
1694508075190 -5.9751809700950975 3
1694508075453 -5.81000210601222 4
1694508075696 -5.7329300936805545 5
1694508075953 -6.032917673059776 6
1694508076225 -6.465685264499868 7
1694508076512 -5.893835686892261 8
1694508076801 -6.006368322699084 9
1694508077072 -5.970326618199828 10
1694508077323 -6.065947277716704 11
1694508077584 -5.857099511904928 12
1694508077857 -6.296819547172343 13
1694508078130 -6.299179714360922 14
1694508078419 -5.929109689242991 15
1694508078684 -5.987472868877868 16
1694508078974 -5.757719708665379 17
1694508079232 -5.814470687277224 18
1694508079493 -6.030184633008488 19
1694508079758 -5.931799567274165 20
1694508080019 -6.227252469715788 21
1694508080282 -5.756951777654317 22
1694508080558 -5.898633443640876 23
1694508080828 -5.897283060628003 24
1694508081119 -6.023642781132281 25
1694508081364 -6.165872732292134 26
1694508081678 -5.723847363316007 27
1694508081922 -6.398307983961347 28
1694508082184 -5.954034629630092 29
1694508082436 -5.93501678826113 30
1694508082698 -5.827816971088184 31
1694508082982 -7.005060531311752 32
1694508083267 -5.9040625785254495 33
1694508083587 -5.771331378364481 34
1694508083857 -6.179093980132354 35
1694508084146 -5.832859300005378 36
1694508084435 -5.7433619066021615 37
1694508084702 -5.691218684457581 38
1694508084938 -6.2568771119122335 39
1694508085180 -6.142664272097586 40
1694508085425 -6.321440902165432 41
1694508085658 -5.903846897172879 42
1694508085887 -6.062491084485937 43
1694508086156 -6.142554887886327 44
1694508086387 -6.022603856110882 45
1694508086627 -5.88759629383119 46
1694508086867 -5.777206158568372 47
1694508087095 -5.681804260320704 48
1694508087338 -6.028482830890576 49
