1694508074211 3.8905983989037125 0
1694508074493 4.260759475726748 1
1694508074776 5.645892239335058 2
1694508075039 4.462191955249944 3
1694508075334 5.375348589341884 4
1694508075579 6.264668613890668 5
1694508075829 2.783533873451717 6
1694508076083 3.437103473660348 7
1694508076364 4.450398101096935 8
1694508076653 2.633814611179117 9
1694508076932 2.504878583179161 10
1694508077196 6.07918125905013 11
1694508077453 3.746806285529614 12
1694508077723 7.302903768723926 13
1694508077984 3.251421402971838 14
1694508078268 2.507802232319785 15
1694508078548 7.515653246341202 16
1694508078819 3.9080650275602498 17
1694508079116 4.007764888158626 18
1694508079353 4.65399793035503 19
1694508079636 3.999265076526643 20
1694508079891 5.021350021994453 21
1694508080158 3.6616912047681174 22
1694508080415 3.6954201478967157 23
1694508080698 5.183941504629859 24
1694508080982 6.447242694575997 25
1694508081241 4.467714387871872 26
1694508081510 4.001428029808954 27
1694508081793 3.414478284686648 28
1694508082052 3.9391772460774486 29
1694508082310 5.2474259763196125 30
1694508082566 4.586953410056615 31
1694508082834 1.5594847566275707 32
1694508083120 6.933578745822277 33
1694508083396 3.1209821820557173 34
1694508083717 4.119113390033542 35
1694508083993 3.840030304119229 36
1694508084280 5.798594449891501 37
1694508084570 5.090581219829431 38
1694508084831 5.402713151477397 39
1694508085072 4.290010608528865 40
1694508085316 2.18657532303416 41
1694508085556 5.2249801842827095 42
1694508085780 5.279855280898588 43
1694508086041 7.617259709930944 44
1694508086275 4.3388600168924985 45
1694508086525 4.412694296136155 46
1694508086763 5.303556241503508 47
1694508086986 6.979347079119652 48
1694508087237 2.364027910991239 49
