1694509455178 -212.10664180639088 0
1694509455307 -182.98940930902089 1
1694509455442 -157.87225396006176 2
1694509455571 -136.20784443588116 3
1694509455692 -117.5132968616513 4
1694509455822 -101.38706872019908 5
1694509455957 -87.46962843900292 6
1694509456088 -75.46168359158638 7
1694509456218 -65.09943422830595 8
1694509456343 -56.15594551950664 9
1694509456465 -48.435544600437765 10
1694509456597 -41.771486422921456 11
1694509456716 -36.017118930064605 12
1694509456835 -31.0502230829819 13
1694509456959 -26.760520380940797 14
1694509457087 -23.055095644981154 15
1694509457209 -19.854627549814975 16
1694509457343 -17.089508421624792 17
1694509457466 -14.700886133691482 18
1694509457597 -12.635311844174394 19
1694509457720 -10.850366098117233 20
1694509457847 -9.30690111055931 21
1694509457972 -7.971836565739315 22
1694509458092 -6.816953608129745 23
1694509458213 -5.817946201263363 24
1694509458339 -4.95310833318208 25
1694509458478 -4.204520119899762 26
1694509458601 -3.556121415924239 27
1694509458721 -2.994319202088127 28
1694509458854 -2.50740889387145 29
1694509458976 -2.085252997158778 30
1694509459102 -1.7192093669460347 31
1694509459226 -1.4015048447837737 32
1694509459352 -1.1256858297328165 33
1694509459480 -0.8861126347377652 34
1694509459605 -0.6778968640389906 35
1694509459728 -0.49690005012742255 36
1694509459853 -0.33946798159106395 37
1694509459978 -0.20239583762802393 38
1694509460103 -0.08297739960941874 39
1694509460226 0.021096693154056156 40
1694509460355 0.11190333763513693 41
1694509460486 0.19117556839612426 42
1694509460623 0.26050572277930995 43
1694509460749 0.3210843713097862 44
1694509460876 0.3741339507834428 45
1694509460999 0.42056503421574876 46
1694509461123 0.46129975810777024 47
1694509461244 0.49705314514350196 48
1694509461370 0.5284858342118242 49
