1694509455095 143.0430167172338 0
1694509455219 128.497077231968 1
1694509455352 107.4898176778686 2
1694509455490 93.53084310096214 3
1694509455612 80.16773993197516 4
1694509455737 71.42478939394006 5
1694509455871 60.03598362865462 6
1694509455997 53.61724300671429 7
1694509456132 48.12208902797175 8
1694509456261 39.29052025788859 9
1694509456384 34.020807907595945 10
1694509456513 28.78201458520657 11
1694509456636 24.920876907389392 12
1694509456757 22.638826460638732 13
1694509456872 19.241378093032885 14
1694509456998 15.58056879948472 15
1694509457128 14.640043007025094 16
1694509457251 11.923487576114546 17
1694509457385 10.693914030770774 18
1694509457509 9.199884782809526 19
1694509457639 8.203754091253272 20
1694509457763 7.068499735365376 21
1694509457887 6.345245732220626 22
1694509458013 5.2993153167978555 23
1694509458134 4.786586256720801 24
1694509458255 4.127018395766268 25
1694509458385 3.158081134682688 26
1694509458518 3.471255001367413 27
1694509458642 2.781199092078481 28
1694509458771 2.3251752769062968 29
1694509458896 2.210673301143395 30
1694509459017 1.8686970189065084 31
1694509459143 1.694445449291586 32
1694509459268 1.43641073710443 33
1694509459397 1.301567199861901 34
1694509459521 1.1908785534062902 35
1694509459646 0.981518399373767 36
1694509459774 0.7136086784521684 37
1694509459896 0.7371092102011063 38
1694509460022 0.6949135654032956 39
1694509460147 0.5904190315287169 40
1694509460272 0.520451183735769 41
1694509460396 0.5167306013951851 42
1694509460531 0.5356929283810412 43
1694509460672 0.4227170669610712 44
1694509460795 0.47871602543192854 45
1694509460919 0.31234808412728166 46
1694509461041 0.21964261803533316 47
1694509461162 0.3493960254975137 48
1694509461289 0.25486159400423825 49
