1694489559353 -61.90712893071322 0
1694489559459 -21.931268372050095 1
1694489559569 -11.417863659616348 2
1694489559658 -8.069546259311569 3
1694489559755 -6.857957973577803 4
1694489559857 -6.3976361805961846 5
1694489559956 -6.223187286592628 6
1694489560058 -6.14502898260582 7
1694489560185 -6.1249457992568725 8
1694489560284 -6.119378579038634 9
1694489560371 -6.116650571099659 10
1694489560467 -6.1074893923117175 11
1694489560569 -6.106880812573762 12
1694489560658 -6.09730416154635 13
1694489560757 -6.103858531557026 14
1694489560859 -6.1119217265189585 15
1694489560957 -6.109148719437324 16
1694489561052 -6.113991700066769 17
1694489561153 -6.112952436948662 18
1694489561255 -6.1138698453574944 19
1694489561363 -6.118144910959492 20
1694489561464 -6.110803459373615 21
1694489561562 -6.094729632843489 22
1694489561661 -6.095097307710724 23
1694489561759 -6.0995643275618 24
1694489561854 -6.091825941226253 25
1694489561955 -6.094853638529959 26
1694489562052 -6.103912584895991 27
1694489562155 -6.094773957019324 28
1694489562242 -6.092531429298911 29
1694489562340 -6.106229768795764 30
1694489562431 -6.109347263432027 31
1694489562520 -6.100222756515311 32
1694489562624 -6.110965575054847 33
1694489562723 -6.1039283175581405 34
1694489562813 -6.09495512756618 35
1694489562900 -6.106520550850719 36
1694489562990 -6.107248333616979 37
1694489563085 -6.109416068157903 38
1694489563169 -6.103926064880276 39
1694489563265 -6.099086461874172 40
1694489563363 -6.095482869914761 41
1694489563461 -6.101270859390352 42
1694489563558 -6.109811553712142 43
1694489563656 -6.105185458298169 44
1694489563756 -6.105664515679724 45
1694489563857 -6.10770584659316 46
1694489563942 -6.095783238037336 47
1694489564039 -6.095198364394763 48
1694489564140 -6.092802661602005 49
