1694489559286 42.593666901566415 0
1694489559392 15.50700858636737 1
1694489559498 8.01231377320379 2
1694489559604 6.169628132144413 3
1694489559687 5.6801387368459135 4
1694489559789 4.974822597902606 5
1694489559892 4.825573125189484 6
1694489559989 4.906787228475844 7
1694489560096 4.644303158522956 8
1694489560222 4.831353412333622 9
1694489560314 4.478055043550481 10
1694489560401 4.78683318694704 11
1694489560501 5.17051065241397 12
1694489560603 4.683602528322656 13
1694489560694 4.954383409761459 14
1694489560793 4.525547163361826 15
1694489560894 4.616130259179792 16
1694489560992 4.750840328069632 17
1694489561086 4.467604476953069 18
1694489561187 5.101291280892684 19
1694489561294 4.671395393900647 20
1694489561399 4.789469759626568 21
1694489561495 4.821026447576992 22
1694489561595 4.955856183943903 23
1694489561691 4.697778737269521 24
1694489561789 4.667366948865268 25
1694489561888 4.749646987103067 26
1694489561989 4.934372370806913 27
1694489562087 4.920234009211003 28
1694489562186 4.698622275679063 29
1694489562274 4.699527683027841 30
1694489562374 4.531415412321941 31
1694489562461 4.825778153519826 32
1694489562557 4.496725935503818 33
1694489562658 4.833573043074523 34
1694489562758 4.872456699179891 35
1694489562842 5.100339733256658 36
1694489562928 4.633963884769491 37
1694489563018 4.819330241832077 38
1694489563113 4.915570815418662 39
1694489563200 5.032647421837538 40
1694489563300 4.4623287894313135 41
1694489563395 4.745730306900397 42
1694489563495 4.500394793457864 43
1694489563591 5.330081307405234 44
1694489563690 4.745584709625249 45
1694489563790 5.058351378357903 46
1694489563886 4.607729648304591 47
1694489563975 4.719510173214651 48
1694489564073 4.959339079322734 49
