1694507533643 -6.936743748529963 0
1694507533933 -6.082598364010757 1
1694507534202 -6.190570199155783 2
1694507534449 -6.000024571790208 3
1694507534701 -6.107822473870633 4
1694507534943 -6.206227638796279 5
1694507535167 -6.127513298448002 6
1694507535405 -6.039252739055397 7
1694507535681 -6.116083849445598 8
1694507535980 -6.083917157339485 9
1694507536277 -6.058731244822457 10
1694507536564 -6.131337603315877 11
1694507536837 -6.07460983363376 12
1694507537117 -6.03840133755729 13
1694507537388 -6.020953965786194 14
1694507537649 -6.174557178911447 15
1694507537919 -6.109624058967867 16
1694507538191 -6.10851945509891 17
1694507538445 -6.046172744118296 18
1694507538714 -6.014376110927245 19
1694507538992 -6.0990178805156825 20
1694507539260 -6.026304836289074 21
1694507539502 -6.1705169963121795 22
1694507539765 -6.132911351195843 23
1694507540046 -6.0741813862616505 24
1694507540324 -6.165430178568886 25
1694507540597 -6.149568596800592 26
1694507540896 -6.072205594994332 27
1694507541186 -6.052975830369355 28
1694507541483 -6.004852943692817 29
1694507541750 -6.0863089687179 30
1694507542023 -6.130940356567156 31
1694507542307 -6.124347210823952 32
1694507542571 -6.0787702196811795 33
1694507542840 -6.107498403474257 34
1694507543116 -6.058787227227039 35
1694507543391 -6.046497125180439 36
1694507543664 -6.11012817081113 37
1694507543942 -6.103484005291456 38
1694507544219 -6.077946363633135 39
1694507544497 -6.151082182328343 40
1694507544750 -6.117824438381918 41
1694507545036 -6.054827487751501 42
1694507545327 -6.1164326809628475 43
1694507545601 -6.134391037336216 44
1694507545883 -6.181253683744438 45
1694507546149 -6.110543788709191 46
1694507546481 -6.166001980977247 47
1694507546775 -6.1222153206476095 48
1694507547050 -6.127161329942184 49
