1694507533512 6.63684713084847 0
1694507533787 5.542836860976722 1
1694507534063 3.105146071924921 2
1694507534323 0.3768892947468083 3
1694507534572 5.110693940431721 4
1694507534834 8.202872547483905 5
1694507535074 4.500525793921977 6
1694507535301 4.87780987847995 7
1694507535551 3.489517340810683 8
1694507535828 3.2676792871606737 9
1694507536126 2.6969200171618177 10
1694507536412 6.876470259222784 11
1694507536704 3.7488689777653326 12
1694507536985 5.404412114719845 13
1694507537259 3.853746267888378 14
1694507537519 5.645703996313347 15
1694507537777 7.5379403380551375 16
1694507538057 6.41306855961897 17
1694507538327 5.3555772272983235 18
1694507538583 3.7990141557702732 19
1694507538850 6.391166308258425 20
1694507539129 3.5041781186198775 21
1694507539382 4.30398692823868 22
1694507539629 3.2748604493380427 23
1694507539910 3.3923735608036827 24
1694507540186 4.764290475766558 25
1694507540469 5.343519524907617 26
1694507540734 4.569882706102164 27
1694507541032 5.926029778546184 28
1694507541329 5.37917139067567 29
1694507541624 3.170559870425018 30
1694507541895 9.437990743679832 31
1694507542164 5.992117602612393 32
1694507542446 7.1839792088614285 33
1694507542707 3.648337375864016 34
1694507542976 3.697538514400075 35
1694507543264 6.186641620904429 36
1694507543526 2.855843170550526 37
1694507543806 6.57292670607565 38
1694507544080 4.493912369512023 39
1694507544356 4.641259523701755 40
1694507544620 4.301410246527395 41
1694507544899 4.487900979930673 42
1694507545163 6.244522720164965 43
1694507545472 3.6223987208681785 44
1694507545745 7.776042555807483 45
1694507546020 3.706551468666315 46
1694507546316 6.218887294242258 47
1694507546632 3.3108343704114 48
1694507546920 6.213274077921522 49
