1694348823765 169.42810631986347 0
1694348823968 137.21548551010306 1
1694348824204 111.68333003379061 2
1694348824408 91.3937742380096 3
1694348824587 75.22533572688748 4
1694348824760 62.30241690070823 5
1694348824955 51.9406272957629 6
1694348825149 43.60436191513063 7
1694348825372 36.87387592138614 8
1694348825581 31.419719092030643 9
1694348825799 26.982875571678033 10
1694348825987 23.35932759349838 11
1694348826188 20.38805065757997 12
1694348826398 17.941671227039002 13
1694348826623 15.919191092872257 14
1694348826844 14.240316582359885 15
1694348827028 12.841034575200336 16
1694348827255 11.670157679409979 17
1694348827472 10.686623192130343 18
1694348827679 9.857378719706142 19
1694348827866 9.155724722442677 20
1694348828062 8.560013232337639 21
1694348828256 8.052624463102527 22
1694348828442 7.619160458801599 23
1694348828645 7.2478084467785715 24
1694348828850 6.928837052000652 25
1694348829048 6.654196674764008 26
1694348829236 6.417201659439039 27
1694348829423 6.212276797199031 28
1694348829648 6.034754527000406 29
1694348829846 5.880712171701987 30
1694348830059 5.74684086016038 31
1694348830263 5.6303395887077805 32
1694348830471 5.528829280791436 33
1694348830671 5.4402828002714445 34
1694348830878 5.362967730611824 35
1694348831069 5.29539940224218 36
1694348831283 5.23630217507003 37
1694348831488 5.184577394596609 38
1694348831692 5.139276763274145 39
1694348831900 5.0995801230235 40
1694348832129 5.064776845279548 41
1694348832312 5.034250183273994 42
1694348832511 5.0074640666307495 43
1694348832704 4.983951917850949 44
1694348832895 4.963307149449487 45
1694348833081 4.945175063702006 46
1694348833284 4.9292459275536675 47
1694348833499 4.915249035874428 48
1694348833718 4.902947608992696 49
1694348833939 4.892134396926351 50
1694348834148 4.882627884233726 51
1694348834345 4.874269006933315 52
1694348834556 4.866918307281683 53
1694348834740 4.86045346398122 54
1694348834935 4.854767145108783 55
1694348835138 4.8497651391068715 56
1694348835356 4.845364725874587 57
1694348835545 4.841493255586295 58
1694348835740 4.83808690755228 59
1694348835953 4.835089605379333 60
1694348836170 4.832452068019145 61
1694348836404 4.830130979114709 62
1694348836626 4.828088259454459 63
1694348836824 4.826290429390432 64
1694348837074 4.8247080498272625 65
1694348837273 4.823315231890458 66
1694348837463 4.822089206673355 67
1694348837646 4.821009947575016 68
1694348837870 4.820059838702232 69
1694348838062 4.819223383640627 70
1694348838301 4.818486949620759 71
1694348838507 4.817838542731078 72
1694348838714 4.817267610374081 73
1694348838912 4.816764867635887 74
1694348839101 4.816322144652551 75
1694348839310 4.8159322524171655 76
1694348839519 4.815588864786393 77
1694348839707 4.815286414720696 78
1694348839890 4.815020003033083 79
1694348840083 4.814785318132162 80
1694348840281 4.814578565429963 81
1694348840472 4.814396405246753 82
1694348840712 4.814235898187057 83
1694348840938 4.814094457085605 84
1694348841150 4.813969804731044 85
1694348841351 4.81385993667129 86
1694348841549 4.813763088488477 87
1694348841752 4.813677707005422 88
1694348841976 4.813602424950594 89
1694348842147 4.813536038665454 90
1694348842333 4.813477488488405 91
1694348842545 4.813425841493483 92
1694348842766 4.813380276300874 93
