1694509945301 0.7175036460887569 0
1694509945485 0.8425217396034483 1
1694509945662 0.8411708214273941 2
1694509945842 0.8426336524917728 3
1694509946019 0.8414806079795082 4
1694509946187 0.8409949315874632 5
1694509946369 0.8421581883817215 6
1694509946567 0.8416661198129374 7
1694509946747 0.8421754734215632 8
1694509946935 0.8411207733918696 9
1694509947109 0.8420617556595476 10
1694509947287 0.841812927271938 11
1694509947475 0.842017287262302 12
1694509947654 0.8410393487105271 13
1694509947833 0.8422569713513386 14
1694509948006 0.841510700798321 15
1694509948222 0.8423876532886085 16
1694509948392 0.8425991158835622 17
1694509948571 0.8421355511284693 18
1694509948742 0.842270954031783 19
1694509948920 0.8426002762377354 20
1694509949091 0.8415292925765306 21
1694509949261 0.8422258167458436 22
1694509949459 0.8420222884248127 23
1694509949651 0.8424278644497477 24
1694509949861 0.8424887446991407 25
1694509950029 0.8425694486387009 26
1694509950201 0.8414121301981659 27
1694509950370 0.8421285993379382 28
1694509950543 0.8423166425636543 29
1694509950743 0.8415292437822267 30
1694509950918 0.8409478699970394 31
1694509951104 0.8421952098723371 32
1694509951276 0.8425426474000333 33
1694509951467 0.8411551309872489 34
1694509951622 0.8426991267608024 35
1694509951797 0.8419918327246046 36
1694509951977 0.8417464054524325 37
1694509952131 0.8407852766297724 38
1694509952327 0.8417353147243942 39
1694509952486 0.84206604805107 40
1694509952652 0.8423182309162814 41
1694509952817 0.8421655015153984 42
1694509952982 0.8409204781774511 43
1694509953136 0.8416396288578409 44
1694509953317 0.8422554016409092 45
1694509953505 0.8428281271813678 46
1694509953678 0.8424454481900003 47
1694509953840 0.8416519330526533 48
1694509954027 0.8417011181039166 49
