1694509945205 0.06775500609694046 0
1694509945392 0.06922031457727869 1
1694509945579 0.11126633845740494 2
1694509945760 0.08549485675669766 3
1694509945940 0.004894298690725529 4
1694509946102 0.00056637699259282 5
1694509946276 4.388074420803644e-05 6
1694509946478 0.05384145810095449 7
1694509946654 0.023088163200644003 8
1694509946846 0.006386837454394965 9
1694509947024 0.8727418023434098 10
1694509947195 0.010372953324674274 11
1694509947377 0.1865559011966131 12
1694509947572 0.0265872763866956 13
1694509947741 0.13407411833670344 14
1694509947919 0.03407403657924169 15
1694509948125 0.03605855097972722 16
1694509948307 0.01849552360927853 17
1694509948479 0.19426604762213986 18
1694509948657 0.1494791426628174 19
1694509948832 0.013173608004630914 20
1694509949007 1.1882850971376109 21
1694509949177 0.1331173383538908 22
1694509949366 0.012951982145697443 23
1694509949559 0.013870867830571638 24
1694509949770 0.0023657595307017376 25
1694509949945 0.012273955153754344 26
1694509950117 0.11443178589593758 27
1694509950287 0.042962336874009244 28
1694509950458 0.017745599754621543 29
1694509950650 0.15091633350336825 30
1694509950828 0.28115144333202113 31
1694509951019 0.007041101879345093 32
1694509951191 0.03397240713873299 33
1694509951383 0.04832008218416194 34
1694509951547 0.02304712526278543 35
1694509951713 7.695356212995514e-05 36
1694509951899 0.2103036602691642 37
1694509952057 2.3426293223367613e-05 38
1694509952253 0.047806837677779025 39
1694509952408 0.09664217148157807 40
1694509952569 0.0026759838019609133 41
1694509952739 0.02243534955342853 42
1694509952903 0.051387667566676974 43
1694509953062 0.0014979709878192352 44
1694509953245 0.19121307499658372 45
1694509953426 0.005088480815834624 46
1694509953602 0.00018026807753142928 47
1694509953759 0.012767185778052317 48
1694509953950 0.17328243332732757 49
