1694251564233 27641.16990291262 0
1694251564463 22366.479033576263 1
1694251564686 18560.630202513406 2
1694251564856 15655.967034303603 3
1694251565025 13377.859178692903 4
1694251565181 11566.596343631387 5
1694251565344 10115.224079311838 6
1694251565505 8945.910829992608 7
1694251565687 7999.591806042398 8
1694251565884 7230.533417405134 9
1694251566080 6602.9676782963525 10
1694251566238 6088.761745063495 11
1694251566426 5665.7023743762975 12
1694251566593 5316.194539122698 13
1694251566792 5026.259909981969 14
1694251567003 4784.760519590975 15
1694251567159 4582.79452734122 16
1694251567335 4413.224661909632 17
1694251567508 4270.309425599071 18
1694251567709 4149.414116492517 19
1694251567901 4046.7839732659027 20
1694251568099 3959.3657512128425 21
1694251568346 3884.667112984673 22
1694251568530 3820.6455884523984 23
1694251568731 3765.6206907204937 24
1694251568881 3718.204194395642 25
1694251569040 3677.244682592792 26
1694251569206 3641.7833234289246 27
1694251569371 3611.0185006642723 28
1694251569565 3584.2774396390814 29
1694251569736 3560.993371851972 30
1694251569934 3540.6870950353036 31
1694251570118 3522.952030210255 32
1694251570298 3507.442068288489 33
1694251570465 3493.8616482171797 34
1694251570667 3481.957625662068 35
1694251570844 3471.512582947965 36
1694251571011 3462.339302988758 37
1694251571194 3454.27618656229 38
1694251571350 3447.1834368821287 39
1694251571556 3440.9398706059255 40
1694251571714 3435.4402422379053 41
1694251571886 3430.5929909209412 42
1694251572053 3426.318336112271 43
1694251572210 3422.546662565115 44
1694251572394 3419.21714615373 45
1694251572569 3416.2765809746857 46
1694251572748 3413.678375296863 47
1694251572913 3411.3816896812205 48
1694251573100 3409.3506952351495 49
1694251573287 3407.553933730341 50
1694251573505 3405.9637643752285 51
1694251573688 3404.555884533093 52
1694251573880 3403.3089137259685 53
1694251574054 3402.2040319502153 54
1694251574210 3401.2246647218285 55
1694251574396 3400.3562084239366 56
1694251574600 3399.5857904897252 57
1694251574805 3398.9020597567596 58
1694251574984 3398.2950030019506 59
1694251575202 3397.755784233094 60
1694251575372 3397.276603791597 61
1694251575541 3396.8505747267623 62
1694251575722 3396.4716142469915 63
