1694489632280 -209.19756746849458 0
1694489632380 -180.79954857757417 1
1694489632479 -156.630173319235 2
1694489632580 -136.03282593083253 3
1694489632680 -118.45903821452197 4
1694489632783 -103.44128129252283 5
1694489632893 -90.58993230962076 6
1694489632988 -79.57479940617179 7
1694489633087 -70.11874966915866 8
1694489633175 -61.98634625005444 9
1694489633278 -54.98237518389065 10
1694489633379 -48.938523830833745 11
1694489633477 -43.71252023383325 12
1694489633581 -39.18653093427924 13
1694489633691 -35.259144290827535 14
1694489633798 -31.84419552895632 15
1694489633901 -28.869062230853842 16
1694489634001 -26.271890029046176 17
1694489634104 -24.000447443714407 18
1694489634198 -22.009746294629046 19
1694489634299 -20.26182307080565 20
1694489634398 -18.724077181952346 21
1694489634486 -17.368028218886852 22
1694489634586 -16.170685972208666 23
1694489634685 -15.11091007293803 24
1694489634787 -14.171446673193353 25
1694489634886 -13.336783757439385 26
1694489634990 -12.594369878531484 27
1694489635090 -11.932504863722198 28
1694489635184 -11.34217876704984 29
1694489635281 -10.814348261580097 30
1694489635386 -10.34174967136537 31
1694489635485 -9.918193676282945 32
1694489635584 -9.537793013756806 33
1694489635684 -9.195951224353882 34
1694489635772 -8.888099779277647 35
1694489635876 -8.610804796678353 36
1694489635975 -8.36046808043788 37
1694489636063 -8.134712460241241 38
1694489636160 -7.930537570590785 39
1694489636265 -7.74592596543339 40
1694489636353 -7.578760593488502 41
1694489636439 -7.427118692492508 42
1694489636528 -7.289726995495263 43
1694489636630 -7.16519338890704 44
1694489636734 -7.052177679736824 45
1694489636835 -6.949401568290958 46
1694489636931 -6.855983527896025 47
1694489637027 -6.770861464611867 48
1694489637122 -6.693554347313559 49
