1694490415320 -212.34063455534758 0
1694490415430 -183.19272065497216 1
1694490415537 -158.04606118301055 2
1694490415647 -136.35560408280853 3
1694490415742 -117.64049915483733 4
1694490415840 -101.49535687757074 5
1694490415941 -87.56554026355022 6
1694490416046 -75.54415406872543 7
1694490416149 -65.16985565670366 8
1694490416256 -56.21653481936396 9
1694490416355 -48.489289989342126 10
1694490416447 -41.818444222098826 11
1694490416549 -36.059092682932345 12
1694490416645 -31.0855650196562 13
1694490416743 -26.790835065239722 14
1694490416846 -23.082126638233113 15
1694490416946 -19.878168452013348 16
1694490417048 -17.109517955830054 17
1694490417149 -14.717026636733175 18
1694490417239 -12.649844553967483 19
1694490417327 -10.862632577861056 20
1694490417422 -9.31744489341534 21
1694490417527 -7.981195405658948 22
1694490417629 -6.825181081949577 23
1694490417725 -5.824714383284573 24
1694490417826 -4.958935048373289 25
1694490417912 -4.209404171130847 26
1694490418008 -3.560413232446927 27
1694490418092 -2.9980822889141585 28
1694490418186 -2.5107906156813535 29
1694490418279 -2.0881660759871536 30
1694490418370 -1.7216588590841404 31
1694490418470 -1.4036412008085413 32
1694490418575 -1.127576011285473 33
1694490418683 -0.8877610285406001 34
1694490418781 -0.679333463755927 35
1694490418881 -0.49816873960965546 36
1694490418982 -0.340550019377718 37
1694490419080 -0.20332245371437585 38
1694490419175 -0.08372565016532008 39
1694490419266 0.020474348110293916 40
1694490419367 0.11143799109312402 41
1694490419468 0.19082456323267216 42
1694490419570 0.2601526122370563 43
1694490419658 0.320780346957382 44
1694490419748 0.3738674215570762 45
1694490419839 0.42036508040881115 46
1694490419932 0.46116497715689986 47
1694490420023 0.4969088877985125 48
1694490420128 0.5283263765789393 49
