1694490415258 147.45983545033567 0
1694490415356 122.83910362563009 1
1694490415465 109.4985152790202 2
1694490415575 94.82062362573696 3
1694490415681 82.251344438153 4
1694490415775 69.63867280093996 5
1694490415874 60.50329953052087 6
1694490415976 52.749909782181376 7
1694490416080 44.190394765857725 8
1694490416185 38.82434976382273 9
1694490416291 34.055629481656005 10
1694490416383 28.616328454300668 11
1694490416484 24.51326070561362 12
1694490416580 21.349797608312823 13
1694490416675 19.099692162927287 14
1694490416779 16.27378101795996 15
1694490416880 14.352967690058923 16
1694490416981 12.636837703142715 17
1694490417083 11.128881365047327 18
1694490417180 8.785064880772316 19
1694490417268 7.928341327623602 20
1694490417356 6.71589710114183 21
1694490417456 6.250240848641789 22
1694490417563 5.471052451715884 23
1694490417658 4.764143034587056 24
1694490417759 4.345481247538262 25
1694490417855 3.534322266970492 26
1694490417944 3.0337394745307966 27
1694490418037 2.893998171518621 28
1694490418123 2.096347859310062 29
1694490418221 2.0053652805660658 30
1694490418313 1.783638624333747 31
1694490418404 1.5909329718486511 32
1694490418508 1.2553497453554106 33
1694490418610 1.30655819749153 34
1694490418713 1.3659862078722902 35
1694490418814 0.8537059789165898 36
1694490418915 0.7674086655814453 37
1694490419013 0.6600171756157771 38
1694490419114 0.7914917976349827 39
1694490419204 0.6224668021121893 40
1694490419301 0.7447901276066563 41
1694490419402 0.5203150591811821 42
1694490419502 0.43284315167605947 43
1694490419599 0.4209343454278914 44
1694490419687 0.44996607582336895 45
1694490419781 0.3832826373588231 46
1694490419875 0.4187711720239293 47
1694490419966 0.3005202025361921 48
1694490420061 0.3168433402668093 49
