1694508621739 -242.1228281196216 0
1694508621937 -241.64161934280264 1
1694508622098 -241.16145891431123 2
1694508622300 -240.68234451367937 3
1694508622495 -240.20427376728222 4
1694508622677 -239.7272443070063 5
1694508622838 -239.25125377023556 6
1694508623004 -238.7762997998392 7
1694508623192 -238.3023800441577 8
1694508623389 -237.82949215699097 9
1694508623575 -237.35763379758492 10
1694508623754 -236.8868026306188 11
1694508623944 -236.41699632619262 12
1694508624133 -235.94821255981407 13
1694508624304 -235.48044901238606 14
1694508624487 -235.01370337019415 15
1694508624677 -234.54797332489335 16
1694508624848 -234.0832565734962 17
1694508625011 -233.61955081835973 18
1694508625181 -233.15685376717303 19
1694508625365 -232.69516313294466 20
1694508625519 -232.23447663399028 21
1694508625688 -231.7747919939201 22
1694508625846 -231.3161069416264 23
1694508626033 -230.85841921127107 24
1694508626215 -230.40172654227362 25
1694508626390 -229.9460266792981 26
1694508626590 -229.49131737224155 27
1694508626779 -229.0375963762212 28
1694508626963 -228.58486145156223 29
1694508627152 -228.13311036378587 30
1694508627299 -227.682340883597 31
1694508627491 -227.23255078687168 32
1694508627646 -226.7837378546455 33
1694508627831 -226.33589987310123 34
1694508628027 -225.8890346335565 35
1694508628185 -225.4431399324523 36
1694508628328 -224.99821357134024 37
1694508628519 -224.5542533568713 38
1694508628713 -224.11125710078315 39
1694508628881 -223.6692226198885 40
1694508629072 -223.2281477360634 41
1694508629243 -222.78803027623505 42
1694508629423 -222.3488680723699 43
1694508629617 -221.91065896146208 44
1694508629783 -221.47340078552128 45
1694508629943 -221.03709139156132 46
1694508630113 -220.601728631588 47
1694508630293 -220.1673103625878 48
1694508630462 -219.73383444651566 49
