1694508621609 169.34901212942756 0
1694508621791 169.0104005485274 1
1694508621978 168.6759154447961 2
1694508622145 168.34215921024625 3
1694508622355 168.0091302309675 4
1694508622550 167.67682685608682 5
1694508622719 167.34524743856605 6
1694508622890 167.01439033519264 7
1694508623059 166.6842539065705 8
1694508623239 166.35483651711104 9
1694508623447 166.0261365350242 10
1694508623623 165.69815233230958 11
1694508623812 165.3708822847475 12
1694508624006 165.04432477189002 13
1694508624180 164.7184781770522 14
1694508624365 164.39334088730322 15
1694508624548 164.06891129345752 16
1694508624728 163.74518779006598 17
1694508624896 163.42216877540716 18
1694508625056 163.0998526514786 19
1694508625237 162.77823782398792 20
1694508625412 162.4573227023442 21
1694508625568 162.13710569964925 22
1694508625741 161.81758523268905 23
1694508625894 161.49875972192487 24
1694508626087 161.1806275914847 25
1694508626267 160.86318726915476 26
1694508626453 160.54643718637075 27
1694508626652 160.23037577820938 28
1694508626830 159.91500148337968 29
1694508627026 159.6003127442145 30
1694508627198 159.28630800666218 31
1694508627354 158.9729857202778 32
1694508627533 158.66034433821468 33
1694508627702 158.3483823172162 34
1694508627888 158.03709811760714 35
1694508628083 157.72649020328532 36
1694508628229 157.41655704171325 37
1694508628376 157.10729710390953 38
1694508628574 156.79870886444084 39
1694508628757 156.49079080141337 40
1694508628940 156.18354139646442 41
1694508629126 155.87695913475446 42
1694508629293 155.5710425049584 43
1694508629481 155.2657899992577 44
1694508629673 154.96120011333187 45
1694508629833 154.65727134635043 46
1694508629996 154.35400220096454 47
1694508630168 154.05139118329902 48
1694508630343 153.74943680294405 49
