1694490579292 -245.65609095907553 0
1694490579434 -245.16788185180144 1
1694490579560 -244.6806442707819 2
1694490579688 -244.19450205772625 3
1694490579814 -243.70920146515076 4
1694490579949 -243.22486659768583 5
1694490580075 -242.74149552916393 6
1694490580213 -242.25921161520128 7
1694490580380 -241.77776212753963 8
1694490580506 -241.29727068387592 9
1694490580640 -240.81773537338097 10
1694490580769 -240.33915428904143 11
1694490580906 -239.86165015202255 12
1694490581075 -239.3849715613195 13
1694490581232 -238.90924149905862 14
1694490581357 -238.4344580734126 15
1694490581455 -237.96061939633162 16
1694490581595 -237.48784755699134 17
1694490581727 -237.0158924761434 18
1694490581843 -236.54487650280973 19
1694490581981 -236.0747977639754 20
1694490582118 -235.60577786812087 21
1694490582301 -235.1375677431418 22
1694490582436 -234.6702892565344 23
1694490582575 -234.20394055019878 24
1694490582709 -233.73851976974538 25
1694490582834 -233.27414789593158 26
1694490582986 -232.81057716885763 27
1694490583094 -232.34792882718978 28
1694490583240 -231.88620103130495 29
1694490583370 -231.42551428466882 30
1694490583491 -230.96562182691113 31
1694490583624 -230.50664441858189 32
1694490583761 -230.04858023470712 33
1694490583889 -229.59142745395687 34
1694490584014 -229.13530595631593 35
1694490584137 -228.67997028413373 36
1694490584299 -228.22554057338016 37
1694490584427 -227.77201501722845 38
1694490584550 -227.31951302175568 39
1694490584665 -226.8677901212792 40
1694490584796 -226.41696597704325 41
1694490584928 -225.96703879660853 42
1694490585049 -225.5180067911152 43
1694490585184 -225.06998874737707 44
1694490585321 -224.62274149301274 45
1694490585469 -224.17638406891174 46
1694490585601 -223.73091470045853 47
1694490585734 -223.28645170392392 48
1694490585866 -222.84275289138594 49
