1694490579148 169.08902758239503 0
1694490579339 168.75120333488874 1
1694490579464 168.4168769984588 2
1694490579600 168.0832162610723 3
1694490579717 167.75019697732526 4
1694490579852 167.41786350233616 5
1694490579982 167.08619165068168 6
1694490580115 166.7551801024533 7
1694490580253 166.42480481834744 8
1694490580419 166.09510997265093 9
1694490580545 165.76607148633718 10
1694490580676 165.43768805001017 11
1694490580807 165.1099583568889 12
1694490580950 164.7828584792421 13
1694490581117 164.4564324071206 14
1694490581270 164.13065617338833 15
1694490581388 163.8055284816724 16
1694490581487 163.4810480381887 17
1694490581638 163.15719102572575 18
1694490581757 162.83400125181515 19
1694490581878 162.51145486015685 20
1694490582015 162.1895505672712 21
1694490582169 161.8682646596106 22
1694490582341 161.54764076787893 23
1694490582476 161.22765513973098 24
1694490582613 160.90830650190932 25
1694490582749 160.5895935836997 26
1694490582871 160.27149278010202 27
1694490583017 159.95404754255662 28
1694490583137 159.6372342275777 29
1694490583281 159.32105157457133 30
1694490583407 159.00547608063482 31
1694490583531 158.69055102296818 32
1694490583658 158.3762528604703 33
1694490583801 158.06258034258724 34
1694490583929 157.74953222126263 35
1694490584049 157.43708510019647 36
1694490584178 157.1252820805384 37
1694490584338 156.8140997280979 38
1694490584461 156.50353680475848 39
1694490584581 156.1935700147725 40
1694490584702 155.8842422876031 41
1694490584836 155.57553028989602 42
1694490584966 155.26743279339567 43
1694490585084 154.9599485722993 44
1694490585224 154.6530544355444 45
1694490585365 154.34679313971492 46
1694490585510 154.04114145644536 47
1694490585640 153.7360981696956 48
1694490585772 153.4316401874317 49
