1694510851537 -232.22901978827852 0
1694510851682 -231.76708950734414 1
1694510851843 -231.30607483446664 2
1694510851992 -230.84597400100904 3
1694510852179 -230.38678519499769 4
1694510852340 -229.92850660805368 5
1694510852479 -229.4711364353854 6
1694510852636 -229.0146728757812 7
1694510852760 -228.5591141316022 8
1694510852893 -228.10445840877557 9
1694510853037 -227.65070391678702 10
1694510853191 -227.19784886867413 11
1694510853330 -226.74589148101907 12
1694510853479 -226.29482997394146 13
1694510853614 -225.84466257109173 14
1694510853748 -225.3953874996437 15
1694510853897 -224.9470029902879 16
1694510854032 -224.49950727722435 17
1694510854172 -224.05289859815585 18
1694510854355 -223.60717519428073 19
1694510854504 -223.1623353102862 20
1694510854634 -222.71837719434117 21
1694510854792 -222.27529909808956 22
1694510854932 -221.8330992766433 23
1694510855075 -221.3917759885754 24
1694510855227 -220.95132749591323 25
1694510855363 -220.51175206413143 26
1694510855518 -220.07304796214532 27
1694510855667 -219.635213462304 28
1694510855809 -219.19824684038338 29
1694510855952 -218.76214637557948 30
1694510856095 -218.3269103505018 31
1694510856262 -217.89253705116636 32
1694510856419 -217.45902476698885 33
1694510856569 -217.02637179077823 34
1694510856708 -216.59457641872962 35
1694510856846 -216.16363695041778 36
1694510856996 -215.7335516887904 37
1694510857143 -215.30431894016135 38
1694510857298 -214.87593701420403 39
1694510857442 -214.4484042239447 40
1694510857592 -214.02171888575575 41
1694510857737 -213.59587931934922 42
1694510857874 -213.17088384777009 43
1694510858012 -212.74673079738955 44
1694510858159 -212.3234184978986 45
1694510858319 -211.9009452823013 46
1694510858464 -211.47930948690842 47
1694510858607 -211.05850945133048 48
1694510858779 -210.63854351847158 49
