1694507548154 -6.360653574934351 0
1694507548480 -5.73638730298337 1
1694507548787 -5.576325823318174 2
1694507549054 -5.612291592993458 3
1694507549329 -5.605962330606943 4
1694507549594 -5.666471645373191 5
1694507549884 -5.6291531490090065 6
1694507550195 -5.586547756431056 7
1694507550462 -5.581678190101397 8
1694507550721 -5.67414791176375 9
1694507550995 -5.693285017754625 10
1694507551219 -5.599209760882127 11
1694507551451 -5.6286937904685 12
1694507551708 -5.601729427811472 13
1694507551929 -5.592115506552375 14
1694507552184 -5.618375070599081 15
1694507552487 -5.5725695067213445 16
1694507552790 -5.6422462252506325 17
1694507553036 -5.5976757285064505 18
1694507553295 -5.617933742821817 19
1694507553565 -5.639155900796949 20
1694507553899 -5.620989644159941 21
1694507554255 -5.535959801982539 22
1694507554564 -5.567406260078745 23
1694507554877 -5.625532564636649 24
1694507555189 -5.662867599588096 25
1694507555493 -5.572230338173016 26
1694507555799 -5.650146881484142 27
1694507556154 -5.58470955062093 28
1694507556482 -5.541813579417279 29
1694507556861 -5.631008797674837 30
1694507557184 -5.629873287216382 31
1694507557557 -5.645985236076428 32
1694507557943 -5.602455148142468 33
1694507558334 -5.660445798494397 34
1694507558716 -5.575646266052804 35
1694507559115 -5.644359198555712 36
1694507559453 -5.609532235644457 37
1694507559783 -5.65208104107913 38
1694507560152 -5.578306392043753 39
1694507560500 -5.585321807964545 40
1694507560858 -5.634694810934343 41
1694507561194 -5.613847081208767 42
1694507561494 -5.592497357630791 43
1694507561847 -5.678125037643597 44
1694507562246 -5.585776087126063 45
1694507562615 -5.609767274676552 46
1694507562959 -5.572808791024559 47
1694507563290 -5.603448814805914 48
1694507563617 -5.567416822250686 49
