1694508865775 0.048264074406733276 0
1694508865943 7.749158528662518e-05 1
1694508866126 0.006147345796844927 2
1694508866331 0.13881899831922304 3
1694508866496 0.07634157646782783 4
1694508866674 0.07432833222281612 5
1694508866853 0.06903589393760116 6
1694508867016 0.007900961507288393 7
1694508867192 0.011972425902897613 8
1694508867381 5.963051871216011e-06 9
1694508867554 0.000887291192381727 10
1694508867744 0.30531596282420054 11
1694508867913 0.2665467805960332 12
1694508868074 0.24500093379483745 13
1694508868261 0.0167170834799228 14
1694508868442 0.23752534632358663 15
1694508868606 0.06224124178410524 16
1694508868780 0.2413961585848963 17
1694508868957 0.4514794576615901 18
1694508869140 0.13195243453661734 19
1694508869316 0.22767047478604274 20
1694508869497 0.8846902986167814 21
1694508869684 0.06437219787018093 22
1694508869867 0.23723197534266635 23
1694508870034 0.01702375634302334 24
1694508870222 0.02504793832960761 25
1694508870408 0.30977786576733873 26
1694508870584 0.020765122627686067 27
1694508870762 0.039300945673788605 28
1694508870940 0.0050725036840676314 29
1694508871111 0.896051226546156 30
1694508871282 0.29870335570373513 31
1694508871466 0.000575234751682073 32
1694508871638 1.0126046748165036 33
1694508871823 0.47624641225105685 34
1694508872009 0.064827611898174 35
1694508872197 0.005397694848542075 36
1694508872360 0.03785659832470368 37
1694508872537 0.00951406434965936 38
1694508872725 0.06834967540369902 39
1694508872905 0.2925668163125247 40
1694508873076 0.1891598550532783 41
1694508873236 0.26381870984940825 42
1694508873408 2.1277270263214846e-05 43
1694508873574 0.0360892674265897 44
1694508873749 0.026628749898026244 45
1694508873927 0.0034497035624302982 46
1694508874106 0.012286376468894845 47
1694508874284 0.46662329256510165 48
1694508874451 0.00032672279016764886 49
