1694508119607 -6.677229454838642 0
1694508119908 -5.877576480228798 1
1694508120203 -5.925989733359533 2
1694508120474 -5.9261323442525535 3
1694508120748 -5.864459526899093 4
1694508121016 -5.9116712347878995 5
1694508121293 -5.8734720964591505 6
1694508121536 -5.831118345329376 7
1694508121813 -5.877274462060779 8
1694508122070 -5.839817828070374 9
1694508122335 -5.89159150149894 10
1694508122587 -5.8831434360130155 11
1694508122862 -5.8472520387230125 12
1694508123137 -5.864801103810998 13
1694508123423 -5.964178333478494 14
1694508123698 -5.981110588860104 15
1694508123971 -5.883975207897683 16
1694508124217 -5.8664025441355445 17
1694508124456 -5.886054941263536 18
1694508124704 -5.861783520502151 19
1694508124958 -5.827832676182045 20
1694508125205 -5.885718718096102 21
1694508125471 -5.8575802527911565 22
1694508125764 -5.87553616726766 23
1694508126050 -5.847608372032722 24
1694508126336 -5.878206824824439 25
1694508126597 -5.907956603166508 26
1694508126848 -5.922928567247391 27
1694508127125 -5.906355420266244 28
1694508127384 -5.853123008623294 29
1694508127641 -5.838491700431236 30
1694508127924 -5.825119989402746 31
1694508128209 -5.87268294967339 32
1694508128473 -5.917909479316278 33
1694508128730 -5.929583426418295 34
1694508128966 -5.907389117855592 35
1694508129235 -5.860668007422542 36
1694508129487 -5.882078322280926 37
1694508129743 -5.886595813292453 38
1694508129968 -5.944269124267737 39
1694508130215 -5.886487776480472 40
1694508130451 -5.9026013496154315 41
1694508130692 -5.887587713156094 42
1694508130919 -5.825542145458978 43
1694508131155 -5.858982874482902 44
1694508131398 -5.8938845786973735 45
1694508131620 -5.853648273828597 46
1694508131846 -5.945039196478045 47
1694508132070 -5.935449514239153 48
1694508132340 -5.870225931455624 49
