1694508119498 3.8153274034445426 0
1694508119742 3.887360153728297 1
1694508120069 7.4816705505796675 2
1694508120340 4.906208353292077 3
1694508120612 3.957212976289013 4
1694508120880 3.687760588229198 5
1694508121157 6.068146121722616 6
1694508121418 4.2649892636179345 7
1694508121685 3.2986681069687167 8
1694508121948 5.519054332375103 9
1694508122200 2.7049923352961835 10
1694508122459 3.5611783510100112 11
1694508122718 4.333193003008898 12
1694508123003 4.026175478070849 13
1694508123287 6.992033370006707 14
1694508123554 5.049992621026636 15
1694508123836 7.3240446117880085 16
1694508124094 6.879033985768708 17
1694508124342 3.402272598759291 18
1694508124580 1.9781521859779407 19
1694508124834 2.3441900720933058 20
1694508125078 8.734210388036894 21
1694508125334 3.2204655502825763 22
1694508125614 6.463304643574951 23
1694508125925 2.2048535578674993 24
1694508126182 3.650916411982453 25
1694508126468 4.905279356262315 26
1694508126719 5.941585002423385 27
1694508127000 6.864969424661404 28
1694508127244 3.2938845814588666 29
1694508127510 3.332603105732917 30
1694508127794 6.552483232236214 31
1694508128057 4.736284160064399 32
1694508128341 4.990625443514025 33
1694508128605 5.472275622749852 34
1694508128853 5.977542141204251 35
1694508129110 3.1317625171538337 36
1694508129367 1.9507995364772752 37
1694508129614 4.325969136381498 38
1694508129859 3.760586434907875 39
1694508130111 5.256707088045562 40
1694508130344 5.819846051481987 41
1694508130580 3.696254740357043 42
1694508130818 2.0381896522454914 43
1694508131045 4.734817186288713 44
1694508131288 5.475007503168306 45
1694508131511 4.707596024621208 46
1694508131739 2.8302868859999473 47
1694508131965 6.8214109720381355 48
1694508132230 5.589353410882935 49
