1694510342575 -208.96140071180614 0
1694510342718 -179.9702768967682 1
1694510342848 -154.98386288870333 2
1694510342978 -133.44985236306283 3
1694510343109 -114.89175700808217 4
1694510343240 -98.89792451220644 5
1694510343373 -85.11420547877736 6
1694510343509 -73.2353316060883 7
1694510343639 -62.99755429816434 8
1694510343768 -54.174270160821834 9
1694510343901 -46.57045927964384 10
1694510344048 -40.01717937831724 11
1694510344189 -34.36945446517564 12
1694510344322 -29.50227574935951 13
1694510344457 -25.30760842865964 14
1694510344595 -21.692718403609184 15
1694510344723 -18.577060157410983 16
1694510344862 -15.891919010736295 17
1694510344994 -13.578084330747766 18
1694510345124 -11.583736644796266 19
1694510345258 -9.864957680360476 20
1694510345388 -8.383827313439149 21
1694510345519 -7.107343753019233 22
1694510345655 -6.007364859375395 23
1694510345784 -5.059373941559216 24
1694510345913 -4.242424955873671 25
1694510346041 -3.538613919749907 26
1694510346174 -2.9319896114042985 27
1694510346316 -2.4092673048198345 28
1694510346447 -1.9587893107273446 29
1694510346585 -1.570663401329921 30
1694510346711 -1.2361892171765736 31
1694510346829 -0.9479627084467139 32
1694510346942 -0.6996244522669659 33
1694510347056 -0.4856945474246881 34
1694510347171 -0.30135356798015867 35
1694510347282 -0.14255674125151385 36
1694510347395 -0.005747735211635963 37
1694510347510 0.11215810741654486 38
1694510347625 0.21368018347527695 39
1694510347743 0.3011740048893877 40
1694510347863 0.3765132516076569 41
1694510347977 0.4414111288048672 42
1694510348089 0.4972733798196337 43
1694510348202 0.5454081599127918 44
1694510348314 0.5868882726602458 45
1694510348435 0.6225685285897977 46
1694510348555 0.6532979806477424 47
1694510348675 0.6797495848923699 48
1694510348787 0.7025344103805655 49
