1694490001357 -232.69216579398193 0
1694490001513 -232.22931031855555 1
1694490001666 -231.7674637888658 2
1694490001814 -231.30662397057367 3
1694490001944 -230.84678857819011 4
1694490002087 -230.38795533153447 5
1694490002229 -229.9301219557215 6
1694490002376 -229.47328618114875 7
1694490002528 -229.017445743484 8
1694490002660 -228.56259838365315 9
1694490002791 -228.10874184782773 10
1694490002919 -227.65587388741258 11
1694490003052 -227.2039922590335 12
1694490003191 -226.75309472452514 13
1694490003319 -226.3031790509185 14
1694490003446 -225.85424301042895 15
1694490003605 -225.4062843804439 16
1694490003733 -224.95930094351087 17
1694490003857 -224.51329048732484 18
1694490003981 -224.06825080471683 19
1694490004106 -223.62417969364142 20
1694490004241 -223.18107495716464 21
1694490004381 -222.73893440345228 22
1694490004500 -222.29775584575773 23
1694490004645 -221.85753710240982 24
1694490004791 -221.4182759968013 25
1694490004913 -220.97997035737674 26
1694490005050 -220.54261801762047 27
1694490005185 -220.10621681604516 28
1694490005308 -219.6707645961795 29
1694490005441 -219.23625920655695 30
1694490005566 -218.8026985007034 31
1694490005695 -218.37008033712607 32
1694490005817 -217.9384025793012 33
1694490005939 -217.50766309566285 34
1694490006071 -217.07785975959098 35
1694490006204 -216.64899044939986 36
1694490006337 -216.22105304832658 37
1694490006475 -215.79404544451936 38
1694490006618 -215.36796553102613 39
1694490006738 -214.94281120578293 40
1694490006887 -214.5185803716025 41
1694490007016 -214.09527093616268 42
1694490007151 -213.6728808119952 43
1694490007278 -213.251407916474 44
1694490007398 -212.83085017180423 45
1694490007543 -212.4112055050104 46
1694490007665 -211.99247184792551 47
1694490007788 -211.5746471371796 48
1694490007924 -211.15772931418834 49
