1694489338242 -112.880123588371 0
1694489338391 -58.762547674837435 1
1694489338542 -33.30740769018912 2
1694489338700 -20.758968863231253 3
1694489338845 -14.248100717389828 4
1694489338989 -10.708329716073884 5
1694489339137 -8.688392066956029 6
1694489339283 -7.505046343918929 7
1694489339429 -6.79028610706536 8
1694489339572 -6.351182271164051 9
1694489339709 -6.077538404173236 10
1694489339841 -5.910492676182759 11
1694489339986 -5.803440823957789 12
1694489340138 -5.7344744427887875 13
1694489340288 -5.68905352426556 14
1694489340449 -5.659512119280373 15
1694489340599 -5.644167236573154 16
1694489340751 -5.630968623720309 17
1694489340901 -5.621303778024006 18
1694489341037 -5.617434911341262 19
1694489341183 -5.61160159433272 20
1694489341324 -5.610621869004722 21
1694489341463 -5.611506288913077 22
1694489341598 -5.612929342390227 23
1694489341742 -5.610272008938684 24
1694489341885 -5.610262722074837 25
