1694489817617 -232.62671812075632 0
1694489817743 -232.5799583371071 1
1694489817860 -232.53320885524792 2
1694489818024 -232.486469672815 3
1694489818197 -232.43974078744498 4
1694489818323 -232.39302219677515 5
1694489818500 -232.34631389844324 6
1694489818623 -232.29961589008784 7
1694489818753 -232.2529281693476 8
1694489818874 -232.20625073386216 9
1694489819005 -232.15958358127153 10
1694489819132 -232.11292670921628 11
1694489819272 -232.06628011533755 12
1694489819401 -232.01964379727698 13
1694489819521 -231.97301775267692 14
1694489819641 -231.92640197918007 15
1694489819767 -231.87979647442984 16
1694489819894 -231.83320123607015 17
1694489820015 -231.78661626174545 18
1694489820155 -231.74004154910065 19
1694489820287 -231.69347709578145 20
1694489820423 -231.6469228994339 21
1694489820569 -231.60037895770466 22
1694489820714 -231.553845268241 23
1694489820844 -231.50732182869064 24
1694489820996 -231.46080863670193 25
1694489821123 -231.41430568992374 26
1694489821241 -231.36781298600556 27
1694489821366 -231.32133052259726 28
1694489821503 -231.27485829734948 29
1694489821627 -231.22839630791321 30
1694489821768 -231.1819445519401 31
1694489821937 -231.13550302708248 32
1694489822062 -231.08907173099288 33
1694489822195 -231.04265066132479 34
1694489822326 -230.9962398157318 35
1694489822450 -230.94983919186856 36
1694489822565 -230.9034487873898 37
1694489822720 -230.85706859995116 38
1694489822870 -230.81069862720867 39
1694489822991 -230.7643388668188 40
1694489823109 -230.71798931643883 41
1694489823230 -230.67164997372632 42
1694489823353 -230.6253208363396 43
1694489823476 -230.57900190193752 44
1694489823601 -230.53269316817926 45
1694489823768 -230.48639463272485 46
1694489823888 -230.44010629323466 47
1694489824017 -230.39382814736967 48
1694489824143 -230.34756019279138 49
