1694489728084 -212.26806539203002 0
1694489728189 -183.50832199778984 1
1694489728310 -159.0273687810513 2
1694489728420 -138.16215875167148 3
1694489728519 -120.35298329260364 4
1694489728620 -105.13229000080659 5
1694489728723 -92.10543634672553 6
1694489728817 -80.93789799532527 7
1694489728926 -71.34752411799107 8
1694489729029 -63.10009085006216 9
1694489729130 -55.99357734924031 10
1694489729233 -49.85980857726994 11
1694489729340 -44.55654041923103 12
1694489729441 -39.96219607538859 13
1694489729544 -35.974302187355306 14
1694489729638 -32.506273204887286 15
1694489729741 -29.484354079067046 16
1694489729837 -26.845944458466086 17
1694489729923 -24.53760497184511 18
1694489730030 -22.51437691821004 19
1694489730132 -20.737239435331258 20
1694489730237 -19.173654368309066 21
1694489730354 -17.795125613980662 22
1694489730454 -16.577524573419954 23
1694489730556 -15.49979119047061 24
1694489730656 -14.544004714429509 25
1694489730758 -13.694661921873587 26
1694489730850 -12.938996748158353 27
1694489730945 -12.265500693623558 28
1694489731039 -11.664503011759544 29
1694489731137 -11.127043395615006 30
1694489731242 -10.645686757550914 31
1694489731344 -10.213988867383682 32
1694489731448 -9.826582084606322 33
1694489731538 -9.47806396337926 34
1694489731633 -9.164526391792007 35
1694489731717 -8.881921668024145 36
1694489731801 -8.62690941131494 37
1694489731888 -8.396779827841389 38
1694489731984 -8.188744354004212 39
1694489732084 -8.0003123085228 40
1694489732181 -7.829932792731201 41
1694489732271 -7.675174629642999 42
1694489732376 -7.535046972362487 43
1694489732476 -7.407998747873686 44
1694489732582 -7.292543919981794 45
1694489732688 -7.187712353854584 46
1694489732789 -7.092307211352907 47
1694489732890 -7.0056307353242 48
1694489732991 -6.9268349817955475 49
