1694489728017 143.73544506022395 0
1694489728118 127.48030701322426 1
1694489728232 107.87953058077507 2
1694489728348 94.73821244485671 3
1694489728453 84.4304547824878 4
1694489728553 74.00009377748839 5
1694489728655 62.499825106959996 6
1694489728753 53.72421037029006 7
1694489728855 50.369902334412046 8
1694489728961 42.16641153099873 9
1694489729065 39.16659351137736 10
1694489729166 35.45877704317026 11
1694489729268 31.880184339381774 12
1694489729375 27.545738260139213 13
1694489729476 25.215218628317288 14
1694489729577 23.228854127253317 15
1694489729675 20.285250559837444 16
1694489729775 19.011156216701664 17
1694489729867 17.842704819407743 18
1694489729958 16.09953948982943 19
1694489730064 15.115604317655084 20
1694489730169 13.513091255442164 21
1694489730280 12.931843370244376 22
1694489730392 11.550812092213063 23
1694489730487 10.58535884191676 24
1694489730591 10.549943493806916 25
1694489730692 10.059088702205496 26
1694489730794 9.729673464820566 27
1694489730880 9.36000911712219 28
1694489730979 8.560964812969324 29
1694489731070 8.049489712125924 30
1694489731173 7.732435536515567 31
1694489731276 7.852466387901709 32
1694489731382 7.32791269817315 33
1694489731482 7.051138914239511 34
1694489731573 6.588523811569948 35
1694489731662 6.468198528273464 36
1694489731745 6.641500531990188 37
1694489731832 6.0785556443241555 38
1694489731920 6.01371101790798 39
1694489732016 6.23844276716124 40
1694489732118 5.807192845142305 41
1694489732211 6.130404354914015 42
1694489732304 6.3276735646243 43
1694489732410 5.5122684972907425 44
1694489732510 5.945979653688413 45
1694489732623 5.506368023230697 46
1694489732723 5.576487365768974 47
1694489732822 5.479970625445061 48
1694489732925 5.167511499799073 49
