1694491441267 169.42810631986347 0
1694491441412 169.3941967668786 1
1694491441527 169.36368447046564 2
1694491441677 169.33317764192805 3
1694491441800 169.30267631425247 4
1694491441982 169.27218048644625 5
1694491442118 169.24169015751738 6
1694491442256 169.21120532647382 7
1694491442415 169.18072599232391 8
1694491442555 169.15025215407607 9
1694491442707 169.11978381073888 10
1694491442847 169.08932096132114 11
1694491442971 169.0588636048318 12
1694491443103 169.02841174028003 13
1694491443219 168.99796536667517 14
1694491443383 168.96752448302672 15
1694491443498 168.93708908834435 16
1694491443634 168.90665918163793 17
1694491443773 168.87623476191752 18
1694491443899 168.84581582819334 19
1694491444015 168.8154023794757 20
1694491444141 168.78499441477533 21
1694491444259 168.75459193310283 22
1694491444391 168.7241949334693 23
1694491444517 168.6938034148857 24
1694491444688 168.6634173763634 25
1694491444815 168.6330368169139 26
1694491444951 168.60266173554876 27
1694491445099 168.5722921312799 28
1694491445229 168.54192800311924 29
1694491445355 168.51156935007901 30
1694491445478 168.48121617117155 31
1694491445624 168.45086846540943 32
1694491445759 168.42052623180535 33
1694491445898 168.39018946937225 34
1694491446022 168.35985817712313 35
1694491446162 168.3295323540713 36
1694491446306 168.29921199923015 37
1694491446431 168.26889711161328 38
1694491446560 168.23858769023454 39
1694491446697 168.20828373410782 40
1694491446861 168.17798524224736 41
1694491447002 168.14769221366745 42
1694491447150 168.1174046473825 43
1694491447280 168.08712254240723 44
1694491447411 168.05684589775657 45
1694491447541 168.0265747124455 46
1694491447666 167.9963089854892 47
1694491447797 167.9660487159031 48
1694491447925 167.93579390270273 49
