1694510788748 -246.10252370424755 0
1694510788941 -246.05317868370665 1
1694510789118 -246.0038435297478 2
1694510789333 -245.95451824039756 3
1694510789516 -245.90520281368288 4
1694510789699 -245.8558972476311 5
1694510789890 -245.80660154026992 6
1694510790075 -245.75731568962757 7
1694510790275 -245.70803969373242 8
1694510790455 -245.6587735506134 9
1694510790664 -245.60951725829992 10
1694510790846 -245.56027081482156 11
1694510791057 -245.5110342182085 12
1694510791235 -245.46180746649117 13
1694510791440 -245.41259055770053 14
1694510791631 -245.36338348986772 15
1694510791805 -245.31418626102456 16
1694510791999 -245.264998869203 17
1694510792171 -245.2158213124356 18
1694510792388 -245.16665358875508 19
1694510792575 -245.1174956961948 20
1694510792820 -245.0683476327883 21
1694510792992 -245.0192093965697 22
1694510793164 -244.97008098557336 23
1694510793367 -244.92096239783416 24
1694510793562 -244.8718536313872 25
1694510793769 -244.8227546842683 26
1694510793970 -244.77366555451323 27
1694510794159 -244.72458624015837 28
1694510794330 -244.67551673924075 29
1694510794517 -244.62645704979727 30
1694510794694 -244.5774071698657 31
1694510794893 -244.52836709748388 32
1694510795101 -244.47933683069022 33
1694510795279 -244.43031636752337 34
1694510795483 -244.38130570602263 35
1694510795670 -244.3323048442274 36
1694510795866 -244.28331378017768 37
1694510796048 -244.2343325119137 38
1694510796252 -244.18536103747627 39
1694510796432 -244.1363993549064 40
1694510796595 -244.08744746224562 41
1694510796756 -244.0385053575358 42
1694510796923 -243.98957303881923 43
1694510797104 -243.9406505041385 44
1694510797273 -243.8917377515368 45
1694510797449 -243.8428347790575 46
1694510797626 -243.79394158474446 47
1694510797825 -243.74505816664183 48
1694510797983 -243.6961845227944 49
