1694490210235 0.5392149576792853 0
1694490210365 0.7878606200501792 1
1694490210506 0.7833211136404686 2
1694490210661 0.7782254339483048 3
1694490210796 0.7789614440712644 4
1694490210937 0.7838536875041558 5
1694490211084 0.7799582272531178 6
1694490211236 0.7817011562288139 7
1694490211375 0.7830933260492778 8
1694490211513 0.7829778760034207 9
1694490211654 0.7727248240353475 10
1694490211800 0.784986421224515 11
1694490211971 0.7876297198140123 12
1694490212124 0.780845410061454 13
1694490212282 0.7859439227735765 14
1694490212432 0.7782789887745959 15
1694490212579 0.7731400845091598 16
1694490212727 0.7812945233956275 17
1694490212875 0.7816262548818755 18
1694490213022 0.7795958526976305 19
1694490213168 0.7799836872110543 20
1694490213316 0.7819901533005148 21
1694490213459 0.7821739284872181 22
1694490213609 0.7853501957890368 23
1694490213757 0.7780572667183221 24
1694490213901 0.7829516463248747 25
1694490214049 0.7851379974604262 26
1694490214196 0.782709533967797 27
1694490214342 0.7795060243747054 28
1694490214491 0.784743648132954 29
1694490214641 0.7827210434597327 30
1694490214789 0.7730187200155236 31
1694490214935 0.7770531804737373 32
1694490215077 0.7789836558320924 33
1694490215219 0.7837950720949913 34
1694490215385 0.782325444348418 35
1694490215532 0.7796670860067378 36
1694490215668 0.7813567660523407 37
1694490215814 0.7847718056751095 38
1694490215947 0.7788283948612004 39
1694490216090 0.7834778873139049 40
1694490216235 0.7763095549624263 41
1694490216388 0.7796941936552891 42
1694490216538 0.780106033279807 43
1694490216691 0.7799480681875233 44
1694490216829 0.7819046099386661 45
1694490216975 0.7794378751424554 46
1694490217120 0.780787841875354 47
1694490217266 0.7863182912208415 48
1694490217416 0.7839029436133103 49
