1694489537242 -128.2695090844711 0
1694489537384 -70.68532060720165 1
1694489537550 -41.65217511348868 2
1694489537697 -26.467463065481905 3
1694489537839 -18.203553005931724 4
1694489537979 -13.513261320314184 5
1694489538127 -10.751138312738533 6
1694489538270 -9.07142791547468 7
1694489538411 -8.025253100497498 8
1694489538543 -7.357673391406184 9
1694489538679 -6.928398237357862 10
1694489538828 -6.649085010673726 11
1694489538969 -6.465945420702381 12
1694489539097 -6.346252564886309 13
1694489539240 -6.265845672384557 14
1694489539379 -6.210385413220136 15
1694489539522 -6.174053125336605 16
1694489539666 -6.1502224674213 17
1694489539805 -6.13500946782393 18
1694489539943 -6.124518805240075 19
1694489540086 -6.11913891026763 20
1694489540226 -6.114446668769145 21
1694489540370 -6.1100766773408495 22
1694489540511 -6.105463522809901 23
1694489540647 -6.104302709886701 24
1694489540796 -6.104789863861179 25
1694489540934 -6.104241316282723 26
1694489541074 -6.105845420327286 27
1694489541222 -6.10459349119113 28
1694489541363 -6.106311416568162 29
1694489541504 -6.1083429109411425 30
1694489541642 -6.106987648768892 31
1694489541778 -6.106061929748083 32
1694489541907 -6.105764612289374 33
1694489542044 -6.104842098462494 34
1694489542176 -6.103204029320985 35
1694489542309 -6.102276770109042 36
1694489542458 -6.102763630477799 37
1694489542607 -6.1026387977255085 38
1694489542740 -6.104669803981112 39
1694489542898 -6.103456964368683 40
1694489543047 -6.104583837814068 41
1694489543184 -6.1059900239679825 42
1694489543321 -6.107152492688284 43
1694489543464 -6.10680678023961 44
1694489543608 -6.106779723688462 45
