1694349345346 169.42810631986347 0
1694349345550 137.21548551010306 1
1694349345744 111.38624894062765 2
1694349345954 90.55706245245744 3
1694349346216 73.7468252774719 4
1694349346422 60.16840649849525 5
1694349346627 49.190132469321604 6
1694349346807 40.3049399673378 7
1694349347015 33.10566683309123 8
1694349347220 27.264564985099103 9
1694349347425 22.520322300198373 10
1694349347615 18.660846895148595 11
1694349347801 15.516218122685135 12
1694349348005 12.94970519229984 13
1694349348187 10.851222720497491 14
1694349348385 9.131544237137193 15
1694349348569 7.720333636110706 16
1694349348775 6.559279642811467 17
1694349349013 5.601808214631366 18
1694349349206 4.8098433530403994 19
1694349349436 4.153868445832052 20
1694349349652 3.6087306532522767 21
1694349349851 3.154438017157424 22
1694349350044 2.774378926192935 23
1694349350237 2.4561656943424652 24
1694349350435 2.1886364318785425 25
1694349350642 1.9627093737522976 26
1694349350838 1.7718937199363123 27
1694349351025 1.6099952059175413 28
1694349351256 1.4719239746030155 29
1694349351448 1.3543122383996917 30
1694349351663 1.2534089902903394 31
1694349351862 1.1669420306831493 32
1694349352098 1.0924970077261598 33
1694349352296 1.0280052695065045 34
1694349352509 0.9723568652258067 35
1694349352723 0.9239066890655894 36
1694349352941 0.8818851701795503 37
1694349353138 0.8452630606895415 38
1694349353329 0.8130813528240727 39
1694349353540 0.7850625107947167 40
1694349353773 0.7603523520728818 41
1694349353964 0.738751775028794 42
1694349354178 0.7196442869151766 43
1694349354377 0.7028817741914103 44
1694349354594 0.6880168911785042 45
1694349354787 0.6749355637184367 46
1694349354973 0.6633899376170072 47
1694349355176 0.6530304083594998 48
1694349355419 0.6439617981167431 49
1694349355596 0.6358154011580877 50
1694349355785 0.6286658689311011 51
1694349355995 0.622237896037217 52
1694349356178 0.61658412739202 53
1694349356383 0.6114977679680271 54
1694349356607 0.6070157106799787 55
1694349356811 0.6029815893783564 56
1694349357022 0.5994212512936441 57
1694349357198 0.5962155591045445 58
1694349357393 0.5933828016189302 59
1694349357600 0.5908313902842598 60
1694349357820 0.5885746032444221 61
1694349358010 0.5865412726008414 62
1694349358223 0.5847415015722192 63
1694349358437 0.5831192742736683 64
1694349358651 0.5816828225458077 65
1694349358864 0.5803873751934899 66
1694349359056 0.5792402032270956 67
1694349359273 0.5782048738409472 68
1694349359487 0.5772883207691928 69
1694349359678 0.5764602824182241 70
1694349359875 0.5757277714845348 71
1694349360071 0.5750650782424566 72
1694349360313 0.5744795625014034 73
1694349360528 0.5739488545448987 74
1694349360717 0.5734808249512042 75
1694349360938 0.5730555362272471 76
1694349361199 0.572681460674848 77
1694349361383 0.5723404128066937 78
1694349361586 0.5720415078831996 79
1694349361819 0.5717678029596205 80
1694349362012 0.5715290642315668 81
1694349362208 0.5713092102465855 82
1694349362394 0.5711186445301082 83
1694349362642 0.5709418628231818 84
1694349362855 0.5707898789860406 85
1694349363048 0.5706475546570076 86
1694349363236 0.5705264793209687 87
1694349363447 0.5704117243548701 88
1694349363653 0.5703154163118841 89
1694349363825 0.5702227218123802 90
1694349364024 0.570146264659873 91
1694349364231 0.5700712237000481 92
1694349364425 0.5700106805865714 93
1694349364660 0.5699497671326281 94
1694349364871 0.5699019849072984 95
1694349365106 0.5698523773375135 96
1694349365292 0.5698148300509434 97
1694349365488 0.5697742701880029 98
1694349365678 0.5697449339730831 99
1694349365883 0.5697116144275451 100
1694349366139 0.5696888674260859 101
1694349366342 0.56966134152892 102
1694349366526 0.5696438838233179 103
