1694347859544 169.4281063198635 0
1694347859760 137.21548551010306 1
1694347859964 111.38624894062767 2
1694347860201 90.55706245245747 3
1694347860418 73.74682527747193 4
1694347860653 60.168406498495266 5
1694347860881 49.19013246932161 6
1694347861084 40.3049399673378 7
1694347861305 33.10566683309123 8
1694347861508 27.264564985099106 9
1694347861720 22.520322300198373 10
1694347861930 18.660846895148595 11
1694347862134 15.516218122685135 12
1694347862322 12.94970519229984 13
1694347862562 10.851222720497491 14
1694347862804 9.131544237137193 15
1694347862985 7.720333636110706 16
1694347863212 6.559279642811466 17
1694347863407 5.601808214631366 18
1694347863595 4.8098433530403994 19
1694347863765 4.153868445832053 20
1694347863973 3.6087306532522767 21
1694347864181 3.1544380171574233 22
1694347864379 2.774378926192935 23
1694347864576 2.4561656943424652 24
1694347864816 2.1886364318785425 25
1694347865055 1.9627093737522974 26
1694347865291 1.771893719936312 27
1694347865502 1.609995205917541 28
1694347865694 1.4719239746030155 29
1694347865922 1.354312238399692 30
1694347866253 1.2534089902903394 31
1694347866579 1.1669420306831493 32
1694347866851 1.0924970077261598 33
1694347867195 1.0280052695065045 34
1694347867453 0.9723568652258067 35
1694347867724 0.9239066890655894 36
1694347867929 0.8818851701795503 37
1694347868153 0.8452630606895414 38
1694347868339 0.8130813528240726 39
1694347868536 0.7850625107947168 40
1694347868726 0.7603523520728818 41
1694347868909 0.7387517750287939 42
1694347869111 0.7196442869151767 43
1694347869315 0.7028817741914102 44
1694347869521 0.6880168911785042 45
1694347869703 0.6749355637184367 46
1694347869941 0.6633899376170072 47
1694347870137 0.6530304083594998 48
1694347870333 0.6439617981167431 49
1694347870578 0.6358154011580877 50
1694347870783 0.6286658689311011 51
1694347870981 0.622237896037217 52
1694347871153 0.6165841273920201 53
1694347871383 0.6114977679680271 54
1694347871622 0.6070157106799787 55
1694347871838 0.6029815893783564 56
1694347872017 0.599421251293644 57
1694347872227 0.5962155591045445 58
1694347872412 0.5933828016189302 59
1694347872585 0.5908313902842598 60
1694347872797 0.5885746032444221 61
1694347872988 0.5865412726008414 62
1694347873207 0.5847415015722192 63
1694347873383 0.5831192742736683 64
1694347873626 0.5816828225458076 65
1694347873837 0.58038737519349 66
1694347874057 0.5792402032270956 67
1694347874254 0.5782048738409472 68
1694347874418 0.5772883207691928 69
1694347874622 0.576460282418224 70
1694347874795 0.5757277714845348 71
1694347874979 0.5750650782424565 72
1694347875151 0.5744795625014034 73
1694347875329 0.5739488545448987 74
1694347875511 0.5734808249512043 75
1694347875683 0.5730555362272471 76
1694347875877 0.5726814606748479 77
1694347876080 0.5723404128066937 78
1694347876249 0.5720415078831997 79
1694347876431 0.5717678029596205 80
1694347876655 0.5715290642315669 81
1694347876848 0.5713092102465854 82
1694347877021 0.5711186445301082 83
1694347877216 0.5709418628231818 84
1694347877390 0.5707898789860406 85
1694347877581 0.5706475546570076 86
1694347877783 0.5705264793209687 87
1694347877988 0.5704117243548701 88
1694347878193 0.5703154163118841 89
1694347878368 0.5702227218123803 90
1694347878575 0.570146264659873 91
1694347878751 0.5700712237000481 92
1694347878934 0.5700106805865714 93
1694347879116 0.5699497671326281 94
1694347879318 0.5699019849072984 95
1694347879496 0.5698523773375135 96
1694347879670 0.5698148300509434 97
1694347879860 0.5697742701880029 98
1694347880054 0.5697449339730831 99
1694347880283 0.5697116144275451 100
1694347880455 0.5696888674260858 101
1694347880641 0.56966134152892 102
1694347880817 0.5696438838233179 103
