1694508445860 142.91439341909134 0
1694508445983 126.78882079382822 1
1694508446102 106.40290908335336 2
1694508446231 96.09357144018288 3
1694508446365 83.91590160563223 4
1694508446490 72.38959124181824 5
1694508446617 62.50622645904127 6
1694508446748 55.311566034201434 7
1694508446866 49.42828923481463 8
1694508446992 43.71311986409875 9
1694508447112 39.41268923469775 10
1694508447242 36.59711918172312 11
1694508447375 28.911209171403506 12
1694508447492 27.398994563002386 13
1694508447614 25.596228826013864 14
1694508447747 23.152147148722793 15
1694508447870 21.805565653078418 16
1694508447986 18.30328128524858 17
1694508448105 17.091031862118438 18
1694508448219 16.202121303713987 19
1694508448339 14.87555044931438 20
1694508448462 12.945193678605676 21
1694508448582 12.593434726732095 22
1694508448715 12.016324461493266 23
1694508448839 11.148158260505681 24
1694508448961 10.180300733876477 25
1694508449083 10.1891871620586 26
1694508449207 8.604955565448225 27
1694508449327 8.693083799525128 28
1694508449451 9.339865868841516 29
1694508449578 7.589386359608379 30
1694508449710 7.7312402727648895 31
1694508449835 7.341997692451552 32
1694508449953 7.210390995613374 33
1694508450068 7.324384774162948 34
1694508450188 7.074204244777809 35
1694508450308 7.240149951412165 36
1694508450425 6.792353480299371 37
1694508450552 6.29236716485309 38
1694508450676 6.1006624876497515 39
1694508450805 6.252742423545527 40
1694508450927 5.6877357776895225 41
1694508451048 5.5398489998278135 42
1694508451162 5.656125830688079 43
1694508451282 5.6874331542589625 44
1694508451397 6.006466888132537 45
1694508451518 5.588315263675576 46
1694508451648 5.399144375973822 47
1694508451783 5.0255865451724215 48
1694508451905 4.980261108185041 49
