1694507901563 -120.99668165313345 0
1694507901839 -66.53485213098404 1
1694507902113 -39.11841962989794 2
1694507902365 -24.787206540007922 3
1694507902622 -16.99500855930777 4
1694507902875 -12.577230055866016 5
1694507903135 -9.979428654738449 6
1694507903384 -8.402054691578838 7
1694507903636 -7.418242071979053 8
1694507903902 -6.7935278121022975 9
1694507904181 -6.386712953066698 10
1694507904465 -6.124359619938719 11
1694507904742 -5.949711310421762 12
1694507904995 -5.834847291304842 13
1694507905222 -5.760013460554804 14
1694507905489 -5.709329686000399 15
1694507905739 -5.676685865728117 16
1694507905978 -5.653384760952656 17
1694507906224 -5.6368225259991735 18
1694507906454 -5.629323132737382 19
1694507906693 -5.623698876113115 20
1694507906962 -5.620406141593411 21
1694507907204 -5.616446977766765 22
1694507907484 -5.615879227103611 23
1694507907744 -5.612694485854286 24
1694507908003 -5.614648721660782 25
1694507908287 -5.612618222446833 26
1694507908544 -5.610644272417589 27
1694507908794 -5.608548390044996 28
1694507909050 -5.608552116921268 29
