1694507901426 83.15797628502979 0
1694507901716 48.4445237811942 1
1694507901967 35.42171227828128 2
1694507902242 18.080884498614218 3
1694507902498 10.656180478666373 4
1694507902758 8.62123339021009 5
1694507903000 7.0173931207220654 6
1694507903253 4.594036466335338 7
1694507903510 4.716607532758548 8
1694507903763 6.456304354328175 9
1694507904040 6.429766677295209 10
1694507904317 5.776904201912748 11
1694507904608 3.798643401495075 12
1694507904885 1.5449387222067184 13
1694507905112 4.745066121002153 14
1694507905384 3.803563907857641 15
1694507905628 2.3391659223646917 16
1694507905867 6.419060688020718 17
1694507906116 3.3590222011933863 18
1694507906347 4.04638426451019 19
1694507906592 5.823013410525922 20
1694507906819 3.9430839090466483 21
1694507907082 3.516053435459986 22
1694507907341 7.728491879802149 23
1694507907611 2.9387670498202936 24
1694507907862 4.705249145118002 25
1694507908137 6.70774235170663 26
1694507908415 5.626883221104484 27
1694507908669 4.487495097840506 28
1694507908922 4.043958468482028 29
