1694491370084 -232.62671812075632 0
1694491370245 -232.5799574018459 1
1694491370421 -232.53320604995147 2
1694491370557 -232.48646406319602 3
1694491370684 -232.43973143970314 4
1694491370819 -232.3930081775965 5
1694491370957 -232.34629427500042 6
1694491371132 -232.29958973003932 7
1694491371263 -232.25289454083833 8
1694491371398 -232.2062087055226 9
1694491371520 -232.15953222221796 10
1694491371640 -232.11286508905042 11
1694491371770 -232.06620730414645 12
1694491371901 -232.01955886563286 13
1694491372044 -231.97291977163687 14
1694491372177 -231.92629002028607 15
1694491372355 -231.87966960970837 16
1694491372483 -231.8330585380321 17
1694491372628 -231.786456803386 18
1694491372759 -231.73986440389916 19
1694491372879 -231.69328133770097 20
1694491373011 -231.6467076029212 21
1694491373135 -231.60014319769027 22
1694491373255 -231.55358812013856 23
1694491373388 -231.50704236839712 24
1694491373514 -231.46050594059724 25
1694491373641 -231.41397883487062 26
1694491373771 -231.36746104934932 27
1694491373895 -231.32095258216583 28
1694491374031 -231.27445343145297 29
1694491374169 -231.2279635953439 30
1694491374303 -231.1814830719722 31
1694491374463 -231.1350118594719 32
1694491374587 -231.08854995597721 33
1694491374712 -231.04209735962294 34
1694491374837 -230.995654068544 35
1694491374970 -230.949220080876 36
1694491375109 -230.9027953947546 37
1694491375239 -230.85638000831614 38
1694491375378 -230.80997391969711 39
1694491375514 -230.7635771270344 40
1694491375649 -230.71718962846546 41
1694491375784 -230.6708114221278 42
1694491375948 -230.6244425061597 43
1694491376101 -230.57808287869935 44
1694491376303 -230.5317325378857 45
1694491376464 -230.48539148185787 46
1694491376661 -230.43905970875542 47
1694491376843 -230.39273721671833 48
1694491376987 -230.34642400388682 49
