1694491369984 169.4281063198635 0
1694491370132 169.39419676687865 1
1694491370290 169.36029400773606 2
1694491370459 169.32639804107401 3
1694491370595 169.29250886553123 4
1694491370722 169.25862647974637 5
1694491370852 169.2247508823587 6
1694491371003 169.19088207200758 7
1694491371171 169.15702004733265 8
1694491371301 169.1231648069739 9
1694491371437 169.08931634957148 10
1694491371555 169.05547467376593 11
1694491371674 169.02163977819797 12
1694491371810 168.98781166150866 13
1694491371942 168.95399032233928 14
1694491372083 168.92017575933144 15
1694491372224 168.886367971127 16
1694491372386 168.852566956368 17
1694491372519 168.81877271369692 18
1694491372662 168.78498524175635 19
1694491372794 168.75120453918927 20
1694491372912 168.71743060463893 21
1694491373047 168.6836634367488 22
1694491373173 168.64990303416252 23
1694491373295 168.61614939552427 24
1694491373422 168.58240251947825 25
1694491373554 168.54866240466905 26
1694491373684 168.51492904974157 27
1694491373812 168.48120245334084 28
1694491373937 168.4474826141123 29
1694491374070 168.41376953070156 30
1694491374206 168.38006320175458 31
1694491374347 168.3463636259176 32
1694491374502 168.31267080183702 33
1694491374627 168.27898472815963 34
1694491374752 168.2453054035324 35
1694491374877 168.21163282660265 36
1694491375012 168.17796699601794 37
1694491375148 168.1443079104261 38
1694491375279 168.1106555684752 39
1694491375422 168.07700996881357 40
1694491375561 168.04337111009 41
1694491375689 168.00973899095328 42
1694491375824 167.97611361005258 43
1694491375998 167.94249496603746 44
1694491376149 167.90888305755757 45
1694491376353 167.87527788326287 46
1694491376517 167.8416794418037 47
1694491376723 167.8080877318306 48
1694491376885 167.7745027519943 49
