1694510444400 -54.064232214093074 0
1694510444570 -11.401263296626649 1
1694510444718 -1.9181271445404589 2
1694510444864 0.19708290070273082 3
1694510445010 0.6725077099895992 4
1694510445162 0.7803213538286496 5
1694510445316 0.8062813548249511 6
1694510445468 0.8121830489841786 7
1694510445606 0.8137713103085351 8
1694510445737 0.8146088784184927 9
1694510445867 0.8144389997206072 10
1694510445998 0.8145445890596963 11
1694510446131 0.8146324778691646 12
1694510446269 0.8145757209423575 13
1694510446399 0.8146923349755415 14
1694510446536 0.8144543073059717 15
1694510446693 0.8144944959514192 16
1694510446826 0.8147690494187781 17
1694510446957 0.8146907738726528 18
1694510447094 0.8145280819804088 19
1694510447225 0.8143969297079856 20
1694510447354 0.814389974881367 21
1694510447493 0.814361566679707 22
1694510447633 0.8145286302069151 23
1694510447770 0.8145334226897659 24
1694510447900 0.8145871379560978 25
1694510448035 0.8144328385715403 26
1694510448175 0.8146903630667104 27
1694510448306 0.8145175359898057 28
1694510448435 0.8143479654637098 29
1694510448562 0.814376908580338 30
1694510448700 0.8144664474068037 31
1694510448839 0.8145455359131055 32
1694510448974 0.8145605650199643 33
1694510449112 0.8144853790635364 34
1694510449258 0.8145042377374985 35
1694510449413 0.814417246949477 36
1694510449551 0.814510942657225 37
1694510449685 0.8145423716142479 38
1694510449824 0.814589832857868 39
1694510449950 0.8144790458510688 40
1694510450080 0.8144921956843071 41
1694510450210 0.8146078722786161 42
1694510450340 0.814469947226626 43
1694510450474 0.8145466650694777 44
1694510450608 0.8144705644493093 45
1694510450747 0.8145503581120683 46
1694510450878 0.8144211936959921 47
1694510451025 0.814532005929183 48
1694510451164 0.8146321532223306 49
