1694491163255 -50.80171399016544 0
1694491163354 -10.591271411973038 1
1694491163464 -1.6816694295616896 2
1694491163570 0.28616878183603456 3
1694491163673 0.7156862177251564 4
1694491163773 0.8115191674914326 5
1694491163876 0.8317284393026675 6
1694491163979 0.8358894608996741 7
1694491164074 0.8366833407622134 8
1694491164181 0.8366770496772706 9
1694491164281 0.8366908872951917 10
1694491164376 0.8366248807790739 11
1694491164474 0.8365617445285063 12
1694491164568 0.8364929972710784 13
1694491164661 0.8365566586678514 14
1694491164764 0.836558272078142 15
