1694490704697 -228.03104890653242 0
1694490704829 -223.50419283424472 1
1694490704951 -219.07087539117884 2
1694490705081 -214.7255268519419 3
1694490705215 -210.46639782179724 4
1694490705380 -206.29177374236033 5
1694490705501 -202.19997419723768 6
1694490705635 -198.18935223151618 7
1694490705763 -194.258293684827 8
1694490705890 -190.4052165377129 9
1694490706054 -186.62857027103237 10
1694490706202 -182.92683523814264 11
1694490706324 -179.29852204960412 12
1694490706457 -175.7421709701576 13
1694490706586 -172.25635132772925 14
1694490706716 -168.8396609342227 15
1694490706830 -165.49072551786347 16
1694490706955 -162.20819816686503 17
1694490707082 -158.99075878419055 18
1694490707212 -155.8371135531885 19
1694490707335 -152.7459944138859 20
1694490707463 -149.71615854972566 21
1694490707588 -146.74638788454007 22
1694490707713 -143.83548858955592 23
1694490707852 -140.98229060023127 24
1694490707977 -138.18564714272728 25
1694490708102 -135.44443426982352 26
1694490708247 -132.7574519105357 27
1694490708381 -130.1238226026966 28
1694490708504 -127.54238437262023 29
1694490708639 -125.0121001228972 30
1694490708778 -122.53195339748255 31
1694490708911 -120.10084227622377 32
1694490709039 -117.71800684376618 33
1694490709163 -115.38237922620824 34
1694490709277 -113.09302150335452 35
1694490709417 -110.84890551762524 36
1694490709539 -108.64935307248282 37
1694490709668 -106.49336716112202 38
1694490709809 -104.38008232520374 39
1694490709933 -102.30853844746792 40
1694490710065 -100.2781327555128 41
1694490710188 -98.28793362153266 42
1694490710302 -96.33714244516307 43
1694490710455 -94.42486186975448 44
1694490710593 -92.55055874049187 45
1694490710727 -90.71336174459486 46
1694490710859 -88.9125339694942 47
1694490710989 -87.1472359475119 48
1694490711115 -85.41699878559409 49
