1694490704578 169.39749701273584 0
1694490704737 166.05013574532418 1
1694490704867 162.7692428750871 2
1694490704990 159.5556435336508 3
1694490705120 156.4058192624505 4
1694490705258 153.31850142815105 5
1694490705413 150.2924466693567 6
1694490705540 147.32643639268767 7
1694490705678 144.4192762789128 8
1694490705803 141.56979579893738 9
1694490705930 138.77684773945 10
1694490706097 136.0393077380349 11
1694490706241 133.35607382756083 12
1694490706365 130.72606598966175 13
1694490706493 128.14822571712705 14
1694490706621 125.62151558502389 15
1694490706750 123.144918830377 16
1694490706876 120.7174389402355 17
1694490706990 118.33809924795851 18
1694490707118 116.0059425375563 19
1694490707245 113.72003065592538 20
1694490707376 111.47944413282057 21
1694490707498 109.28328180840889 22
1694490707634 107.13066046825456 23
1694490707758 105.02071448558623 24
1694490707891 102.9525954707013 25
1694490708018 100.92547192736473 26
1694490708146 98.9385289160628 27
1694490708288 96.9907548456098 28
1694490708421 95.08179431495086 29
1694490708546 93.2106656102495 30
1694490708680 91.37661678101757 31
1694490708816 89.57891084799006 32
1694490708951 87.81661383697198 33
1694490709077 86.08944285241319 34
1694490709197 84.39649073538294 35
1694490709314 82.73707746381612 36
1694490709453 81.11032749316418 37
1694490709581 79.51600741169847 38
1694490709708 77.95326629633318 39
1694490709849 76.42147667572152 40
1694490709974 74.9198170938486 41
1694490710105 73.44809943249385 42
1694490710223 72.00552483690274 43
1694490710350 70.5915143211329 44
1694490710499 69.20529650529947 45
1694490710632 67.84672471365141 46
1694490710761 66.51504830744534 47
1694490710896 65.20973303556485 48
1694490711025 63.9300538852284 49
