1694508251336 -229.19415963926699 0
1694508251459 -225.7718799112174 1
1694508251592 -222.4056885170893 2
1694508251733 -219.09431662999674 3
1694508251853 -215.83714681630354 4
1694508251971 -212.63318578042706 5
1694508252090 -209.4814793521333 6
1694508252212 -206.38123304842048 7
1694508252329 -203.33163061298376 8
1694508252449 -200.33154896234575 9
1694508252576 -197.3803536514317 10
1694508252714 -194.4771752566278 11
1694508252843 -191.62109507869926 12
1694508252968 -188.81147717254245 13
1694508253089 -186.0474114947318 14
1694508253208 -183.32811387303732 15
1694508253329 -180.6529166371297 16
1694508253451 -178.0211021408047 17
1694508253577 -175.43190469785253 18
1694508253707 -172.884508475974 19
1694508253840 -170.3782308494933 20
1694508253966 -167.91239451861128 21
1694508254099 -165.48636249990363 22
1694508254227 -163.09937661858623 23
1694508254353 -160.7508035845201 24
1694508254483 -158.44004913235236 25
1694508254625 -156.16644577156134 26
1694508254764 -153.9293881963581 27
1694508254929 -151.7281634810573 28
1694508255067 -149.56226783831605 29
1694508255198 -147.4311099710367 30
1694508255337 -145.3340219623435 31
1694508255476 -143.27053670607285 32
1694508255609 -141.23996185708688 33
1694508255752 -139.241937382424 34
1694508255897 -137.27569148880949 35
1694508256038 -135.34084977172446 36
1694508256177 -133.43687169343355 37
1694508256313 -131.56308359376237 38
1694508256453 -129.71919229193364 39
1694508256592 -127.90456873473886 40
1694508256739 -126.11874741346719 41
1694508256875 -124.36127707122765 42
1694508257032 -122.63162277664817 43
1694508257191 -120.9293855563165 44
1694508257318 -119.25406057288713 45
1694508257454 -117.6052489989607 46
1694508257584 -115.98246298200398 47
1694508257730 -114.3853202880955 48
1694508257876 -112.81331974403375 49
