1694508251256 167.03994300440922 0
1694508251376 161.671727856529 1
1694508251505 155.64279662795644 2
1694508251639 162.8235468265156 3
1694508251775 157.0069454952663 4
1694508251892 156.33783497816628 5
1694508252012 156.1588253922721 6
1694508252130 149.34888383061795 7
1694508252254 142.82180139249223 8
1694508252373 146.5213918160375 9
1694508252490 142.42118337256252 10
1694508252625 139.96077212545043 11
1694508252757 140.39317306272633 12
1694508252885 135.9030063622916 13
1694508253008 134.93889784643122 14
1694508253126 133.7591262266512 15
1694508253251 131.49028807720327 16
1694508253371 126.8698198065129 17
1694508253493 123.05292043750588 18
1694508253619 123.71695303065624 19
1694508253750 123.8009704913549 20
1694508253883 121.47743911149118 21
1694508254009 118.22718082443997 22
1694508254144 119.01308052852191 23
1694508254271 119.23358419209403 24
1694508254396 114.44812181753275 25
1694508254532 113.80383107163492 26
1694508254671 110.74448892671631 27
1694508254818 112.72318719081531 28
1694508254975 109.62885857663433 29
1694508255114 107.14905425729577 30
1694508255242 108.42982569733381 31
1694508255388 104.70894053358738 32
1694508255522 106.7177649803561 33
1694508255655 99.6204771793502 34
1694508255799 102.74209916176683 35
1694508255944 99.06771695099462 36
1694508256087 95.61367545631735 37
1694508256223 99.66989287171631 38
1694508256362 93.52045264184879 39
1694508256500 94.0326423038667 40
1694508256641 92.80773025313344 41
1694508256786 90.60448426202728 42
1694508256927 91.07775358542564 43
1694508257082 88.69659708696646 44
1694508257237 89.05614103968146 45
1694508257365 83.59246892256894 46
1694508257501 84.40015743804867 47
1694508257636 81.4739509130641 48
1694508257784 81.67475885117173 49
