1694345894342 169.08902758239503 0
1694345894578 136.97998406743287 1
1694345894771 111.52090355484923 2
1694345894993 91.28266723992382 3
1694345895220 75.15007344129202 4
1694345895473 62.252025442801965 5
1694345895666 51.907351209238215 6
1694345895915 43.582741696662154 7
1694345896168 36.86008571323229 8
1694345896382 31.411092119789277 9
1694345896594 26.977564843219238 10
1694345896796 23.356063875785523 11
1694345897006 20.385970282088916 12
1694345897202 17.940193917815684 13
1694345897391 15.917933550114348 14
1694345897599 14.23903156272833 15
1694345897816 12.839568106528132 16
1694345898084 11.66841913718711 17
1694345898337 10.684564470244107 18
1694345898609 9.854979809962533 19
1694345898849 9.15298379375564 20
1694345899047 8.556939856310398 21
1694345899251 8.049235029751346 22
1694345899461 7.615475109044706 23
1694345899672 7.243849049298468 24
1694345899860 6.924625894462502 25
1694345900135 6.649755639897451 26
1694345900383 6.412551727211031 27
1694345900657 6.207437763861205 28
1694345900912 6.029744866367808 29
1694345901112 5.875548988024124 30
1694345901301 5.741539898521407 31
1694345901483 5.62491528027036 32
1694345901697 5.523294807955312 33
1694345901924 5.434650172065169 34
1694345902171 5.35724786215467 35
1694345902434 5.289602194448899 36
1694345902667 5.230436592302905 37
1694345902886 5.178651538959675 38
1694345903099 5.133297944873821 39
1694345903284 5.093554925911184 40
1694345903519 5.058711189028076 41
1694345903733 5.028149380277063 42
1694345903929 5.001332875289628 43
1694345904154 4.977794591849608 44
1694345904366 4.957127483333817 45
1694345904598 4.9389764349805105 46
1694345904822 4.9230313355319195 47
1694345905033 4.909021137427296 48
1694345905233 4.896708751469015 49
1694345905425 4.885886648371041 50
1694345905617 4.876373061103266 51
1694345905821 4.868008699471795 52
1694345906003 4.860653902716517 53
1694345906225 4.854186167689984 54
1694345906458 4.848497999901272 55
1694345906691 4.84349504275946 56
1694345906915 4.839094447047068 57
1694345907121 4.835223448244626 58
1694345907328 4.83181812401411 59
1694345907529 4.828822308092485 60
1694345907712 4.826186640176949 61
1694345907904 4.823867734205642 62
1694345908105 4.821827449837393 63
1694345908317 4.820032253980689 64
1694345908514 4.818452660972893 65
1694345908729 4.8170627415124345 66
1694345908947 4.815839691737933 67
1694345909172 4.814763454961325 68
1694345909348 4.81381638952318 69
1694345909534 4.8129829770705825 70
1694345909746 4.812249566278859 71
1694345909962 4.811604147665112 72
1694345910156 4.811036155685766 73
1694345910344 4.810536294784836 74
1694345910556 4.810096386472835 75
1694345910749 4.809709234877176 76
1694345910936 4.809368508519955 77
1694345911127 4.809068636354514 78
1694345911360 4.808804716333334 79
1694345911545 4.808572434990722 80
1694345911742 4.808367996708644 81
1694345911932 4.808188061496142 82
1694345912119 4.80802969025485 83
1694345912319 4.807890296627623 84
1694345912514 4.807767604636915 85
1694345912720 4.807659611415337 86
1694345912927 4.807564554415315 87
1694345913145 4.807480882558643 88
1694345913352 4.807407230852017 89
1694345913558 4.807342398051599 90
1694345913764 4.807285327010014 91
1694345913950 4.807235087383359 92
