1694489342361 89.55959284877667 0
1694489342511 50.25949161874894 1
1694489342664 20.230490363703392 2
1694489342803 16.351360972366706 3
1694489342950 11.191248507114476 4
1694489343135 8.198983826187048 5
1694489343293 10.786429774281105 6
1694489343433 6.994419382941875 7
1694489343593 4.180545333449724 8
1694489343748 7.219099020966888 9
1694489343910 4.148040536864534 10
1694489344079 7.90383501493886 11
1694489344236 6.455734122203593 12
1694489344376 5.4204572641908655 13
1694489344521 2.5012432876799036 14
1694489344674 5.091718996067511 15
1694489344818 6.058697823784847 16
1694489344963 4.4752228715402795 17
1694489345108 5.014498631176619 18
1694489345244 6.1944905041576925 19
1694489345382 3.5875311769674134 20
1694489345523 3.0702582052518275 21
1694489345665 2.57679198137081 22
1694489345799 7.376412529111827 23
1694489345931 3.674694112702997 24
1694489346065 2.859265983384669 25
1694489346208 4.894308032256457 26
1694489346367 6.221757068333729 27
1694489346516 6.921442560799464 28
1694489346652 4.470069925160377 29
1694489346799 3.3850322924155543 30
1694489346947 4.861503095281694 31
1694489347084 3.267803905029634 32
1694489347216 5.820528992473017 33
1694489347369 3.6341930325813743 34
1694489347515 5.743468962520587 35
1694489347658 4.279321658005156 36
1694489347788 4.752322680087079 37
1694489347923 6.959565101627291 38
1694489348056 4.022616592443345 39
1694489348192 3.1753619398961868 40
1694489348338 5.118856479761164 41
1694489348483 3.9569962351040924 42
1694489348619 1.2204896547116826 43
1694489348763 4.704840657791647 44
1694489348906 6.228788174653667 45
1694489349050 3.657085004816484 46
1694489349196 5.8225982717538605 47
1694489349341 4.8012655538333915 48
1694489349488 4.616438335553926 49
