1694491587981 169.32906377866652 0
1694491588113 169.29519047498258 1
1694491588283 169.2647107936473 2
1694491588413 169.23423657212385 3
1694491588545 169.20376784335025 4
1694491588673 169.17330460633573 5
1694491588798 169.1428468600898 6
1694491588924 169.11239460362233 7
1694491589088 169.08194783594323 8
1694491589223 169.05150655606263 9
1694491589392 169.0210707629909 10
1694491589517 168.99064045573851 11
1694491589654 168.9602156333162 12
1694491589784 168.92979629473473 13
1694491589911 168.89938243900522 14
1694491590045 168.86897406513884 15
1694491590168 168.83857117214706 16
1694491590310 168.8081737590413 17
1694491590434 168.77778182483348 18
1694491590565 168.74739536853542 19
1694491590695 168.7170143891593 20
1694491590822 168.68663888571731 21
1694491590947 168.65626885722205 22
1694491591076 168.62590430268605 23
1694491591207 168.59554522112217 24
1694491591337 168.56519161154338 25
1694491591492 168.5348434729629 26
1694491591650 168.5045008043941 27
1694491591774 168.47416360485045 28
1694491591912 168.44383187334572 29
1694491592031 168.41350560889373 30
1694491592168 168.38318481050862 31
1694491592312 168.35286947720462 32
1694491592436 168.32255960799608 33
1694491592563 168.29225520189772 34
1694491592701 168.26195625792425 35
1694491592827 168.2316627750906 36
1694491592956 168.201374752412 37
1694491593092 168.17109218890366 38
1694491593239 168.1408150835811 39
1694491593369 168.11054343546002 40
1694491593516 168.08027724355625 41
1694491593659 168.05001650688578 42
1694491593815 168.01976122446484 43
1694491593941 167.98951139530985 44
1694491594077 167.9592670184373 45
1694491594205 167.92902809286392 46
1694491594343 167.89879461760665 47
1694491594480 167.8685665916826 48
1694491594595 167.83834401410903 49
