1694491339388 -245.65609095907553 0
1694491339583 -245.16376954275734 1
1694491339731 -244.6724320510902 2
1694491339864 -244.1820765170465 3
1694491339998 -243.6927009775321 4
1694491340147 -243.20430347337805 5
1694491340291 -242.716882049333 6
1694491340417 -242.23043475405527 7
1694491340539 -241.74495964010507 8
1694491340678 -241.26045476393668 9
1694491340794 -240.7769181858905 10
1694491340936 -240.29434797018573 11
1694491341090 -239.8127421849119 12
1694491341214 -239.332098902022 13
1694491341346 -238.8524161973241 14
1694491341519 -238.37369215047357 15
1694491341705 -237.89592484496603 16
1694491341835 -237.41911236812925 17
1694491341954 -236.9432528111153 18
1694491342099 -236.46834426889333 19
1694491342246 -235.99438484024168 20
1694491342374 -235.52137262774042 21
1694491342523 -235.04930573776332 22
1694491342652 -234.5781822804709 23
1694491342798 -234.10800036980262 24
1694491342938 -233.6387581234689 25
1694491343117 -233.17045366294414 26
1694491343244 -232.70308511345903 27
1694491343368 -232.2366506039928 28
1694491343510 -231.77114826726608 29
1694491343652 -231.30657623973323 30
1694491343802 -230.84293266157476 31
1694491343922 -230.38021567669017 32
1694491344048 -229.91842343269022 33
1694491344178 -229.45755408088968 34
1694491344320 -228.9976057763 35
1694491344456 -228.53857667762156 36
1694491344590 -228.08046494723672 37
1694491344728 -227.6232687512023 38
1694491344867 -227.16698625924195 39
1694491344998 -226.71161564473937 40
1694491345124 -226.2571550847305 41
1694491345273 -225.80360275989642 42
1694491345402 -225.35095685455605 43
1694491345538 -224.89921555665885 44
1694491345665 -224.44837705777775 45
1694491345790 -223.99843955310143 46
1694491345942 -223.54940124142763 47
1694491346069 -223.10126032515555 48
1694491346205 -222.65401501027893 49
