1694510525691 -228.01967452034697 0
1694510525893 -223.45862261364255 1
1694510526069 -218.98848298673303 2
1694510526239 -214.60744302855773 3
1694510526394 -210.31372628250253 4
1694510526568 -206.1055917248954 5
1694510526739 -201.98133305790856 6
1694510526895 -197.93927801658074 7
1694510527054 -193.9777876896759 8
1694510527219 -190.09525585410373 9
1694510527405 -186.29010832262932 10
1694510527601 -182.56080230460725 11
1694510527764 -178.9058257794799 12
1694510527937 -175.3236968827846 13
1694510528102 -171.81296330441978 14
1694510528263 -168.3722016989254 15
1694510528435 -165.00001710753733 16
1694510528617 -161.69504239178065 17
1694510528784 -158.45593767837113 18
1694510528954 -155.2813898151992 19
1694510529141 -152.1701118381746 20
1694510529307 -149.12084244871556 21
1694510529479 -146.13234550166862 22
1694510529691 -143.20340950345184 23
1694510529896 -140.33284712021648 24
1694510530098 -137.51949469582755 25
1694510530306 -134.7622117794662 26
1694510530484 -132.059880662663 27
1694510530660 -129.4114059255724 28
1694510530850 -126.81571399230504 29
1694510531041 -124.27175269513556 30
1694510531233 -121.77849084741025 31
1694510531412 -119.3349178249792 32
1694510531589 -116.9400431559838 33
1694510531770 -114.59289611883219 34
1694510531975 -112.29252534819926 35
1694510532162 -110.03799844889062 36
1694510532322 -107.82840161741414 37
1694510532479 -105.66283927110453 38
1694510532638 -103.54043368465005 39
1694510532791 -101.46032463387415 40
1694510532951 -99.42166904662663 41
1694510533115 -97.42364066064218 42
1694510533290 -95.46542968822777 43
1694510533446 -93.54624248764208 44
1694510533607 -91.66530124103322 45
1694510533761 -89.82184363880425 46
1694510533933 -88.01512257027758 47
1694510534116 -86.24440582053299 48
1694510534277 -84.50897577329548 49
