1694425902418 3.734658446969961 0
1694425902617 3.560223115960236 1
1694425902789 4.891006689242735 2
1694425902952 3.9439174200784515 3
1694425903106 1.6623058452648285 4
1694425903273 4.889720866527421 5
1694425903461 5.969068819989768 6
1694425903683 2.16517592939466 7
1694425903872 4.067815070961039 8
1694425904057 7.936432623708759 9
1694425904268 3.367171193590504 10
1694425904467 4.877473149131206 11
1694425904679 2.86362609794751 12
1694425904881 7.749677925608852 13
1694425905048 4.578812788101306 14
1694425905227 6.161469207386431 15
1694425905415 4.519079351467245 16
1694425905585 5.781244363718567 17
1694425905748 4.262811952056522 18
1694425905907 3.5007563969729194 19
1694425906087 6.667995749288015 20
1694425906271 7.439052910687797 21
1694425906470 4.342710891377279 22
1694425906639 7.775298514441415 23
1694425906809 4.029081172181092 24
1694425906961 5.207279970479275 25
1694425907116 4.93926371477711 26
1694425907253 7.67642575451391 27
1694425907413 4.614429462714621 28
1694425907579 2.9413996644990106 29
1694425907746 4.089737041495524 30
1694425907908 2.8077323302755888 31
1694425908051 5.763750280428472 32
1694425908212 4.588637720728346 33
1694425908365 5.403554785948594 34
1694425908562 4.2474776191131385 35
1694425908728 4.887041278025626 36
1694425908889 6.2052761508112795 37
1694425909049 4.1670902840922555 38
1694425909204 2.8308353901309165 39
1694425909365 8.996938360924386 40
1694425909548 4.010121573610432 41
1694425909732 3.5698277422012463 42
1694425909914 4.700623765675557 43
1694425910107 4.0245097299667885 44
1694425910294 2.4119283965172604 45
1694425910495 5.463888702386768 46
1694425910716 4.26826768254316 47
1694425910890 5.864373044971783 48
1694425911043 2.471846801569812 49
