1694506759669 -1.045375193376647 0
1694506759973 -1.184447802868684 1
1694506760314 -1.1212111491270167 2
1694506760646 -1.1062603191364606 3
1694506760959 -1.1609899968669017 4
1694506761276 -1.1656923827925256 5
1694506761524 -0.9024770623267588 6
1694506761824 -1.0603082899493992 7
1694506762150 -1.2109100437084153 8
1694506762463 -1.2788559573957747 9
1694506762802 -1.1838062814868007 10
1694506763145 -1.1061802062546735 11
1694506763485 -1.2401067109597679 12
1694506763832 -0.9519327985916906 13
1694506764157 -1.2518121196981378 14
1694506764511 -1.2957702765997992 15
1694506764878 -1.3152327428405255 16
1694506765220 -1.5202976228022322 17
1694506765560 -1.2150488471734437 18
1694506765878 -1.1182222426213668 19
1694506766197 -1.3456185362944328 20
1694506766509 -1.2719207004745936 21
1694506766819 -1.4724044103675769 22
1694506767130 -1.074033524026209 23
1694506767481 -1.5511517636484804 24
1694506767771 -1.0367543893086713 25
1694506768069 -0.9031651255482629 26
1694506768376 -1.3598119139519445 27
1694506768692 -1.0504936195483534 28
1694506769025 -1.0979130700395947 29
1694506769383 -1.4095012659701416 30
1694506769724 -1.2555519061553504 31
1694506770049 -1.23825571061385 32
1694506770404 -1.1851472460233663 33
1694506770754 -1.0766329082282473 34
1694506771108 -1.106748080207776 35
1694506771451 -1.3970848023667917 36
1694506771766 -1.3027153538122471 37
1694506772079 -1.0156885473133817 38
1694506772411 -1.629269519612051 39
1694506772698 -1.2296403490428043 40
1694506772981 -1.115077304649322 41
1694506773286 -1.1195603366022016 42
1694506773619 -1.0709443002813361 43
1694506773916 -1.3086666054572835 44
1694506774196 -1.1497692206527113 45
1694506774484 -1.5404546064031837 46
1694506774780 -0.9658896807442348 47
1694506775096 -1.2018348434806847 48
1694506775389 -1.429884003406522 49
