1694506759464 2.693271785139769 0
1694506759816 0.9267872960530936 1
1694506760108 1.0879978098892669 2
1694506760428 1.8576101047004787 3
1694506760775 1.9315187150054673 4
1694506761099 0.006790167941959706 5
1694506761385 2.217047955536759 6
1694506761641 0.3299984111852054 7
1694506761963 1.5178348990150858 8
1694506762284 0.22837934003814764 9
1694506762580 1.1685185602453465 10
1694506762939 0.398738774493565 11
1694506763294 2.1937844202556187 12
1694506763601 0.7161039143460933 13
1694506763961 1.1059379544583854 14
1694506764297 0.8593835981448602 15
1694506764657 0.5041505658700729 16
1694506765004 2.5484180870965263 17
1694506765362 1.7287439492566146 18
1694506765696 1.5323059664912893 19
1694506766003 1.9004697885604955 20
1694506766327 2.162808331117329 21
1694506766644 1.2062652038672925 22
1694506766941 1.5871139092348956 23
1694506767260 1.3027034766393524 24
1694506767603 3.7953039466089318 25
1694506767903 1.370320361398587 26
1694506768184 5.327610079838076 27
1694506768488 1.149823643955188 28
1694506768834 0.7989406455120759 29
1694506769156 2.4437636547647155 30
1694506769509 2.9503395344854924 31
1694506769844 0.34905657358304126 32
1694506770181 1.2765562008671119 33
1694506770542 2.027918124196149 34
1694506770898 2.617333816947894 35
1694506771241 2.6554073189213088 36
1694506771584 2.6935490318157926 37
1694506771897 0.9881308818199799 38
1694506772228 1.025945618255973 39
1694506772540 2.888020036558856 40
1694506772820 1.8827915369745636 41
1694506773101 2.0378662094574898 42
1694506773412 3.594540602713195 43
1694506773738 0.49873367014353676 44
1694506774038 1.0531746371676567 45
1694506774321 0.8749738943943238 46
1694506774611 4.1357467109990536 47
1694506774921 0.31058515409117476 48
1694506775215 0.2876789429676936 49
