1694510458601 39.03939745505853 0
1694510458733 8.531885703679395 1
1694510458864 2.0582397328893483 2
1694510458993 0.5137983688916411 3
1694510459130 0.2195128655264021 4
1694510459263 0.10692717723003915 5
1694510459395 0.10954607845467561 6
1694510459526 0.12524108508309895 7
1694510459666 0.1893711440905499 8
1694510459814 0.11650584277983436 9
1694510459947 0.1408510228581673 10
1694510460088 0.10011798325594536 11
1694510460224 0.08423291663592254 12
1694510460358 0.07222997922937364 13
1694510460496 0.09927154172106015 14
1694510460637 0.06252813157713116 15
1694510460774 0.13834872827861047 16
1694510460909 0.1651601117831065 17
1694510461045 0.1857681710321129 18
1694510461180 0.12709650110263154 19
1694510461313 0.20088583200798807 20
1694510461444 0.09160088311107073 21
1694510461579 0.09461495467151995 22
1694510461709 0.1174485643401733 23
1694510461843 0.10691480664166945 24
1694510461984 0.13385979760157382 25
1694510462114 0.13772125610400285 26
1694510462248 0.14855761777476517 27
1694510462378 0.07112927783917491 28
1694510462510 0.0868092930607729 29
1694510462654 0.06213347059291459 30
1694510462785 0.3597950403607558 31
1694510462920 0.16206171632491884 32
1694510463051 0.14081312605253 33
1694510463186 0.11208170784207076 34
1694510463312 0.1338761239498456 35
1694510463446 0.09830406803809946 36
1694510463580 0.06481519735101467 37
1694510463713 0.09006430258622915 38
1694510463847 0.09015276413311049 39
1694510463981 0.10242450945460543 40
1694510464125 0.18092501229255642 41
