1694349908705 169.08902758239503 0
1694349908973 136.9799840674329 1
1694349909197 111.20155989161431 2
1694349909402 90.29892081530303 3
1694349909608 73.3463152941939 4
1694349909831 59.59824975348671 5
1694349910030 48.44620563007713 6
1694349910235 39.39739834038336 7
1694349910512 32.05582703368486 8
1694349910727 26.09745370765937 9
1694349910918 21.2596976497506 10
1694349911131 17.332398024537827 11
1694349911333 14.14215753320241 12
1694349911515 11.55084632946594 13
1694349911715 9.445063512601521 14
1694349911905 7.732562551017357 15
1694349912126 6.34033771021908 16
1694349912322 5.207227724377597 17
1694349912523 4.2851770582155435 18
1694349912756 3.5340282374293195 19
1694349913002 2.9220896422627303 20
1694349913196 2.423021943948328 21
1694349913393 2.0158706183487918 22
1694349913591 1.6833883941297552 23
1694349913799 1.4116702532351644 24
1694349913990 1.1894516473404277 25
1694349914175 1.0074601161612373 26
1694349914366 0.8583675421591426 27
1694349914567 0.7359495997088953 28
1694349914767 0.6354674882685973 29
1694349914968 0.5527060501025506 30
1694349915179 0.4846286988443657 31
1694349915387 0.4283478517271207 32
1694349915591 0.38194479698035766 33
1694349915793 0.343412089219269 34
1694349916008 0.3115638964793787 35
1694349916193 0.28497891039146406 36
1694349916388 0.2629504899624382 37
1694349916632 0.244450027119843 38
1694349916822 0.22908290979733428 39
1694349917008 0.21608572430401543 40
1694349917227 0.20526576924232512 41
1694349917440 0.1960405654287534 42
1694349917659 0.18834682712607045 43
1694349917863 0.18172713650397235 44
1694349918042 0.1761999531341846 45
1694349918245 0.17139569959281287 46
1694349918450 0.1673832960450822 47
1694349918652 0.1638560581413283 48
1694349918844 0.1609128999733078 49
1694349919046 0.15829317542361246 50
1694349919255 0.1561124685258501 51
1694349919472 0.15414466681445826 52
1694349919669 0.15251341522657327 53
1694349919863 0.151019180635503 54
1694349920070 0.14978817017679044 55
1694349920252 0.1486418431160444 56
1694349920440 0.14770551921812058 57
1694349920632 0.14681765191788346 58
1694349920839 0.14610057099482432 59
1694349921036 0.14540680085703458 60
1694349921222 0.14485446082876363 61
1694349921451 0.14430795818561182 62
1694349921671 0.14388055573427644 63
1694349921853 0.1434468647348423 64
1694349922047 0.1431150161092481 65
1694349922242 0.14276850456232845 66
1694349922454 0.14251028969810478 67
1694349922689 0.1422316859825344 68
1694349922908 0.14203058918264078 69
1694349923122 0.14180525782963915 70
1694349923334 0.14164871959492467 71
1694349923541 0.14146544211627898 72
1694349923764 0.14134383048903496 73
1694349923977 0.14119393437914357 74
1694349924160 0.14109980652506712 75
1694349924343 0.14097653620773992 76
1694349924548 0.14090410255503313 77
1694349924764 0.14080216000844212 78
1694349924975 0.14074689109967875 79
1694349925187 0.1408699636625358 80
1694349925361 0.14057281665373778 81
1694349925566 0.14067661065443357 82
1694349925781 0.14044868444021505 83
1694349925986 0.14053569556958811 84
1694349926191 0.14035835192070428 85
1694349926407 0.14043142795997637 86
1694349926609 0.1402914951818656 87
1694349926815 0.14035329841927446 88
1694349926996 0.14024133411273051 89
1694349927203 0.1402941442739607 90
1694349927391 0.14020329635245077 91
1694349927591 0.1402489752420832 92
1694349927790 0.14017421915374403 93
1694349928004 0.14021424528571763 94
1694349928219 0.1401518631238239 95
1694349928422 0.1401873907911062 96
1694349928632 0.14013460938224234 97
1694349928848 0.1401665307441308 98
1694349929038 0.14012126641683617 99
1694349929230 0.1401502675171785 100
1694349929408 0.14011094382696962 101
1694349929613 0.1401375515473277 102
1694349929826 0.14010296773502107 103
1694349930002 0.14012758752180846 104
1694349930211 0.14009682275952753 105
