1694349930859 169.42810631986347 0
1694349931086 137.21548551010306 1
1694349931300 111.36441726115787 2
1694349931489 90.40734159273663 3
1694349931680 73.41843226574329 4
1694349931891 59.64325711525601 5
1694349932122 48.472160904272116 6
1694349932299 39.40963574879353 7
1694349932495 32.059201231681456 8
1694349932710 26.09504321432474 9
1694349932934 21.253160613814593 10
1694349933115 17.323894651011663 11
1694349933300 14.133388355549046 12
1694349933490 11.540677574411815 13
1694349933700 9.43524293066685 14
1694349933881 7.724044190440095 15
1694349934092 6.331541276004391 16
1694349934299 5.199834818064241 17
1694349934510 4.278896898266809 18
1694349934720 3.5279956850158376 19
1694349934918 2.9171723181784848 20
1694349935133 2.4193085583027805 21
1694349935351 2.0122018871081995 22
1694349935550 1.6807427108123878 23
1694349935731 1.409238977667238 24
1694349935925 1.187854175439883 25
1694349936150 1.0067527960455134 26
1694349936337 0.8576054363231896 27
1694349936576 0.7359520854586179 28
1694349936762 0.6354969662327626 29
1694349936976 0.5533771111931504 30
1694349937165 0.48536818610113863 31
1694349937356 0.429617937409107 32
1694349937537 0.3833016569044068 33
1694349937747 0.3452036411248766 34
1694349937931 0.31375293420690065 35
1694349938142 0.28713446144328 36
1694349938314 0.2654178022364056 37
1694349938527 0.24694864347725876 38
1694349938731 0.23181983082950885 39
1694349938946 0.21889164307748027 40
1694349939167 0.2082493060186544 41
1694349939394 0.19911360812636866 42
1694349939573 0.19154851036595588 43
1694349939756 0.1850279254860435 44
1694349939942 0.17959049949492686 45
1694349940168 0.1748880742386881 46
1694349940347 0.1709349509270918 47
1694349940540 0.16750800326440096 48
1694349940728 0.16460050250744207 49
1694349940923 0.1620769796290258 50
1694349941129 0.159913821138021 51
1694349941361 0.15803670170824627 52
1694349941594 0.15640928427792689 53
1694349941783 0.15499951206777338 54
1694349941975 0.15376210081257893 55
1694349942203 0.1526937867400178 56
1694349942443 0.15174356677237374 57
1694349942656 0.1509273309627526 58
1694349942833 0.15019100550969627 59
1694349943033 0.14956273420603186 60
1694349943236 0.14898747516483107 61
1694349943433 0.14850069064563848 62
1694349943643 0.1480479928476809 63
1694349943840 0.14766864272139327 64
1694349944042 0.14731012257111584 65
1694349944220 0.1470129959467242 66
1694349944411 0.14672749772614938 67
1694349944599 0.14649374069055385 68
1694349944809 0.14626532679946558 69
1694349944983 0.1460807048985173 70
1694349945172 0.14589724713045363 71
1694349945393 0.14575091872545878 72
1694349945652 0.14560310098466508 73
1694349945856 0.14548674253973304 74
1694349946049 0.14536734736661266 75
1694349946228 0.14527452314080072 76
1694349946442 0.14517791567622904 77
1694349946656 0.1451036186589588 78
1694349946848 0.14502536924710635 79
1694349947048 0.14496568322903522 80
1694349947283 0.14490228835053653 81
1694349947467 0.14485413655633317 82
1694349947679 0.14480281024448857 83
1694349947884 0.1447637664752392 84
1694349948082 0.14472228280967714 85
1694349948280 0.1446904282108733 86
1694349948498 0.14465700123752692 87
1694349948716 0.14463081472526348 88
1694349948940 0.14460400610186006 89
1694349949140 0.14458227987782324 90
1694349949354 0.1445609272775394 91
