1694490217852 0.001092741203908737 0
1694490218002 0.23617634793416128 1
1694490218147 0.003303267641808028 2
1694490218285 0.3913579003822766 3
1694490218433 0.02190128861572712 4
1694490218609 0.5780471900302334 5
1694490218764 0.1124733193102676 6
1694490218912 0.0011174772340736584 7
1694490219062 0.04254371341194469 8
1694490219207 0.09896239573931792 9
1694490219361 1.9267717425116538e-06 10
1694490219505 0.009547491040793075 11
1694490219655 1.0185832214910833 12
1694490219801 0.04802979047897162 13
1694490219949 0.27913744402742163 14
1694490220094 0.15811909896314794 15
1694490220244 0.04085612827144051 16
1694490220395 0.00017679874635106722 17
1694490220535 0.11517245059659192 18
1694490220673 0.1324260682738441 19
1694490220821 0.12451126039297057 20
1694490220972 0.0275790523376908 21
1694490221111 0.2559381784489711 22
1694490221242 0.13971044183470888 23
1694490221377 0.06892924046473081 24
1694490221525 4.294260445812257e-05 25
1694490221667 2.7748306825914977 26
1694490221806 0.1782027707849749 27
1694490221954 0.036751676303868705 28
1694490222106 0.09142264527132714 29
1694490222240 0.0025742250823071974 30
1694490222386 0.00107956522503997 31
1694490222542 0.058631498872824345 32
1694490222693 3.567260138760204e-05 33
1694490222843 0.034016352113059124 34
1694490222974 0.26132321192723446 35
1694490223131 0.0024054316311639197 36
1694490223277 0.3291076262093572 37
1694490223405 0.36567983714343627 38
1694490223543 0.0064691777846821365 39
1694490223682 0.08418321876452692 40
1694490223828 0.013918191623519661 41
1694490223974 0.008502845387348901 42
1694490224118 0.1368680731879326 43
1694490224258 0.003359877151238857 44
1694490224392 0.14240753195821493 45
1694490224538 0.07154628746206018 46
1694490224678 0.047524617372118064 47
1694490224814 0.18464150697234633 48
1694490224946 0.001853042610876538 49
