1694509773901 -232.83264912131926 0
1694509774096 -232.78551892026672 1
1694509774315 -232.73839819073993 2
1694509774507 -232.69128693083874 3
1694509774683 -232.64418513866318 4
1694509774848 -232.5978101691136 5
1694509775024 -232.55144444820058 6
1694509775229 -232.50508797407565 7
1694509775429 -232.4587407448907 8
1694509775630 -232.4124027587979 9
1694509775812 -232.36607401394997 10
1694509776007 -232.3197545084998 11
1694509776214 -232.27344424060078 12
1694509776395 -232.22714320840666 13
1694509776586 -232.18085141007145 14
1694509776778 -232.13456884374966 15
1694509776972 -232.08829550759617 16
1694509777157 -232.04203139976613 17
1694509777331 -231.99577651841508 18
1694509777516 -231.94953086169897 19
1694509777694 -231.90329442777414 20
1694509777857 -231.85706721479724 21
1694509778028 -231.81084922092535 22
1694509778201 -231.76464044431583 23
1694509778382 -231.71844088312648 24
1694509778558 -231.6722505355155 25
1694509778748 -231.62606939964138 26
1694509778923 -231.57989747366292 27
1694509779076 -231.53373475573957 28
1694509779244 -231.48758124403074 29
1694509779426 -231.44143693669656 30
1694509779611 -231.3953018318974 31
1694509779805 -231.34917592779385 32
1694509779981 -231.30305922254718 33
1694509780177 -231.25695171431875 34
1694509780330 -231.21085340127047 35
1694509780531 -231.16476428156443 36
1694509780727 -231.1186843533633 37
1694509780936 -231.07261361482998 38
1694509781150 -231.02655206412774 39
1694509781330 -230.9804996994203 40
1694509781536 -230.93445651887174 41
1694509781708 -230.8884225206464 42
1694509781958 -230.84239770290904 43
1694509782161 -230.7963820638248 44
1694509782354 -230.75037560155934 45
1694509782542 -230.7043783142783 46
1694509782734 -230.6583902001481 47
1694509782921 -230.61241125733528 48
1694509783114 -230.56644148400682 49
