1694509773784 169.56764262949264 0
1694509773955 169.53347237127682 1
1694509774158 169.49930898097085 2
1694509774378 169.46515245719652 3
1694509774554 169.43100279857575 4
1694509774729 169.3968600037308 5
1694509774897 169.36324359442983 6
1694509775086 169.32963389023774 7
1694509775289 169.296030889814 8
1694509775481 169.2624345918184 9
1694509775679 169.22884499491087 10
1694509775876 169.1952620977518 11
1694509776067 169.16168589900167 12
1694509776280 169.12811639732126 13
1694509776448 169.09455359137175 14
1694509776641 169.0609974798144 15
1694509776828 169.02744806131093 16
1694509777027 168.99390533452322 17
1694509777207 168.9603692981133 18
1694509777383 168.9268399507437 19
1694509777564 168.89331729107712 20
1694509777737 168.85980131777654 21
1694509777904 168.8262920295051 22
1694509778076 168.79278942492638 23
1694509778249 168.7592935027041 24
1694509778432 168.72580426150225 25
1694509778607 168.69232169998523 26
1694509778800 168.65884581681755 27
1694509778967 168.6253766106641 28
1694509779124 168.59191408018984 29
1694509779287 168.55845822406027 30
1694509779479 168.52500904094097 31
1694509779669 168.49156652949787 32
1694509779852 168.45813068839715 33
1694509780040 168.42470151630522 34
1694509780223 168.39127901188877 35
1694509780383 168.3578631738148 36
1694509780586 168.3244540007505 37
1694509780788 168.2910514913635 38
1694509781006 168.2576556443214 39
1694509781204 168.22426645829236 40
1694509781386 168.19088393194465 41
1694509781580 168.15750806394684 42
1694509781760 168.12413885296775 43
1694509782020 168.0907762976765 44
1694509782211 168.05742039674243 45
1694509782408 168.02407114883525 46
1694509782606 167.99072855262483 47
1694509782793 167.95739260678133 48
1694509782978 167.92406330997517 49
