1694508816346 -245.7299714173622 0
1694508816528 -245.68563779145143 1
1694508816706 -245.64131288129454 2
1694508816842 -245.59699674423547 3
1694508817016 -245.55268937846492 4
1694508817189 -245.5083907821744 5
1694508817361 -245.46410095355617 6
1694508817552 -245.41981989080261 7
1694508817725 -245.3755475921066 8
1694508817893 -245.33128405566129 9
1694508818066 -245.28702927966032 10
1694508818233 -245.2427832622977 11
1694508818406 -245.19854600176785 12
1694508818580 -245.15431749626538 13
1694508818796 -245.1100977439855 14
1694508818980 -245.0658867431237 15
1694508819174 -245.02168449187593 16
1694508819353 -244.97749098843838 17
1694508819511 -244.93330623100775 18
1694508819692 -244.88913021778095 19
1694508819892 -244.8449629469556 20
1694508820036 -244.80080441672936 21
1694508820175 -244.7566546253003 22
1694508820327 -244.71251357086723 23
1694508820505 -244.66838125162886 24
1694508820683 -244.62425766578463 25
1694508820841 -244.58014281153416 26
1694508820992 -244.53603668707748 27
1694508821147 -244.4919392906152 28
1694508821303 -244.4478506203479 29
1694508821460 -244.40377067447704 30
1694508821607 -244.35969945120408 31
1694508821793 -244.315636948731 32
1694508821990 -244.27158316526013 33
1694508822162 -244.22753809899424 34
1694508822333 -244.18350174813634 35
1694508822476 -244.1394741108901 36
1694508822663 -244.09545518545923 37
1694508822847 -244.05144497004795 38
1694508822991 -244.00744346286098 39
1694508823148 -243.96345066210316 40
1694508823301 -243.91946656598006 41
1694508823460 -243.87549117269737 42
1694508823619 -243.83152448046116 43
1694508823801 -243.78756648747802 44
1694508823977 -243.7436171919547 45
1694508824148 -243.69967659209865 46
1694508824330 -243.65574468611746 47
1694508824483 -243.6118214722191 48
1694508824642 -243.56790694861195 49
