1694508816229 168.8264167113303 0
1694508816399 168.79267700463643 1
1694508816582 168.76231820241654 2
1694508816748 168.7319653708884 3
1694508816893 168.70161854931854 4
1694508817065 168.67127773646718 5
1694508817231 168.64094293109534 6
1694508817419 168.61061413196424 7
1694508817607 168.5802913378354 8
1694508817770 168.54997454747058 9
1694508817954 168.51966375963184 10
1694508818115 168.48935897308144 11
1694508818289 168.459060186582 12
1694508818458 168.42876739889627 13
1694508818635 168.3984806087874 14
1694508818852 168.36819981501864 15
1694508819028 168.33792501635364 16
1694508819229 168.30765621155626 17
1694508819410 168.27739339939063 18
1694508819564 168.2471365786211 19
1694508819749 168.21688574801232 20
1694508819939 168.18664090632925 21
1694508820083 168.15640205233694 22
1694508820221 168.12616918480091 23
1694508820382 168.09594230248686 24
1694508820551 168.06572140416066 25
1694508820727 168.03550648858848 26
1694508820882 168.00529755453692 27
1694508821040 167.97509460077262 28
1694508821193 167.94489762606258 29
1694508821347 167.91470662917405 30
1694508821502 167.8845216088745 31
1694508821654 167.85434256393174 32
1694508821849 167.82416949311377 33
1694508822048 167.7940023951889 34
1694508822211 167.76384126892566 35
1694508822381 167.73368611309283 36
1694508822521 167.7035369264595 37
1694508822724 167.67339370779501 38
1694508822892 167.64325645586888 39
1694508823041 167.61312516945105 40
1694508823196 167.58299984731153 41
1694508823351 167.5528804882207 42
1694508823511 167.52276709094923 43
1694508823680 167.49265965426798 44
1694508823852 167.462558176948 45
1694508824027 167.43246265776085 46
1694508824200 167.40237309547805 47
1694508824380 167.3722894888716 48
1694508824528 167.3422118367136 49
