1694508794431 169.181577340279 0
1694508794586 168.8431730188456 1
1694508794727 168.50889291070996 2
1694508794873 168.1753414828232 3
1694508795014 167.84251712126127 4
1694508795197 167.51041817514692 5
1694508795387 167.1790429974383 6
1694508795536 166.8483899449195 7
1694508795703 166.5184573781913 8
1694508795872 166.18924366166257 9
1694508796030 165.86074716354096 10
1694508796176 165.53296625582414 11
1694508796341 165.20589931429086 12
1694508796523 164.87954471849204 13
1694508796667 164.55390085174204 14
1694508796831 164.22896610110956 15
1694508797000 163.90473885740892 16
1694508797170 163.5812175151915 17
1694508797350 163.25840047273647 18
1694508797544 162.9362861320424 19
1694508797726 162.61487289881848 20
1694508797902 162.2941591824756 21
1694508798065 161.97414339611782 22
1694508798224 161.65482395653362 23
1694508798384 161.33619928418733 24
1694508798557 161.0182678032103 25
1694508798710 160.70102794139245 26
1694508798883 160.3844781301736 27
1694508799039 160.06861680463493 28
1694508799217 159.7534424034903 29
1694508799381 159.438953369078 30
1694508799550 159.1251481473518 31
1694508799698 158.81202518787288 32
1694508799908 158.49958294380096 33
1694508800073 158.18781987188623 34
1694508800229 157.8767344324606 35
1694508800385 157.56632508942948 36
1694508800546 157.2565903102632 37
1694508800707 156.9475285659888 38
1694508800872 156.63913833118164 39
1694508801024 156.33141808395686 40
1694508801203 156.02436630596145 41
1694508801369 155.7179814823655 42
1694508801521 155.4122621018544 43
1694508801713 155.10720665662006 44
1694508801922 154.80281364235304 45
1694508802109 154.49908155823422 46
1694508802284 154.1960089069267 47
1694508802450 153.89359419456727 48
1694508802618 153.59183593075875 49
