1694489770528 -228.01967452034697 0
1694489770702 -223.46779069731306 1
1694489770833 -219.01551230679834 2
1694489770954 -214.66056913655757 3
1694489771081 -210.40074391446433 4
1694489771219 -206.23387105864438 5
1694489771358 -202.15783545731304 6
1694489771486 -198.17057127760836 7
1694489771608 -194.2700608027274 8
1694489771739 -190.45433329669194 9
1694489771861 -186.72146389608423 10
1694489771997 -183.0695725281086 11
1694489772129 -179.496822854353 12
1694489772261 -176.0014212396362 13
1694489772413 -172.58161574534293 14
1694489772540 -169.23569514666377 15
1694489772684 -165.96198797316876 16
1694489772814 -162.7588615721594 17
1694489772944 -159.62472119425536 18
1694489773072 -156.55800910068672 19
1694489773209 -153.55720369177342 20
1694489773331 -150.62081865608772 21
1694489773459 -147.74740213980633 22
1694489773584 -144.9355359357712 23
1694489773715 -142.18383469178957 24
1694489773853 -139.49094513771388 25
1694489773967 -136.8555453308558 26
1694489774098 -134.2763439192957 27
1694489774229 -131.7520794226626 28
1694489774353 -129.2815195299676 29
1694489774494 -126.86346041408494 30
1694489774628 -124.49672606248423 31
1694489774737 -122.1801676238264 32
1694489774862 -119.91266277004611 33
1694489774999 -117.69311507355096 34
1694489775125 -115.52045339917875 35
1694489775248 -113.39363131056011 36
1694489775368 -111.31162649054454 37
1694489775492 -109.27344017535415 38
1694489775627 -107.2780966021393 39
1694489775745 -105.32464246961605 40
1694489775865 -103.4121464114746 41
1694489775995 -101.53969848225508 42
1694489776121 -99.70640965539307 43
1694489776249 -97.9114113331461 44
1694489776366 -96.1538548681178 45
1694489776489 -94.43291109610409 46
1694489776614 -92.74776987999192 47
1694489776762 -91.09763966444761 48
1694489776897 -89.48174704113805 49
