1694489770450 169.4281063198635 0
1694489770572 166.05396746635364 1
1694489770746 162.75374171021022 2
1694489770871 159.52574315248287 3
1694489770992 156.36832523009798 4
1694489771114 153.27987978677078 5
1694489771259 150.25883616600657 6
1694489771392 147.30366032566306 7
1694489771519 144.4128539735602 8
1694489771638 141.58495372363524 9
1694489771780 138.81853027215215 10
1694489771900 136.1121875934881 11
1694489772035 133.46456215502914 12
1694489772169 130.87432215071962 13
1694489772308 128.34016675282047 14
1694489772450 125.86082538144178 15
1694489772578 123.4350569914262 16
1694489772726 121.06164937616897 17
1694489772853 118.73941848797107 18
1694489772983 116.46720777453072 19
1694489773109 114.24388753118936 20
1694489773250 112.06835426855525 21
1694489773372 109.93953009513939 22
1694489773497 107.85636211464468 23
1694489773622 105.81782183756002 24
1694489773758 103.82290460671757 25
1694489773891 101.87062903648096 26
1694489774010 99.96003646523921 27
1694489774140 98.0901904208893 28
1694489774267 96.26017609899813 29
1694489774394 94.46909985334143 30
1694489774537 92.71608869852474 31
1694489774662 91.00028982439878 32
1694489774786 89.32087012198805 33
1694489774902 87.67701572065846 34
1694489775039 86.0679315362562 35
1694489775163 84.49284082995658 36
1694489775290 82.9509847775676 37
1694489775405 81.44162204903957 38
1694489775535 79.96402839793744 39
1694489775660 78.51749626063854 40
1694489775780 77.10133436502444 41
1694489775905 75.71486734844075 42
1694489776033 74.35743538470405 43
1694489776156 73.02839381994076 44
1694489776289 71.72711281704765 45
1694489776406 70.45297700856881 46
1694489776528 69.20538515778851 47
1694489776656 67.98374982784492 48
1694489776800 66.78749705867321 49
