1694509048426 0.7936086964238149 0
1694509048611 0.7789606554010612 1
1694509048777 0.7934034742207321 2
1694509048977 0.7892474670319555 3
1694509049144 0.818310855781311 4
1694509049312 0.8204108180652869 5
1694509049479 0.7938390353018376 6
1694509049675 0.796065243570488 7
1694509049850 0.7586020979953927 8
1694509050022 0.8236935832143468 9
1694509050190 0.8093655070190726 10
1694509050357 0.8171714469439473 11
1694509050548 0.8163832767126882 12
1694509050716 0.8159042671842969 13
1694509050909 0.811769343079856 14
1694509051070 0.8041253064126406 15
1694509051261 0.7757387878372325 16
1694509051461 0.8140642952564202 17
1694509051658 0.8167505348568437 18
1694509051844 0.7807621610913656 19
1694509052025 0.8094856788490437 20
1694509052196 0.7941708851124945 21
1694509052373 0.7976211551319718 22
1694509052564 0.7564255346186097 23
1694509052737 0.7916743689070682 24
1694509052906 0.8224412840278249 25
1694509053074 0.8103430414145187 26
1694509053244 0.7755386156994679 27
1694509053410 0.8093523859408643 28
1694509053594 0.792291987271177 29
1694509053787 0.8093413677474466 30
1694509053950 0.8087153011160678 31
1694509054126 0.7554803391043434 32
1694509054313 0.7508246271308145 33
1694509054474 0.7763341877327143 34
1694509054651 0.7970789823711801 35
1694509054841 0.78966739682739 36
1694509055008 0.8275419836854789 37
1694509055178 0.8059942892549093 38
1694509055373 0.772566577298831 39
1694509055574 0.7902543478458979 40
1694509055751 0.7870233095559267 41
1694509055933 0.8007305803247551 42
1694509056099 0.8004121101066879 43
1694509056268 0.7711811901820799 44
1694509056465 0.8193716371117081 45
1694509056662 0.7485334005953452 46
1694509056830 0.8093260902196984 47
1694509057007 0.7981322508730656 48
1694509057178 0.8046217326793956 49
