1694509048346 0.009088292077311984 0
1694509048531 0.0005334652728964092 1
1694509048698 0.1740648144074606 2
1694509048889 0.059467315926174845 3
1694509049063 0.026713177399134324 4
1694509049230 0.005930789299714694 5
1694509049400 0.23669282068385356 6
1694509049593 0.22366720797879938 7
1694509049762 0.22637569675987168 8
1694509049940 0.8742465295852434 9
1694509050109 0.13645060246203386 10
1694509050275 0.010666855627495026 11
1694509050470 0.0027509057956654863 12
1694509050634 0.009505489678227034 13
1694509050831 0.24051081776636377 14
1694509050993 0.4498152865974145 15
1694509051180 0.03385239270806476 16
1694509051375 4.512901445124037e-06 17
1694509051576 0.05875725343932989 18
1694509051765 0.10901608145290832 19
1694509051934 0.7085457359778818 20
1694509052115 0.112179634170954 21
1694509052291 0.18675829592158566 22
1694509052460 0.021389576818681234 23
1694509052656 0.18647494556039904 24
1694509052828 3.136801752895869e-07 25
1694509052993 0.017694234488855994 26
1694509053162 0.06806623491472094 27
1694509053329 0.011798365585986853 28
1694509053512 0.0008024555063370376 29
1694509053703 0.055978130318951734 30
1694509053871 7.801267328178171e-05 31
1694509054040 0.05518700356441717 32
1694509054227 0.10498528955469279 33
1694509054399 0.041533535909459164 34
1694509054569 0.2345871561070749 35
1694509054760 0.17577149094028735 36
1694509054926 0.05483718579200082 37
1694509055097 0.12991453496247232 38
1694509055295 0.019992209052953767 39
1694509055488 0.009868712264833168 40
1694509055670 0.7710480140250041 41
1694509055850 1.150611579371176 42
1694509056018 1.084437251701918 43
1694509056189 0.010456301891658573 44
1694509056380 1.4724602972574752 45
1694509056576 0.15385236196246002 46
1694509056750 0.2495997141414629 47
1694509056923 0.002295386267222976 48
1694509057096 0.22937485061856047 49
