1694489738781 -209.49093163074178 0
1694489738880 -181.04813132125196 1
1694489738980 -156.84292075368535 2
1694489739080 -136.216143057062 3
1694489739162 -118.61578703259394 4
1694489739250 -103.57528457575715 5
1694489739332 -90.70464898289117 6
1694489739424 -79.67362354873336 7
1694489739533 -70.20369424433646 8
1694489739628 -62.060217998973506 9
1694489739714 -55.04590768009228 10
1694489739817 -48.99340819937709 11
1694489739918 -43.76051052365049 12
1694489740014 -39.22780652097652 13
1694489740107 -35.29475159283559 14
1694489740210 -31.875492797220815 15
1694489740305 -28.896498843549494 16
1694489740393 -26.29621602307337 17
1694489740484 -24.021785472096557 18
1694489740576 -22.02841430108919 19
1694489740675 -20.278076400966675 20
1694489740774 -18.737819347172024 21
1694489740865 -17.38052561932978 22
1694489740949 -16.18156395815569 23
1694489741043 -15.120215467570361 24
1694489741141 -14.179439584919445 25
1694489741224 -13.344480062043692 26
1694489741312 -12.601416772524795 27
1694489741404 -11.939293264190088 28
1694489741505 -11.348216344765289 29
1694489741600 -10.819719352690806 30
1694489741690 -10.346564562134281 31
1694489741776 -9.922414096310936 32
1694489741881 -9.541568126956252 33
1694489741996 -9.199166602369624 34
1694489742099 -8.891045045565592 35
1694489742194 -8.613498274729325 36
1694489742294 -8.363196250836678 37
1694489742394 -8.137110012513972 38
1694489742492 -7.932693993083781 39
1694489742593 -7.747924111413237 40
1694489742685 -7.5803847674842455 41
1694489742770 -7.428794515951786 42
1694489742871 -7.291195445964005 43
1694489742957 -7.166387529915573 44
1694489743057 -7.053149848250364 45
1694489743158 -6.950355435916787 46
1694489743260 -6.856782863022363 47
1694489743357 -6.771687649638406 48
1694489743450 -6.694309927519129 49
