1694489738720 151.830309253548 0
1694489738816 129.1872894066616 1
1694489738915 108.90639401567249 2
1694489739018 97.43743504652988 3
1694489739108 82.68911987770997 4
1694489739194 75.17014319953068 5
1694489739278 63.79521720460526 6
1694489739365 56.08727635831207 7
1694489739460 50.3881394469014 8
1694489739568 44.31081174427953 9
1694489739655 39.48156521441078 10
1694489739752 33.53320826302056 11
1694489739852 31.10379150330175 12
1694489739953 28.249427570308537 13
1694489740048 25.98244237007093 14
1694489740143 22.256351855340625 15
1694489740241 21.053461923459956 16
1694489740333 18.88796766381398 17
1694489740422 18.117896816653484 18
1694489740516 15.450192293116883 19
1694489740611 14.662586953914445 20
1694489740709 14.086843595072999 21
1694489740808 13.180717875036459 22
1694489740894 12.652357595290768 23
1694489740979 11.354044818645354 24
1694489741077 11.44553712678854 25
1694489741170 9.523455233717195 26
1694489741258 9.084232019995518 27
1694489741340 8.778506750536563 28
1694489741439 8.525280595440021 29
1694489741538 8.106663037720496 30
1694489741634 7.600791743212746 31
1694489741721 7.798632894048488 32
1694489741809 7.588213103779412 33
1694489741921 6.831617595655325 34
1694489742032 7.231039966656292 35
1694489742133 6.154716115350153 36
1694489742227 6.371942046691225 37
1694489742328 6.431760234249283 38
1694489742427 6.368696253197815 39
1694489742527 5.958816299113209 40
1694489742630 5.856935650986205 41
1694489742714 5.956291659890752 42
1694489742806 5.901995312296893 43
1694489742902 5.668549210549505 44
1694489742991 5.295701121137741 45
1694489743090 5.242200953379272 46
1694489743192 5.505340470139902 47
1694489743294 5.545222132550855 48
1694489743391 5.327548696848143 49
