1694489863448 -232.20599819499705 0
1694489863581 -231.74420548390268 1
1694489863728 -231.2834193064784 2
1694489863864 -230.8236374338457 3
1694489864023 -230.36485758609263 4
1694489864220 -229.9070774886025 5
1694489864416 -229.45029487204098 6
1694489864586 -228.9945074723434 7
1694489864754 -228.5397130307026 8
1694489864923 -228.08590929355643 9
1694489865083 -227.6330940125756 10
1694489865206 -227.18126494465113 11
1694489865331 -226.73041985188217 12
1694489865458 -226.28055650156395 13
1694489865618 -225.8316726661752 14
1694489865803 -225.38376612336629 15
1694489865961 -224.93683465594697 16
1694489866156 -224.4908760518742 17
1694489866328 -224.04588810424016 18
1694489866456 -223.60186861126002 19
1694489866608 -223.15881537625984 20
1694489866748 -222.71672620766498 21
1694489866931 -222.27559891898767 22
1694489867091 -221.83543132881533 23
1694489867258 -221.3962212607984 24
1694489867434 -220.95796654363866 25
1694489867612 -220.5206650110772 26
1694489867802 -220.08431450188286 27
1694489867942 -219.6489128598399 28
1694489868083 -219.2144579337367 29
1694489868209 -218.78094757735386 30
1694489868357 -218.34837964945226 31
1694489868511 -217.91675201376174 32
1694489868634 -217.48606253896912 33
1694489868812 -217.05630909870646 34
1694489868998 -216.62748957153997 35
1694489869159 -216.1996018409578 36
1694489869308 -215.77264379535885 37
1694489869452 -215.34661332804103 38
1694489869591 -214.92150833719012 39
1694489869728 -214.49732672586765 40
1694489869871 -214.07406640200006 41
1694489870005 -213.65172527836685 42
1694489870143 -213.23030127258954 43
1694489870295 -212.80979230711984 44
1694489870431 -212.39019630922877 45
1694489870552 -211.97151121099515 46
1694489870674 -211.55373494929404 47
1694489870798 -211.13686546578597 48
1694489870921 -210.72090070690524 49
