1694489863333 169.4281063198635 0
1694489863485 169.0891636667872 1
1694489863624 168.7543518236499 2
1694489863773 168.42026985561185 3
1694489863902 168.08691614607253 4
1694489864070 167.7542890414204 5
1694489864274 167.42238689188565 6
1694489864479 167.09120805153057 7
1694489864641 166.7607508782408 8
1694489864798 166.43101373371593 9
1694489864964 166.10199498346086 10
1694489865125 165.77369299677667 11
1694489865253 165.44610614675187 12
1694489865375 165.1192328102532 13
1694489865507 164.79307136791724 14
1694489865666 164.46762020414087 15
1694489865851 164.14287770707313 16
1694489866008 163.8188422686058 17
1694489866200 163.49551228436513 18
1694489866371 163.17288615370262 19
1694489866497 162.85096227968643 20
1694489866648 162.52973906909278 21
1694489866786 162.20921493239703 22
1694489866982 161.88938828376507 23
1694489867148 161.5702575410446 24
1694489867316 161.2518211257566 25
1694489867488 160.93407746308654 26
1694489867662 160.6170249818758 27
1694489867860 160.3006621146132 28
1694489867984 159.98498729742627 29
1694489868121 159.66999897007273 30
1694489868239 159.35569557593212 31
1694489868406 159.04207556199697 32
1694489868546 158.7291373788646 33
1694489868677 158.4168794807286 34
1694489868860 158.10530032537014 35
1694489869042 157.7943983741499 36
1694489869203 157.48417209199923 37
1694489869348 157.1746199474123 38
1694489869500 156.86574041243722 39
1694489869636 156.55753196266792 40
1694489869771 156.24999307723587 41
1694489869917 155.9431222388016 42
1694489870045 155.63691793354647 43
1694489870184 155.33137865116456 44
1694489870327 155.02650288485412 45
1694489870461 154.72228913130948 46
1694489870593 154.41873589071307 47
1694489870714 154.11584166672668 48
1694489870831 153.8136049664838 49
