1694510335269 -200.3861333366679 0
1694510335406 -172.56621919263588 1
1694510335539 -148.5925708000478 2
1694510335672 -127.93394311727019 3
1694510335809 -110.13117821314367 4
1694510335939 -94.7896880021724 5
1694510336067 -81.56922617877792 6
1694510336194 -70.176823219002 7
1694510336340 -60.358609155266294 8
1694510336475 -51.897643456373366 9
1694510336602 -44.60642224444867 10
1694510336733 -38.32340345989295 11
1694510336860 -32.908510772700446 12
1694510336994 -28.24239250092335 13
1694510337133 -24.221195998863266 14
1694510337263 -20.75591774771518 15
1694510337398 -17.76977754219418 16
1694510337539 -15.196315559652714 17
1694510337674 -12.97857014951077 18
1694510337811 -11.067452651201586 19
1694510337935 -9.42041116211435 20
1694510338060 -8.001132065033268 21
1694510338194 -6.77814794738069 22
1694510338329 -5.724201515239006 23
1694510338472 -4.816089929859048 24
1694510338610 -4.03345630944475 25
1694510338744 -3.359165126461325 26
1694510338877 -2.778003950859243 27
1694510339013 -2.277211896858178 28
1694510339154 -1.8457150583164448 29
1694510339288 -1.4739391516455238 30
1694510339432 -1.1535161406788172 31
1694510339582 -0.8775320035843082 32
1694510339734 -0.6397083128762322 33
1694510339879 -0.43479722399732523 34
1694510340024 -0.25826128657223 35
1694510340174 -0.1061667036408287 36
1694510340319 0.02483619417216809 37
1694510340481 0.1377379587187202 38
1694510340615 0.23497763610571798 39
1694510340747 0.31876478861725155 40
1694510340881 0.3909418123708579 41
1694510341019 0.4531028109748152 42
1694510341149 0.5066513357312762 43
1694510341279 0.5527425588266544 44
1694510341409 0.5924460053335743 45
1694510341547 0.6266549173332636 46
1694510341681 0.6560712227343592 47
1694510341814 0.6814200357221143 48
1694510341956 0.7032558557083515 49
