1694510335176 142.59822054189513 0
1694510335318 124.90874541316816 1
1694510335454 108.49417035270669 2
1694510335582 92.43925517851984 3
1694510335720 78.15308154353028 4
1694510335852 68.79854038591783 5
1694510335982 58.437130583876424 6
1694510336112 50.54039710165633 7
1694510336241 44.6867208223262 8
1694510336385 39.09130012403149 9
1694510336518 33.915971763896735 10
1694510336648 27.59127890787671 11
1694510336777 25.259253958580203 12
1694510336906 21.705774990796264 13
1694510337037 18.3782548510642 14
1694510337176 16.015768720593172 15
1694510337315 13.327392672696424 16
1694510337443 11.985745071701816 17
1694510337585 9.936482463773231 18
1694510337721 8.947707787265372 19
1694510337855 7.358851602094312 20
1694510337977 6.554308134207117 21
1694510338106 5.589574583144812 22
1694510338238 4.740147310908454 23
1694510338378 4.2161560827999045 24
1694510338518 3.7850740445652264 25
1694510338656 2.727662868725312 26
1694510338790 2.918619933531984 27
1694510338923 2.6029727271991083 28
1694510339062 2.1412540525455594 29
1694510339201 1.710173686438461 30
1694510339337 1.532611090022284 31
1694510339485 1.3290896024290555 32
1694510339634 1.192294731119599 33
1694510339784 0.9474398918029852 34
1694510339926 0.8933124789828975 35
1694510340079 0.7739464584949635 36
1694510340225 0.7532644343522945 37
1694510340383 0.5690363410695461 38
1694510340528 0.5514679537422018 39
1694510340659 0.4600777940980815 40
1694510340792 0.4879249506362928 41
1694510340929 0.38568932296886954 42
1694510341063 0.41479648321908674 43
1694510341194 0.24904295662072873 44
1694510341324 0.25936647416042097 45
1694510341458 0.2747339790471692 46
1694510341590 0.21017383442016066 47
1694510341726 0.19846515574262827 48
1694510341863 0.188795164755834 49
