1694491165259 -53.048736857849946 0
1694491165353 -11.076300541380961 1
1694491165451 -1.7863325428869214 2
1694491165559 0.2638584165655611 3
1694491165679 0.717015471702927 4
1694491165790 0.8151733115682396 5
1694491165893 0.8365466694533388 6
1694491165994 0.8412368404954942 7
1694491166097 0.8421417280019592 8
1694491166203 0.8420732066779005 9
1694491166307 0.8420943073336664 10
1694491166412 0.841978525752246 11
1694491166511 0.8420241618377575 12
1694491166614 0.8422164663845424 13
1694491166716 0.8422534158381489 14
1694491166817 0.842293795796853 15
1694491166927 0.8422904261156734 16
1694491167027 0.8421760131432703 17
1694491167136 0.8420015751277381 18
1694491167241 0.8421528185290816 19
1694491167336 0.8420359811175706 20
1694491167426 0.8420511213090976 21
1694491167526 0.8421008999018624 22
1694491167624 0.8420407966033008 23
1694491167728 0.8421405962687231 24
1694491167831 0.842166309730863 25
1694491167934 0.8421723406630893 26
1694491168031 0.8422747078422177 27
1694491168136 0.8422434895438571 28
1694491168241 0.8421460972068564 29
1694491168332 0.8422272814365448 30
1694491168428 0.8421531917159599 31
1694491168542 0.8421032790376874 32
1694491168636 0.8420306387828829 33
1694491168735 0.8420307118127965 34
