1694491165187 39.524651930198544 0
1694491165293 8.365577323228447 1
1694491165388 2.135143275911478 2
1694491165486 0.6247022620764477 3
1694491165600 0.19569077654763695 4
1694491165719 0.12286672093470256 5
1694491165825 0.11436858251803726 6
1694491165927 0.16018544139094934 7
1694491166029 0.14869526152375787 8
1694491166136 0.10608699823490013 9
1694491166240 0.07083724628012346 10
1694491166343 0.12907790256753793 11
1694491166445 0.08925679029234226 12
1694491166542 0.08414665840251136 13
1694491166649 0.21159467880734292 14
1694491166750 0.08616856550995208 15
1694491166851 0.11421355107204513 16
1694491166961 0.08875962081749895 17
1694491167062 0.2760430248617393 18
1694491167168 0.07350219909246639 19
1694491167276 0.1562667114238888 20
1694491167367 0.07806217495746211 21
1694491167455 0.12832231810625305 22
1694491167560 0.11163959913851133 23
1694491167660 0.07361106135731002 24
1694491167765 0.13125190205432996 25
1694491167867 0.09759079745113222 26
1694491167963 0.11428875891144294 27
1694491168066 0.08198538309822422 28
1694491168172 0.1449267403088341 29
1694491168275 0.09349641155828407 30
1694491168361 0.12597112638191868 31
1694491168481 0.10559665290322659 32
1694491168573 0.0943967327452419 33
1694491168667 0.09991809016274728 34
