1694490658309 -232.20599819499705 0
1694490658434 -231.7479803933055 1
1694490658562 -231.29082563928594 2
1694490658693 -230.83457525658883 3
1694490658815 -230.37922527256097 4
1694490658939 -229.92477392869407 5
1694490659067 -229.47121725810078 6
1694490659203 -229.01855793445932 7
1694490659328 -228.5667919060313 8
1694490659453 -228.1159174292889 9
1694490659573 -227.6659304602215 10
1694490659722 -227.21683386971034 11
1694490659849 -226.76862352706203 12
1694490660001 -226.3212977036116 13
1694490660161 -225.87485227873992 14
1694490660277 -225.42929031916216 15
1694490660409 -224.98460761575828 16
1694490660549 -224.54080245460955 17
1694490660671 -224.0978706389999 18
1694490660789 -223.65581543011834 19
1694490660928 -223.21463254094326 20
1694490661043 -222.77432027218657 21
1694490661180 -222.33487435154322 22
1694490661294 -221.89629823332572 23
1694490661428 -221.45858755313233 24
1694490661543 -221.0217406261909 25
1694490661657 -220.585753105112 26
1694490661797 -220.15062863599056 27
1694490661928 -219.71636277756284 28
1694490662052 -219.28295385945856 29
1694490662166 -218.85039745970573 30
1694490662304 -218.41869741484942 31
1694490662430 -217.98784920727866 32
1694490662561 -217.5578511809123 33
1694490662695 -217.12869883969356 34
1694490662833 -216.70039620929518 35
1694490662963 -216.27293869627022 36
1694490663097 -215.8463246587144 37
1694490663225 -215.4205495269813 38
1694490663353 -214.99561751455744 39
1694490663490 -214.5715239526679 40
1694490663615 -214.14826721347427 41
1694490663739 -213.7258426542319 42
1694490663868 -213.30425467493657 43
1694490664002 -212.88349853199006 44
1694490664123 -212.4635726115094 45
1694490664255 -212.04447219814023 46
1694490664399 -211.62620187709192 47
1694490664562 -211.20875683044412 48
1694490664693 -210.79213545815992 49
