1694490658220 169.42810631986353 0
1694490658358 169.0891636667872 1
1694490658477 168.75713975813662 2
1694490658596 168.42572290253116 3
1694490658730 168.09498002866567 4
1694490658850 167.76488977119396 5
1694490658972 167.4354510353989 6
1694490659106 167.10664285981164 7
1694490659237 166.77850350377082 8
1694490659363 166.451011613428 9
1694490659491 166.12416610426055 10
1694490659616 165.79794602623386 11
1694490659763 165.472389646434 12
1694490659893 165.14747562233364 13
1694490660057 164.8232028795224 14
1694490660197 164.4995504795109 15
1694490660319 164.17655669666584 16
1694490660450 163.8542001998974 17
1694490660590 163.5324799248254 18
1694490660713 163.21137494461556 19
1694490660830 162.89092354045317 20
1694490660968 162.57110439280086 21
1694490661086 162.25191644722725 22
1694490661220 161.93333878866164 23
1694490661341 161.61540970465043 24
1694490661468 161.29810788732232 25
1694490661583 160.981432292114 26
1694490661702 160.66536201582554 27
1694490661839 160.34993535191143 28
1694490661961 160.0351310042787 29
1694490662093 159.72094793815197 30
1694490662212 159.40736526230788 31
1694490662348 159.09442127566095 32
1694490662470 158.78209469400707 33
1694490662605 158.4703844922795 34
1694490662737 158.1592697913357 35
1694490662872 157.84878889510674 36
1694490663007 157.53892053138657 37
1694490663132 157.22966368473837 38
1694490663263 156.9209974882035 39
1694490663392 156.61296025029029 40
1694490663522 156.30553071089906 41
1694490663656 155.99870786414456 42
1694490663774 155.69247085535363 43
1694490663914 155.38685799717769 44
1694490664033 155.08184804172944 45
1694490664155 154.7774399925981 46
1694490664290 154.47361300749623 47
1694490664443 154.1704054027881 48
1694490664601 153.86779594290434 49
