1694347656953 169.4281063198635 0
1694347657249 137.21548551010306 1
1694347657462 111.68333003379061 2
1694347657670 91.3937742380096 3
1694347657869 75.22533572688748 4
1694347658070 62.30241690070823 5
1694347658322 51.9406272957629 6
1694347658571 43.60436191513063 7
1694347658820 36.87387592138614 8
1694347659026 31.419719092030643 9
1694347659223 26.982875571678033 10
1694347659406 23.35932759349838 11
1694347659627 20.388050657579978 12
1694347659816 17.941671227039002 13
1694347659994 15.919191092872257 14
1694347660193 14.240316582359881 15
1694347660410 12.841034575200336 16
1694347660630 11.670157679409979 17
1694347660849 10.686623192130343 18
1694347661052 9.85737871970614 19
1694347661305 9.155724722442677 20
1694347661493 8.56001323233764 21
1694347661698 8.052624463102527 22
1694347661961 7.619160458801599 23
1694347662175 7.247808446778581 24
1694347662354 6.928837052000661 25
1694347662553 6.654196674764018 26
1694347662744 6.417201659439049 27
1694347662974 6.212276797199041 28
1694347663172 6.034754527000414 29
1694347663379 5.880712171701996 30
1694347663585 5.746840860160387 31
1694347663798 5.6303395887077885 32
1694347663976 5.528829280791445 33
1694347664170 5.4402828002714525 34
1694347664367 5.362967730611832 35
1694347664587 5.295399402242187 36
1694347664776 5.236302175070037 37
1694347664964 5.184577394596617 38
1694347665175 5.139276763274154 39
1694347665389 5.0995801230235 40
1694347665596 5.064776845279548 41
1694347665819 5.034250183273994 42
1694347666018 5.0074640666307495 43
1694347666237 4.983951917850949 44
1694347666423 4.963307149449487 45
1694347666622 4.945175063702006 46
1694347666823 4.929245927553667 47
1694347667027 4.915249035874428 48
1694347667236 4.902947608992695 49
1694347667485 4.892134396926352 50
1694347667723 4.882627884233726 51
1694347667930 4.874269006933314 52
1694347668120 4.866918307281681 53
1694347668299 4.86045346398122 54
1694347668499 4.854767145108783 55
1694347668703 4.849765139106871 56
1694347668895 4.845364725874587 57
1694347669102 4.841493255586293 58
1694347669329 4.83808690755228 59
1694347669529 4.835089605379333 60
1694347669723 4.832452068019145 61
1694347669908 4.830130979114701 62
1694347670105 4.828088259454451 63
1694347670309 4.826290429390425 64
1694347670496 4.824708049827253 65
1694347670710 4.82331523189045 66
1694347670914 4.822089206673347 67
1694347671134 4.821009947575009 68
1694347671320 4.820059838702225 69
1694347671507 4.819223383640619 70
1694347671750 4.81848694962075 71
1694347671949 4.817838542731072 72
1694347672181 4.817267610374081 73
1694347672428 4.816764867635887 74
1694347672687 4.816322144652551 75
1694347672867 4.815932252417165 76
1694347673058 4.815588864786393 77
1694347673221 4.815286414720696 78
1694347673405 4.815020003033083 79
1694347673599 4.814785318132162 80
1694347673832 4.814578565429963 81
1694347674032 4.814396405246753 82
1694347674233 4.814235898187057 83
1694347674431 4.814094457085605 84
1694347674627 4.813969804731044 85
1694347674816 4.81385993667129 86
1694347675029 4.813763088488477 87
1694347675225 4.8136777070054215 88
1694347675427 4.813602424950594 89
1694347675642 4.813536038665454 90
1694347675864 4.813477488488404 91
1694347676068 4.8134258414934825 92
1694347676271 4.813380276300875 93
