1694509352781 -55.055865500305906 0
1694509352927 -12.113916523156927 1
1694509353092 -2.315971330045438 2
1694509353230 -0.02036568198084887 3
1694509353364 0.5508361157254682 4
1694509353512 0.704714492478077 5
1694509353658 0.7513343261565433 6
1694509353794 0.7685904272835984 7
1694509353930 0.7753891358967215 8
1694509354057 0.778456006930747 9
1694509354186 0.7796874693325476 10
1694509354318 0.7802168970736776 11
1694509354457 0.780525451479142 12
1694509354614 0.7808383852541806 13
1694509354757 0.7815714345090068 14
1694509354895 0.7812774139422325 15
1694509355028 0.7809908154595895 16
1694509355170 0.7811992835634876 17
1694509355840 0.7805795031473493 18
1694509356605 0.7806296655005842 19
1694509356732 0.7817951139394993 20
1694509356868 0.7811083651224657 21
1694509356995 0.7798732783966773 22
1694509357119 0.7804617134536509 23
1694509357254 0.7807331985344171 24
1694509357391 0.7799039479382341 25
1694509357522 0.7806470778714749 26
1694509357644 0.7807635481569091 27
1694509357763 0.7803339518607686 28
1694509357885 0.7805364304025256 29
1694509358003 0.7802267868156139 30
1694509358121 0.7803243274741856 31
1694509358244 0.7795942972607354 32
1694509358364 0.7802896349891535 33
1694509358486 0.7802463947527243 34
1694509358614 0.7805192258825618 35
1694509358740 0.781432443157854 36
1694509358875 0.7814869170059556 37
1694509359008 0.7813110664047359 38
1694509359148 0.7812382070742506 39
1694509359282 0.7819405111076511 40
1694509359406 0.7816302701438642 41
1694509359532 0.780998223093784 42
1694509359657 0.7802097543579141 43
1694509359799 0.7805477265921308 44
1694509359955 0.78007834296082 45
1694509360101 0.7801917778163955 46
1694509360246 0.7809753381451293 47
1694509360393 0.7806761790791545 48
1694509360539 0.7808344452195526 49
