1694509161454 0.5846481324277965 0
1694509161640 0.7973520488292984 1
1694509161829 0.8074537948707292 2
1694509162001 0.7980843102436908 3
1694509162187 0.794235318055754 4
1694509162382 0.7952265018282902 5
1694509162553 0.8006962168154103 6
1694509162727 0.8010261004841334 7
1694509162893 0.7995869793240535 8
1694509163064 0.8002984034190075 9
1694509163232 0.8051806604473954 10
1694509163407 0.7999358743797546 11
1694509163607 0.7938290819352458 12
1694509163790 0.8029930850545093 13
1694509163962 0.8011995130876488 14
1694509164134 0.8002424628924679 15
1694509164326 0.7925789815579005 16
1694509164492 0.7998578499964343 17
1694509164659 0.8050171042986685 18
1694509164859 0.7869826494452137 19
1694509165022 0.792061973803228 20
1694509165203 0.8031257595905119 21
1694509165368 0.8063943417924673 22
1694509165547 0.7919852043283453 23
1694509165717 0.8007357750549895 24
1694509165902 0.791696548858461 25
1694509166068 0.7978084592266729 26
1694509166233 0.804323501036698 27
1694509166423 0.7978109542685927 28
1694509166593 0.7993548206197086 29
1694509166760 0.7926375410440327 30
1694509166969 0.7955472751087962 31
1694509167145 0.804581622367535 32
1694509167316 0.8015373473474516 33
1694509167481 0.7996607518212338 34
1694509167664 0.7992860014746419 35
1694509167839 0.7946286935725061 36
1694509168033 0.7997710878951998 37
1694509168212 0.8007570449869501 38
1694509168383 0.7944042324289999 39
1694509168567 0.7998056082230096 40
1694509168734 0.7975684783064603 41
1694509168920 0.7975504003879135 42
1694509169083 0.7999987299922364 43
1694509169291 0.7934202947619818 44
1694509169475 0.8000260265638576 45
1694509169646 0.8047772053151019 46
1694509169841 0.7942604667354872 47
1694509170004 0.8005075299057652 48
1694509170188 0.7962954338036643 49
