1694508825283 -233.12151462174728 0
1694508825464 -233.07933389212525 1
1694508825623 -233.03716147049286 2
1694508825814 -232.99499741146 3
1694508825976 -232.95284171329885 4
1694508826140 -232.91069437428285 5
1694508826296 -232.86855539268566 6
1694508826482 -232.8264247667813 7
1694508826656 -232.78430249484413 8
1694508826841 -232.742188575149 9
1694508827001 -232.70008300597092 10
1694508827150 -232.65798578558554 11
1694508827314 -232.61589691226857 12
1694508827464 -232.5738163842963 13
1694508827642 -232.53174419994536 14
1694508827806 -232.4896803574927 15
1694508827966 -232.4476248552155 16
1694508828173 -232.4055776913916 17
1694508828353 -232.36353886429904 18
1694508828534 -232.32150837221616 19
1694508828731 -232.27948621342168 20
1694508828916 -232.23747238619487 21
1694508829137 -232.19546688881513 22
1694508829372 -232.1534697195624 23
1694508829577 -232.11148087671683 24
1694508829769 -232.06950035855908 25
1694508829945 -232.02752816336996 26
1694508830093 -231.98556428943104 27
1694508830312 -231.9436087350238 28
1694508830508 -231.90166149843026 29
1694508830703 -231.85972257793296 30
1694508830879 -231.8177919718146 31
1694508831073 -231.7758696783583 32
1694508831217 -231.73395569584758 33
1694508831405 -231.69205002256635 34
1694508831575 -231.65015265679864 35
1694508831755 -231.60826359682923 36
1694508831925 -231.56638284094296 37
1694508832109 -231.52451038742515 38
1694508832263 -231.4826462345615 39
1694508832449 -231.44079038063802 40
1694508832638 -231.3989428239411 41
1694508832828 -231.3571035627575 42
1694508832983 -231.31527259537432 43
1694508833231 -231.27344992007903 44
1694508833394 -231.2316355351595 45
1694508833566 -231.18982943890396 46
1694508833728 -231.14803162960084 47
1694508833915 -231.1062421055392 48
1694508834068 -231.06446086500827 49
