1694508825151 169.78350940971066 0
1694508825339 169.74952165356825 1
1694508825513 169.71893966912458 2
1694508825673 169.6883637091584 3
1694508825854 169.65779381327593 4
1694508826016 169.62722998022397 5
1694508826189 169.5966722087502 6
1694508826349 169.56612049760238 7
1694508826537 169.53557484552874 8
1694508826709 169.50503525127766 9
1694508826890 169.47450171359785 10
1694508827048 169.4439742312382 11
1694508827193 169.41345280294786 12
1694508827363 169.38293742747643 13
1694508827519 169.35242810357352 14
1694508827684 169.3219248299891 15
1694508827855 169.29142760547353 16
1694508828036 169.26093642877726 17
1694508828223 169.2304512986511 18
1694508828400 169.19997221384608 19
1694508828588 169.1694991731135 20
1694508828789 169.13903217520502 21
1694508828974 169.1085712188724 22
1694508829236 169.0781163028677 23
1694508829424 169.04766742594336 24
1694508829639 169.01722458685202 25
1694508829813 168.9867877843465 26
1694508829991 168.95635701718004 27
1694508830157 168.92593228410595 28
1694508830366 168.89551358387806 29
1694508830560 168.86510091525017 30
1694508830756 168.83469427697662 31
1694508830942 168.8042936678118 32
1694508831122 168.7738990865105 33
1694508831268 168.74351053182767 34
1694508831461 168.71312800251857 35
1694508831630 168.6827514973388 36
1694508831800 168.65238101504403 37
1694508831973 168.62201655439043 38
1694508832156 168.59165811413425 39
1694508832315 168.56130569303207 40
1694508832497 168.5309592898407 41
1694508832689 168.50061890331733 42
1694508832877 168.4702845322193 43
1694508833035 168.43995617530416 44
1694508833281 168.4096338313299 45
1694508833443 168.37931749905462 46
1694508833609 168.34900717723676 47
1694508833781 168.31870286463493 48
1694508833964 168.28840456000816 49
