1694489910090 -228.42187800567254 0
1694489910227 -223.8611747379248 1
1694489910379 -219.40027900099426 2
1694489910556 -215.036915834045 3
1694489910677 -210.7688633295333 4
1694489910806 -206.5939513806211 5
1694489910941 -202.51006045835865 6
1694489911072 -198.51512041792756 7
1694489911204 -194.6071093332496 8
1694489911327 -190.78405235928562 9
1694489911453 -187.0440206213641 10
1694489911603 -183.3851301308943 11
1694489911731 -179.8055407268354 12
1694489911854 -176.30345504230695 13
1694489911990 -172.87711749574137 14
1694489912109 -169.52481330599363 15
1694489912248 -166.24486753083625 16
1694489912392 -163.03564412828277 17
1694489912550 -159.89554504019532 18
1694489912675 -156.82300929764452 19
1694489912792 -153.81651214750445 20
1694489912910 -150.8745641997751 21
1694489913037 -147.99571059513937 22
1694489913159 -145.17853019227204 23
1694489913296 -142.4216347744299 24
1694489913429 -139.72366827486363 25
1694489913570 -137.0833060206033 26
1694489913695 -134.49925399417899 27
1694489913827 -131.97024811285027 28
1694489913953 -129.49505352492616 29
1694489914076 -127.07246392276969 30
1694489914200 -124.7013008720889 31
1694489914343 -122.38041315712623 32
1694489914463 -120.10867614136849 33
1694489914614 -117.88499114340671 34
1694489914742 -115.70828482758608 35
1694489914898 -113.57750860909292 36
1694489915024 -111.49163807313572 37
1694489915147 -109.44967240788402 38
1694489915278 -107.4506338508382 39
1694489915421 -105.49356714830965 40
1694489915565 -103.57753902770035 41
1694489915689 -101.70163768227586 42
1694489915821 -99.86497226813589 43
1694489915946 -98.0666724130906 44
1694489916075 -96.3058877371606 45
1694489916202 -94.58178738442315 46
1694489916338 -92.89355956593528 47
1694489916471 -91.24041111346978 48
1694489916599 -89.62156704380706 49
