1694489910003 169.72540387807535 0
1694489910122 166.34470648562703 1
1694489910276 163.03807313691658 2
1694489910430 159.8038143739923 3
1694489910593 156.64028015984695 4
1694489910712 153.54585894728044 5
1694489910850 150.5189767699003 6
1694489910973 147.55809635473287 7
1694489911104 144.6617162559287 8
1694489911239 141.828370009059 9
1694489911357 139.0566253055121 10
1694489911484 136.3450831865103 11
1694489911641 133.69237725627903 12
1694489911771 131.09717291391158 13
1694489911894 128.5581666034833 14
1694489912025 126.07408508198003 15
1694489912149 123.64368470461613 16
1694489912289 121.26575072712687 17
1694489912435 118.93909662463115 18
1694489912586 116.66256342666844 19
1694489912710 114.43501906802544 20
1694489912824 112.25535775497482 21
1694489912947 110.12249934655932 22
1694489913072 108.03538875056257 23
1694489913197 105.99299533381578 24
1694489913330 103.99431234649956 25
1694489913468 102.03835636010642 26
1694489913602 100.12416671873902 27
1694489913735 98.25080500342577 28
1694489913868 96.41735450914399 29
1694489913994 94.62291973424762 30
1694489914116 92.86662588200389 31
1694489914234 91.14761837395046 32
1694489914376 89.46506237479149 33
1694489914504 87.81814232855746 34
1694489914643 86.2060615057608 35
1694489914786 84.62804156128513 36
1694489914940 83.08332210275245 37
1694489915060 81.57116026911882 38
1694489915184 80.09083031925503 39
1694489915312 78.64162323027412 40
1694489915461 77.22284630537399 41
1694489915599 75.83382279096841 42
1694489915728 74.47389150288531 43
1694489915855 73.14240646141637 44
1694489915985 71.83873653500738 45
1694489916108 70.56226509238347 46
1694489916241 69.31238966290873 47
1694489916380 68.08852160498388 48
1694489916513 66.89008578229098 49
