1694489445153 -6.982678894294544 0
1694489445296 -6.028188117143737 1
1694489445448 -6.112765882653485 2
1694489445606 -6.100307108870261 3
1694489445748 -6.087976775971914 4
1694489445919 -6.092167671954967 5
1694489446093 -6.058668138686387 6
1694489446236 -6.12462826411355 7
1694489446403 -6.102553292332447 8
1694489446549 -6.2299993002075915 9
1694489446708 -6.138333533266588 10
1694489446862 -6.133976454923022 11
1694489447011 -6.132978034160836 12
1694489447162 -6.067757716717689 13
1694489447322 -6.0025236192533225 14
1694489447452 -6.108989294134459 15
1694489447596 -6.120185329523253 16
1694489447738 -6.114048452432721 17
1694489447884 -6.08467581689684 18
1694489448028 -6.186886872756086 19
1694489448175 -6.111488044433699 20
1694489448327 -6.1752452082093345 21
1694489448472 -6.112599555671279 22
1694489448615 -6.189886856006224 23
1694489448754 -6.130013463021545 24
1694489448899 -6.10388081426821 25
1694489449043 -6.115071231372172 26
1694489449190 -6.11673449371475 27
1694489449342 -6.097029583564193 28
1694489449486 -6.025473447176982 29
1694489449633 -6.048884463852595 30
1694489449777 -6.101439413266109 31
1694489449912 -6.154491037816625 32
1694489450055 -6.130905575787124 33
1694489450201 -6.083938833556287 34
1694489450356 -6.1396571533606386 35
1694489450491 -6.110885205359483 36
1694489450640 -6.196722767432103 37
1694489450771 -6.109226707831389 38
1694489450917 -6.070963513718693 39
1694489451062 -6.144512475478262 40
1694489451209 -6.175630024657532 41
1694489451361 -6.159995044918226 42
1694489451498 -6.084061152936747 43
1694489451641 -6.191524699012893 44
1694489451784 -6.109740269217274 45
1694489451924 -6.1103926492331135 46
1694489452058 -6.150010878806158 47
1694489452192 -6.226027756389086 48
1694489452338 -6.16741296767126 49
