1694510620785 169.4281063198635 0
1694510620986 166.05396746635364 1
1694510621205 162.7504181388467 2
1694510621391 159.51266079891528 3
1694510621583 156.3393846873975 4
1694510621758 153.22930513756253 5
1694510621942 150.1811630887259 6
1694510622145 147.19372457559857 7
1694510622369 144.2657802278257 8
1694510622550 141.39614477951272 9
1694510622749 138.5836565885378 10
1694510622939 135.8271771654568 11
1694510623138 133.12559071180777 12
1694510623343 130.47780366762845 13
1694510623521 127.88274426800169 14
1694510623722 125.3393621084497 15
1694510623948 122.84662771899958 16
1694510624135 120.40353214674717 17
1694510624322 118.0090865467498 18
1694510624540 115.6623217810815 19
1694510624742 113.36228802588748 20
1694510624962 111.10805438627861 21
1694510625158 108.89870851890892 22
1694510625359 106.733356262083 23
1694510625554 104.61112127324299 24
1694510625733 102.53114467368758 25
1694510625919 100.49258470037891 26
1694510626112 98.49461636469583 27
1694510626358 96.53643111799457 28
1694510626549 94.61723652384127 29
1694510626770 92.73625593678317 30
1694510626954 90.89272818752748 31
1694510627151 89.0859072744007 32
1694510627372 87.31506206096238 33
1694510627556 85.57947597965105 34
1694510627737 83.87844674134126 35
1694510627937 82.21128605069453 36
1694510628124 80.57731932718775 37
1694510628327 78.97588543170633 38
1694510628518 77.4063363985907 39
1694510628727 75.86803717302739 40
1694510628960 74.36036535367809 41
1694510629187 72.88271094044211 42
1694510629458 71.43447608724956 43
1694510629686 70.01507485978541 44
1694510629876 68.6239329980453 45
1694510630070 67.26048768362722 46
1694510630257 65.92418731166437 47
1694510630429 64.6144912673065 48
1694510630619 63.330869706658994 49
