1694509170846 0.5482276613475248 0
1694509171023 0.801231230488975 1
1694509171196 0.804834579791818 2
1694509171370 0.7990729284051872 3
1694509171546 0.805040128024638 4
1694509171716 0.8033699501808232 5
1694509171886 0.8036710837703409 6
1694509172069 0.7931675779790528 7
1694509172242 0.7993067283759402 8
1694509172424 0.7995900723087864 9
1694509172587 0.7998540830987714 10
1694509172755 0.7937145894025346 11
1694509172941 0.7957570996266351 12
1694509173126 0.7962308938544478 13
1694509173310 0.8019396945520335 14
1694509173499 0.8026322390933056 15
1694509173663 0.8035980006309789 16
1694509173829 0.7959144204579142 17
1694509174012 0.8046938097854577 18
1694509174185 0.7976287917417402 19
1694509174352 0.8005936665308458 20
1694509174524 0.7973464656818198 21
1694509174697 0.8046189971005893 22
1694509174868 0.8041123356555718 23
1694509175041 0.8019950471551668 24
1694509175210 0.8061955570623065 25
1694509175371 0.8040222683281115 26
1694509175545 0.8009456939249265 27
1694509175716 0.7903675229575421 28
1694509175905 0.7982605180254072 29
1694509176090 0.8033557074342611 30
1694509176274 0.8035459749228128 31
1694509176455 0.796616283568754 32
1694509176630 0.8017135739495151 33
1694509176806 0.8007832585127866 34
1694509176976 0.7992855527295479 35
1694509177166 0.7872961845757287 36
1694509177333 0.7988852615194091 37
1694509177506 0.7918498967021449 38
1694509177674 0.800970499092816 39
1694509177860 0.8006626805143617 40
1694509178045 0.8025578909319374 41
1694509178216 0.8017058461976495 42
1694509178399 0.8046869664180512 43
1694509178581 0.7924129688903533 44
1694509178769 0.8076374996172864 45
1694509178953 0.7983009440148715 46
1694509179126 0.7983108015353486 47
1694509179294 0.8020854845736234 48
1694509179466 0.7968270303996225 49
