1694347841194 169.08902758239503 0
1694347841418 136.9799840674329 1
1694347841637 111.22401870848022 2
1694347841830 90.4473739265888 3
1694347842028 73.67450966683701 4
1694347842209 60.122412052861876 5
1694347842427 49.16244721941443 6
1694347842673 40.289789425361754 7
1694347842893 33.098399562717546 8
1694347843088 27.263552401041593 9
1694347843285 22.522674665939594 10
1694347843478 18.665129635137486 11
1694347843718 15.521078415238875 12
1694347843913 12.95491234809742 13
1694347844112 10.856351226961536 14
1694347844314 9.1365789862537 15
1694347844490 7.724805641026797 16
1694347844701 6.5631248084186335 17
1694347844918 5.604763552621491 18
1694347845106 4.812605264210582 19
1694347845328 4.155986792216205 20
1694347845525 3.6100285475388367 21
1694347845731 3.155186440512592 22
1694347845932 2.7748602784523837 23
1694347846127 2.4561543533082313 24
1694347846319 2.188078533932427 25
1694347846539 1.962065959555728 26
1694347846735 1.770894348986884 27
1694347846923 1.6085300480271654 28
1694347847114 1.470447610196631 29
1694347847324 1.3524606379383395 30
1694347847527 1.251509031051653 31
1694347847700 1.1647445602689452 32
1694347847876 1.09007457612119 33
1694347848122 1.025545092610464 34
1694347848312 0.9697068367567062 35
1694347848531 0.9212074777770822 36
1694347848725 0.8790292921905154 37
1694347848935 0.8422278100127717 38
1694347849119 0.8100776805512119 39
1694347849293 0.7819132089052021 40
1694347849524 0.7572093971919024 41
1694347849765 0.7354927890335137 42
1694347849949 0.7163774383189065 43
1694347850163 0.6995236959549908 44
1694347850368 0.684643466610891 45
1694347850565 0.671491139245627 46
1694347850758 0.6598484919950507 47
1694347850945 0.649536648600598 48
1694347851162 0.6403880406533383 49
1694347851362 0.6322716070302198 50
1694347851557 0.6250570580287667 51
1694347851762 0.6186479089509767 52
1694347851986 0.6129417117597877 53
1694347852182 0.6078672011778049 54
1694347852378 0.6033430147432773 55
1694347852560 0.5993164259430859 56
1694347852761 0.5957222489989472 57
1694347852940 0.5925214785965766 58
1694347853126 0.5896614862446157 59
1694347853328 0.5871134803016088 60
1694347853532 0.5848346830046115 61
1694347853759 0.5828039395359645 62
1694347853990 0.5809862719443285 63
1694347854205 0.5793662534095411 64
1694347854401 0.5779151327237654 65
1694347854581 0.5766217866106274 66
1694347854775 0.5754624708300541 67
1694347854973 0.5744292958386499 68
1694347855198 0.5735025693779561 69
1694347855374 0.5726768278702644 70
1694347855570 0.5719356770364524 71
1694347855762 0.5712754667546658 72
1694347856033 0.5706825010343206 73
1694347856261 0.5701544772975217 74
1694347856450 0.5696799178400498 75
1694347856660 0.5692575125154856 76
1694347856884 0.5688776155661206 77
1694347857102 0.5685396383863645 78
1694347857287 0.5682354546843585 79
1694347857480 0.5679649908289469 80
1694347857655 0.5677213861399446 81
1694347857840 0.5675049247090858 82
1694347858052 0.5673098044107474 83
1694347858240 0.5671365477248907 84
1694347858490 0.5669802415579926 85
1694347858703 0.5668415566546795 86
1694347858915 0.5667163296622644 87
