1694490818959 169.74815582654912 0
1694490819087 169.71389382791548 1
1694490819230 169.68306442349657 2
1694490819388 169.65224056978192 3
1694490819519 169.6214223001022 4
1694490819640 169.59060961344701 5
1694490819768 169.55980250880654 6
1694490819922 169.5290009851711 7
1694490820059 169.49820504153135 8
1694490820241 169.4674146768778 9
1694490820363 169.43662989020152 10
1694490820493 169.4063702079082 11
1694490820614 169.37606400797918 12
1694490820753 169.34576325724967 13
1694490820884 169.315467954218 14
1694490821064 169.28517809790236 15
1694490821199 169.25489368732144 16
1694490821330 169.2246147214938 17
1694490821446 169.19434119943836 18
1694490821571 169.16407312017407 19
1694490821698 169.13381048272032 20
1694490821841 169.10355328609637 21
1694490821987 169.0733015293218 22
1694490822150 169.04305521141643 23
1694490822288 169.01281433140016 24
1694490822406 168.9825788882931 25
1694490822531 168.95234888111546 26
1694490822670 168.9221243088878 27
1694490822801 168.89190517063065 28
1694490822932 168.86169146536488 29
1694490823054 168.83148319211156 30
1694490823172 168.80128034989173 31
1694490823309 168.77108293772673 32
1694490823438 168.74089095463813 33
1694490823563 168.71070439964762 34
1694490823692 168.6805232717771 35
1694490823819 168.6503475700485 36
1694490823951 168.62017729348415 37
1694490824088 168.59001244110647 38
1694490824215 168.559853011938 39
1694490824373 168.52969900500142 40
1694490824522 168.49955041931975 41
1694490824649 168.46940725391607 42
1694490824767 168.43926950781366 43
1694490824897 168.40913718003594 44
1694490825034 168.37901026960665 45
1694490825157 168.3488887755495 46
1694490825287 168.31877269688852 47
1694490825413 168.28866203264786 48
1694490825539 168.25855678185184 49
