1694508803370 -242.21749132384465 0
1694508803539 -241.73607027050616 1
1694508803736 -241.25569806060182 2
1694508803920 -240.77637237250946 3
1694508804087 -240.29809083142615 4
1694508804297 -239.82085106806323 5
1694508804478 -239.3446507186323 6
1694508804679 -238.86948742483273 7
1694508804866 -238.39535883383857 8
1694508805024 -237.9222625982856 9
1694508805170 -237.45019637625867 10
1694508805332 -236.97915783127877 11
1694508805492 -236.5091446322902 12
1694508805663 -236.0401544536481 13
1694508805851 -235.5721849751054 14
1694508806012 -235.10523388180033 15
1694508806181 -234.6392988642436 16
1694508806363 -234.1743776183061 17
1694508806551 -233.71046784520584 18
1694508806707 -233.2475672514959 19
1694508806865 -232.78567354905127 20
1694508807016 -232.32478445505714 21
1694508807172 -231.8648976919955 22
1694508807343 -231.40601098763358 23
1694508807491 -230.9481220750108 24
1694508807657 -230.49122869242666 25
1694508807811 -230.0353285834282 26
1694508807976 -229.58041949679804 27
1694508808156 -229.12649918654157 28
1694508808308 -228.67356541187513 29
1694508808478 -228.2216159372135 30
1694508808681 -227.77064853215768 31
1694508808886 -227.3206609714829 32
1694508809079 -226.87165103512632 33
1694508809249 -226.42361650817486 34
1694508809422 -225.97655518085324 35
1694508809595 -225.53046484851177 36
1694508809761 -225.08534331161445 37
1694508809911 -224.64118837572678 38
1694508810060 -224.19799785150403 39
1694508810230 -223.75576955467895 40
1694508810386 -223.31450130605012 41
1694508810564 -222.8741909314699 42
1694508810726 -222.43483626183274 43
1694508810888 -221.99643513306302 44
1694508811062 -221.55898538610356 45
1694508811225 -221.12248486690353 46
1694508811392 -220.68693142640706 47
1694508811542 -220.25232292054102 48
1694508811707 -219.8186572102039 49
