1694508803248 169.41252100841248 0
1694508803421 169.0737665872722 1
1694508803591 168.7391404039628 2
1694508803792 168.40524341701393 3
1694508803973 168.0720740117566 4
1694508804142 167.73963053654356 5
1694508804351 167.40791134356442 6
1694508804533 167.07691478883595 7
1694508804730 166.74663923219353 8
1694508804915 166.4170830372817 9
1694508805068 166.08824457154543 10
1694508805224 165.76012220622115 11
1694508805382 165.43271431632792 12
1694508805534 165.1060192806582 13
1694508805706 164.7800354817695 14
1694508805901 164.45476130597507 15
1694508806066 164.1301951433354 16
1694508806225 163.80633538764909 17
1694508806421 163.48318043644426 18
1694508806600 163.16072869096982 19
1694508806754 162.83897855618656 20
1694508806915 162.5179284407585 21
1694508807066 162.19757675704437 22
1694508807223 161.8779219210885 23
1694508807385 161.55896235261244 24
1694508807543 161.2406964750064 25
1694508807703 160.9231227153204 26
1694508807857 160.6062395042558 27
1694508808024 160.29004527615655 28
1694508808199 159.97453846900095 29
1694508808356 159.6597175243927 30
1694508808528 159.34558088755276 31
1694508808745 159.03212700731052 32
1694508808943 158.71935433609556 33
1694508809122 158.4072613299291 34
1694508809301 158.09584644841541 35
1694508809477 157.7851081547337 36
1694508809635 157.4750449156295 37
1694508809809 157.16565520140614 38
1694508809952 156.85693748591686 39
1694508810116 156.54889024655589 40
1694508810276 156.24151196425055 41
1694508810427 155.93480112345281 42
1694508810611 155.62875621213098 43
1694508810777 155.3233757217614 44
1694508810932 155.01865814732028 45
1694508811118 154.71460198727556 46
1694508811270 154.41120574357842 47
1694508811435 154.10846792165535 48
1694508811589 153.80638703039995 49
