1694490024240 -232.21839511087072 0
1694490024372 -232.17639345213883 1
1694490024510 -232.1344000646696 2
1694490024637 -232.09241500284162 3
1694490024772 -232.05043826493505 4
1694490024941 -232.00846984923095 5
1694490025059 -231.96650975401081 6
1694490025181 -231.92455797755645 7
1694490025288 -231.8826145181501 8
1694490025415 -231.84067937407428 9
1694490025546 -231.7987525436119 10
1694490025666 -231.75683402504635 11
1694490025804 -231.71492381666116 12
1694490025926 -231.67302191674042 13
1694490026054 -231.63112832356848 14
1694490026190 -231.58924303543003 15
1694490026312 -231.54736605061024 16
1694490026437 -231.50549736739453 17
1694490026565 -231.46363698406867 18
1694490026726 -231.421784898919 19
1694490026844 -231.37994111023193 20
1694490026953 -231.33810561629443 21
1694490027071 -231.29627841539372 22
1694490027188 -231.25445950581747 23
1694490027313 -231.21264888585367 24
1694490027436 -231.17084655379065 25
1694490027556 -231.12905250791718 26
1694490027697 -231.08726674652235 27
1694490027823 -231.04548926789548 28
1694490027945 -231.00372007032655 29
1694490028069 -230.96195915210555 30
1694490028205 -230.92020651152316 31
1694490028325 -230.87846214687013 32
1694490028472 -230.83672605643773 33
1694490028603 -230.79499823851765 34
1694490028747 -230.75327869140176 35
1694490028897 -230.71156741338245 36
1694490029024 -230.6698644027524 37
1694490029139 -230.62816965780473 38
1694490029268 -230.5864831768327 39
1694490029405 -230.54480495813016 40
1694490029527 -230.5031349999912 41
1694490029657 -230.4614733007104 42
1694490029798 -230.4198198585826 43
1694490029930 -230.3781746719029 44
1694490030058 -230.33653773896702 45
1694490030200 -230.29490905807077 46
1694490030331 -230.25328862751047 47
1694490030451 -230.2116764455828 48
1694490030576 -230.17007251058482 49
