1694490024152 169.1225957582988 0
1694490024275 169.0887537878812 1
1694490024413 169.05830297941353 2
1694490024548 169.02785816847944 3
1694490024677 168.99741939451525 4
1694490024810 168.96698665627363 5
1694490024975 168.93655995250788 6
1694490025093 168.90613928197163 7
1694490025214 168.87572464341875 8
1694490025324 168.84531603560336 9
1694490025456 168.81491345727989 10
1694490025584 168.78451690720294 11
1694490025699 168.7541263841275 12
1694490025838 168.72374188680868 13
1694490025966 168.69336341400196 14
1694490026093 168.66299096446312 15
1694490026227 168.63262453694804 16
1694490026350 168.602264130213 17
1694490026476 168.5719097430145 18
1694490026610 168.5415613741093 19
1694490026766 168.51121902225444 20
1694490026883 168.4808826862072 21
1694490026996 168.4505523647251 22
1694490027112 168.42022805656597 23
1694490027228 168.38990976048794 24
1694490027351 168.35959747524925 25
1694490027476 168.32929119960858 26
1694490027591 168.29899093232476 27
1694490027731 168.26869667215695 28
1694490027865 168.23840841786446 29
1694490027987 168.20812616820703 30
1694490028106 168.1778499219445 31
1694490028240 168.1475796778371 32
1694490028365 168.1173154346452 33
1694490028513 168.0870571911296 34
1694490028645 168.0568049460512 35
1694490028789 168.02655869817116 36
1694490028933 167.99631844625102 37
1694490029059 167.96608418905254 38
1694490029179 167.93585592533776 39
1694490029308 167.9056336538689 40
1694490029439 167.87541737340848 41
1694490029560 167.84520708271927 42
1694490029699 167.81500278056436 43
1694490029837 167.78480446570705 44
1694490029969 167.75461213691096 45
1694490030094 167.72442579293985 46
1694490030239 167.69424543255786 47
1694490030372 167.6640710545294 48
1694490030487 167.63390265761896 49
