1694489460500 -6.669453140735828 0
1694489460647 -5.81632721775413 1
1694489460791 -5.8664308444519895 2
1694489460932 -5.9285173384987955 3
1694489461094 -5.933591318076967 4
1694489461242 -5.9705016586348485 5
1694489461386 -5.886995764613005 6
1694489461522 -5.923258943459414 7
1694489461655 -5.842675123560608 8
1694489461794 -5.89586156267961 9
1694489461933 -5.91743455305937 10
1694489462065 -5.867674496430655 11
1694489462211 -5.917447025950297 12
1694489462348 -5.843352638506275 13
1694489462482 -5.874680276073711 14
1694489462627 -5.88384370932899 15
1694489462769 -5.873591871090122 16
1694489462920 -5.950904099245573 17
1694489463066 -5.8309249221371955 18
1694489463209 -5.870901524796528 19
1694489463359 -5.842071569859444 20
1694489463503 -5.917449365517031 21
1694489463648 -5.89408506201688 22
1694489463795 -5.878538924713599 23
1694489463941 -5.8958129895086095 24
1694489464086 -5.877822957995455 25
1694489464224 -5.8362473771385455 26
1694489464354 -5.939367538203291 27
1694489464499 -5.9065040084929965 28
1694489464647 -5.946783653848423 29
1694489464796 -5.920415536718492 30
1694489464943 -5.931643359240222 31
1694489465088 -5.835067895200596 32
1694489465238 -5.914932200880732 33
1694489465387 -5.906121728212263 34
1694489465531 -5.887399205243538 35
1694489465676 -5.8792174900597844 36
1694489465826 -5.905303938600069 37
1694489465965 -5.826485856632001 38
1694489466109 -5.899573261754354 39
1694489466249 -5.957201178130411 40
1694489466384 -5.97809182617256 41
1694489466527 -5.901186152384023 42
1694489466669 -5.869714302786636 43
1694489466812 -5.862961220295293 44
1694489466954 -5.8849317257675 45
1694489467099 -5.845281454750906 46
1694489467244 -5.868572857006486 47
1694489467395 -5.846777543868524 48
1694489467536 -5.910282703689544 49
