1694489460435 5.042165453824951 0
1694489460581 8.62725676076972 1
1694489460725 5.765288962004238 2
1694489460870 3.6060880739830865 3
1694489461019 2.396419189556955 4
1694489461176 6.003515587057722 5
1694489461321 4.542505489006743 6
1694489461465 5.308983771116189 7
1694489461595 6.51407842101179 8
1694489461733 3.573528443522991 9
1694489461869 3.8330358259204056 10
1694489462006 2.995958946739911 11
1694489462144 3.785620746240636 12
1694489462290 5.022089691942556 13
1694489462424 2.8219330644928484 14
1694489462559 7.368339816466567 15
1694489462703 6.354663614359297 16
1694489462851 1.3135756111374537 17
1694489462998 2.7136365350544884 18
1694489463143 4.3123044596432525 19
1694489463291 6.005448027869667 20
1694489463437 2.9024096829993673 21
1694489463581 5.405694877015254 22
1694489463731 3.9662635836193156 23
1694489463873 5.104212610875683 24
1694489464019 4.259546175992903 25
1694489464167 4.32473603951608 26
1694489464298 4.051743498650059 27
1694489464432 3.0621673776271843 28
1694489464577 5.235833584233805 29
1694489464729 3.119654879178529 30
1694489464877 3.817868484769695 31
1694489465022 5.629585109369877 32
1694489465170 6.523193265364151 33
1694489465318 4.033567257113191 34
1694489465462 4.74208252392759 35
1694489465609 6.51990100143968 36
1694489465760 7.154325824019015 37
1694489465904 5.798796833171673 38
1694489466042 6.83736050933093 39
1694489466187 5.053552046911614 40
1694489466326 3.736854790124989 41
1694489466460 4.892738300715596 42
1694489466604 5.306537445572418 43
1694489466747 3.803932878184965 44
1694489466886 5.174602244456468 45
1694489467032 4.928990120547941 46
1694489467178 1.7223524141860749 47
1694489467329 5.695326738612031 48
1694489467474 4.166274928163451 49
