1694508651636 169.34901212942756 0
1694508651813 169.31513570535824 1
1694508651982 169.28465389345948 2
1694508652165 169.25417808330275 3
1694508652341 169.22370831435023 4
1694508652507 169.19324458535408 5
1694508652695 169.162786895067 6
1694508652865 169.13233524224208 7
1694508653056 169.10188962563248 8
1694508653226 169.0714500439918 9
1694508653405 169.04101649607387 10
1694508653568 169.01058898063272 11
1694508653749 168.98016749642272 12
1694508653914 168.94975204219847 13
1694508654098 168.9193426167148 14
1694508654281 168.8889392187269 15
1694508654476 168.85854184699008 16
1694508654648 168.82815050026 17
1694508654827 168.79776517729263 18
1694508654987 168.76738587684406 19
1694508655148 168.73701259767083 20
1694508655300 168.7066453385296 21
1694508655459 168.67628409817726 22
1694508655640 168.64592887537117 23
1694508655823 168.61557966886875 24
1694508655990 168.5852364774277 25
1694508656154 168.55489929980618 26
1694508656317 168.5245681347623 27
1694508656472 168.49424298105467 28
1694508656640 168.46392383744214 29
1694508656808 168.4336107026837 30
1694508656975 168.40330357553873 31
1694508657130 168.37300245476683 32
1694508657272 168.34270733912777 33
1694508657440 168.31241822738173 34
1694508657597 168.28213511828906 35
1694508657775 168.2518580106104 36
1694508657945 168.22158690310667 37
1694508658116 168.19132179453896 38
1694508658287 168.16106268366872 39
1694508658493 168.1308095692577 40
1694508658676 168.10056245006783 41
1694508658838 168.07032132486123 42
1694508659029 168.04008619240042 43
1694508659227 168.00985705144814 44
1694508659402 167.9796339007674 45
1694508659579 167.9494167391214 46
1694508659764 167.91920556527364 47
1694508659946 167.88900037798797 48
1694508660150 167.8588011760284 49
