1694509634442 -245.65609095907553 0
1694509634638 -245.17280759799917 1
1694509634835 -244.69043512320843 2
1694509635033 -244.2091387357212 3
1694509635229 -243.72866348148054 4
1694509635404 -243.2491360422607 5
1694509635628 -242.77055328858782 6
1694509635810 -242.29303864218298 7
1694509635982 -241.81633816297483 8
1694509636161 -241.34057804027856 9
1694509636356 -240.86575516432825 10
1694509636539 -240.39186768449193 11
1694509636726 -239.9190383937748 12
1694509636905 -239.44701467206605 13
1694509637114 -238.97592206592867 14
1694509637302 -238.5057574903335 15
1694509637501 -238.0365191128682 16
1694509637750 -237.56832910025025 17
1694509637968 -237.10093614692101 18
1694509638148 -236.63446515916587 19
1694509638341 -236.16891307648643 20
1694509638524 -235.70440158921411 21
1694509638731 -235.24068039346915 22
1694509638909 -234.77787390850477 23
1694509639084 -234.3159790930706 24
1694509639261 -233.85499414709858 25
1694509639441 -233.39504013881393 26
1694509639619 -232.93586806949148 27
1694509639817 -232.4776017223963 28
1694509640019 -232.02023808044453 29
1694509640200 -231.56389773881935 30
1694509640369 -231.1083326929819 31
1694509640531 -230.65366624258715 32
1694509640717 -230.19989538951012 33
1694509640900 -229.7470183654553 34
1694509641059 -229.29515514766825 35
1694509641234 -228.84405902743111 36
1694509641386 -228.39385267267653 37
1694509641545 -227.94453310908708 38
1694509641698 -227.4962198441909 39
1694509641841 -227.04866715601605 40
1694509641997 -226.60199723228743 41
1694509642174 -226.15620711736202 42
1694509642345 -225.71129507415614 43
1694509642513 -225.26737999640451 44
1694509642662 -224.82421744868753 45
1694509642830 -224.38192899124869 46
1694509643010 -223.9405116919001 47
1694509643163 -223.50008397796518 48
1694509643315 -223.06040239338066 49
