1694509634297 169.089027582395 0
1694509634491 168.7512033348887 1
1694509634700 168.42025021901185 2
1694509634892 168.08992110648038 3
1694509635092 167.76022023497526 4
1694509635277 167.43119222737513 5
1694509635468 167.10281248069728 6
1694509635678 166.77507994279247 7
1694509635863 166.4479706119517 8
1694509636038 166.12152893105278 9
1694509636217 165.79573040403383 10
1694509636409 165.47057398789585 11
1694509636597 165.14605841448207 12
1694509636784 164.82215979217688 13
1694509636966 164.49892238007652 14
1694509637171 164.17632179447583 15
1694509637366 163.85435700390883 16
1694509637589 163.53302675270606 17
1694509637816 163.2123072583131 18
1694509638023 162.89224259774036 19
1694509638210 162.57280849859126 20
1694509638392 162.25400394081868 21
1694509638581 161.93580524421907 22
1694509638791 161.61825630946896 23
1694509638967 161.3013329686657 24
1694509639140 160.98503421065706 25
1694509639317 160.66935880194126 26
1694509639492 160.35428316945368 27
1694509639675 160.03985103500008 28
1694509639872 159.72603834002143 29
1694509640071 159.41284408458276 30
1694509640250 159.1002447964395 31
1694509640417 158.7882840236194 32
1694509640592 158.47693781049603 33
1694509640767 158.1662051658695 34
1694509640946 157.85608487801414 35
1694509641112 157.54655357992388 36
1694509641283 157.2376546439298 37
1694509641435 156.92936422181086 38
1694509641594 156.62168133338645 39
1694509641744 156.31458271096113 40
1694509641889 156.0081115556101 41
1694509642052 155.70224412050555 42
1694509642232 155.39697943404477 43
1694509642385 155.0923163058934 44
1694509642553 154.78823157172056 45
1694509642708 154.48476826003764 46
1694509642885 154.1819027295107 47
1694509643052 153.87963401936182 48
1694509643206 153.57793906308154 49
