1694490363302 143.95167635870553 0
1694490363394 125.63239100311985 1
1694490363495 105.77984174101262 2
1694490363598 95.30010477372429 3
1694490363700 77.9741027906321 4
1694490363805 69.60767357894252 5
1694490363916 61.05143910707797 6
1694490364012 54.03063097085119 7
1694490364124 44.933676628508294 8
1694490364221 36.22973418261182 9
1694490364317 33.20747416011755 10
1694490364403 28.940642597990113 11
1694490364489 24.643675555077202 12
1694490364583 21.624149299617624 13
1694490364682 19.03604971630392 14
1694490364785 16.548882581235013 15
1694490364888 13.785848205597613 16
1694490364990 12.272234644798038 17
1694490365089 10.214908440891847 18
1694490365180 8.3913390365705 19
1694490365277 7.7856730220924275 20
1694490365378 6.864709739771912 21
1694490365479 5.859971557813745 22
1694490365573 5.417213667621624 23
1694490365674 4.525253173212105 24
1694490365771 4.147029261482579 25
1694490365861 3.5828112999036072 26
1694490365956 2.787625720931786 27
1694490366059 2.586030105799594 28
1694490366162 2.1700185075037046 29
1694490366260 2.1462692935390515 30
1694490366367 1.7208269141304975 31
1694490366467 1.5990530152879863 32
1694490366558 1.2846683297854835 33
1694490366643 1.0315460715783042 34
1694490366739 1.000069487175246 35
1694490366826 0.985586445416961 36
1694490366918 0.9173557951570623 37
1694490367012 0.8135449423410069 38
1694490367113 0.6054773561480505 39
1694490367216 0.6369839892428032 40
1694490367318 0.5112612891892716 41
1694490367419 0.4617517823750186 42
1694490367513 0.47679252235149044 43
1694490367606 0.4959114103322658 44
1694490367696 0.3208960579503566 45
1694490367789 0.38482791721871246 46
1694490367890 0.3400550251355678 47
1694490368008 0.2874834783415773 48
1694490368111 0.27553439604839036 49
