1694510086351 0.8399252149338533 0
1694510086525 0.8355232607087298 1
1694510086700 0.8308972498481398 2
1694510086907 0.8413633640789058 3
1694510087084 0.840474555455488 4
1694510087254 0.8406502727929039 5
1694510087424 0.8413072606489435 6
1694510087617 0.8341869967500097 7
1694510087773 0.8393229150501168 8
1694510087932 0.7540027141531949 9
1694510088113 0.8322416418420291 10
1694510088270 0.8308491022914435 11
1694510088423 0.8419645801959983 12
1694510088578 0.8339901618027585 13
1694510088733 0.8359784939710291 14
1694510088882 0.8404704069385387 15
1694510089056 0.8396382407687868 16
1694510089248 0.8291847480284653 17
1694510089417 0.8396154481109837 18
1694510089570 0.8388527828192991 19
1694510089724 0.8399387042823664 20
1694510089915 0.8409783154881467 21
1694510090071 0.8402978521589054 22
1694510090221 0.8364347995725009 23
1694510090398 0.8335354886477822 24
1694510090570 0.8393829980815796 25
1694510090724 0.8400810984785356 26
1694510090900 0.84144627074408 27
1694510091077 0.8319422662989923 28
1694510091266 0.8356119301226661 29
1694510091427 0.8328319293168114 30
1694510091608 0.8428161260998365 31
1694510091768 0.8250993045868712 32
1694510091921 0.839746342761038 33
1694510092079 0.8406800019665028 34
1694510092233 0.8396607297252275 35
1694510092385 0.8427521285626713 36
1694510092541 0.8371931942486531 37
1694510092694 0.83424419249997 38
1694510092871 0.84044027685817 39
1694510093029 0.8292226709735119 40
1694510093186 0.8416391582198578 41
1694510093346 0.8275609095261385 42
1694510093512 0.8418357506768182 43
1694510093667 0.8399040262498546 44
1694510093824 0.8398753246440792 45
1694510093974 0.8401275791563586 46
1694510094133 0.8403008460802763 47
1694510094285 0.834590188267718 48
1694510094440 0.8348861333611868 49
