1694510086259 0.027952799220242356 0
1694510086441 0.027357159117907145 1
1694510086613 0.1556180234301187 2
1694510086801 0.00045872957933620857 3
1694510087000 0.0076563617073723556 4
1694510087171 0.019002966658954158 5
1694510087340 0.030156986756421665 6
1694510087532 0.4449140138123024 7
1694510087698 0.0309920315674798 8
1694510087855 1.9637421279317707e-05 9
1694510088038 0.025138203107352295 10
1694510088196 0.33746757396056765 11
1694510088350 0.060155265140844114 12
1694510088503 0.04350885560621135 13
1694510088658 0.09652486903588428 14
1694510088811 0.0015973514627382866 15
1694510088977 0.0007045744740983881 16
1694510089159 0.07504179231387546 17
1694510089340 0.09330757319266332 18
1694510089496 0.003135146367821781 19
1694510089650 0.03861475020317648 20
1694510089841 0.03028958442390128 21
1694510090000 0.10581734192512818 22
1694510090149 0.08005658485290319 23
1694510090324 0.021794682473949126 24
1694510090497 0.05457337790729587 25
1694510090652 0.00038017279696190377 26
1694510090806 0.14025380557314993 27
1694510090996 0.09384986103143571 28
1694510091177 0.016321171697786012 29
1694510091348 0.5235065905826839 30
1694510091532 0.022274869949105956 31
1694510091689 0.41748549469337193 32
1694510091848 0.001815387805854698 33
1694510092006 0.021060703161484288 34
1694510092160 0.06256132148301255 35
1694510092313 0.22137647533916563 36
1694510092466 0.09584239770923982 37
1694510092620 0.05956608796997669 38
1694510092793 0.008201085008937662 39
1694510092951 0.43717154492342414 40
1694510093112 0.0773825645083119 41
1694510093266 0.04515069824435046 42
1694510093439 0.0004594587192706521 43
1694510093592 0.364991785802963 44
1694510093749 0.00019574893627742967 45
1694510093903 0.0491062461476041 46
1694510094059 0.18642565811978837 47
1694510094213 0.11502693455715682 48
1694510094366 0.2518516836414394 49
