1694489871454 -242.1228281196216 0
1694489871604 -241.64161934280264 1
1694489871741 -241.16145891431123 2
1694489871874 -240.68234451367937 3
1694489872013 -240.20427376728222 4
1694489872129 -239.7272443070063 5
1694489872256 -239.25125377023556 6
1694489872379 -238.7762997998392 7
1694489872515 -238.3023800441577 8
1694489872638 -237.82949215699097 9
1694489872773 -237.35763379758492 10
1694489872910 -236.8868026306188 11
1694489873029 -236.41699632619262 12
1694489873166 -235.94821255981407 13
1694489873348 -235.48044901238606 14
1694489873467 -235.01370337019415 15
1694489873596 -234.54797332489335 16
1694489873718 -234.0832565734962 17
1694489873851 -233.61955081835973 18
1694489873982 -233.15685376717303 19
1694489874102 -232.69516313294466 20
1694489874245 -232.23447663399028 21
1694489874379 -231.7747919939201 22
1694489874501 -231.3161069416264 23
1694489874620 -230.85841921127107 24
1694489874742 -230.40172654227362 25
1694489874875 -229.9460266792981 26
1694489875002 -229.49131737224155 27
1694489875136 -229.0375963762212 28
1694489875259 -228.58486145156223 29
1694489875414 -228.13311036378587 30
1694489875539 -227.682340883597 31
1694489875647 -227.23255078687168 32
1694489875785 -226.7837378546455 33
1694489875920 -226.33589987310123 34
1694489876037 -225.8890346335565 35
1694489876173 -225.4431399324523 36
1694489876295 -224.99821357134024 37
1694489876412 -224.5542533568713 38
1694489876580 -224.11125710078315 39
1694489876735 -223.6692226198885 40
1694489876879 -223.2281477360634 41
1694489877027 -222.78803027623505 42
1694489877153 -222.3488680723699 43
1694489877280 -221.91065896146208 44
1694489877405 -221.47340078552128 45
1694489877546 -221.03709139156132 46
1694489877693 -220.601728631588 47
1694489877832 -220.1673103625878 48
1694489877959 -219.73383444651566 49
