1694510009725 0.07501938208191934 0
1694510009920 0.0006329401374962207 1
1694510010102 0.01226005958645405 2
1694510010288 0.022316756932214857 3
1694510010458 0.0030855287745347355 4
1694510010669 0.0857587247604656 5
1694510010848 0.1356233432787202 6
1694510011048 0.03398809808086849 7
1694510011250 0.014638290882846797 8
1694510011450 0.013903563608900292 9
1694510011657 0.4312715001878615 10
1694510011847 0.00818456719785882 11
1694510012019 0.42880571105598686 12
1694510012216 0.15794491152025775 13
1694510012383 0.2582754462283828 14
1694510012537 0.005790607029920134 15
1694510012702 0.042943188328198253 16
1694510012901 0.2396035637371044 17
1694510013101 0.07898365986422563 18
1694510013264 0.16397790165242815 19
1694510013448 0.039970774493491956 20
1694510013640 0.02019831632784429 21
1694510013795 0.02164874094637818 22
1694510013946 0.0093807445099016 23
1694510014101 0.03986972234769596 24
1694510014268 0.037985439565982715 25
1694510014423 0.29967245402689247 26
1694510014578 0.11692512454938774 27
1694510014739 0.09339340577467661 28
1694510014907 0.02216919090493106 29
1694510015067 0.11969453230049049 30
1694510015223 0.06522657393742938 31
1694510015405 0.045662181667585226 32
1694510015567 0.07007338116123789 33
1694510015743 0.0001127904453400791 34
1694510015898 0.06741126874458019 35
1694510016092 0.07786668384964068 36
1694510016259 0.0001831035156303154 37
1694510016435 0.05735872229771135 38
1694510016591 0.230434781765032 39
1694510016747 0.07241208797897314 40
1694510016904 0.05968881254252694 41
1694510017066 0.07413246079655987 42
1694510017227 0.10281096458256433 43
1694510017390 0.001028007340326956 44
1694510017562 0.022673645161733896 45
1694510017732 0.15595101950077314 46
1694510017901 0.12156422638022607 47
1694510018050 0.008742137813394071 48
1694510018228 0.012290657652236551 49
