1694510826201 -227.9626476525463 0
1694510826338 -223.40727726457803 1
1694510826478 -218.94261568029722 2
1694510826614 -214.56685618110862 3
1694510826757 -210.27822800305395 4
1694510826909 -206.07499566682395 5
1694510827054 -201.9554582743082 6
1694510827185 -197.9179488191771 7
1694510827324 -193.96083351121786 8
1694510827468 -190.08251111414825 9
1694510827607 -186.28141229663967 10
1694510827739 -182.55599899628595 11
1694510827910 -178.90476379625926 12
1694510828059 -175.3262293143998 13
1694510828203 -171.81894760449126 14
1694510828353 -168.38149956947873 15
1694510828488 -165.01249438639059 16
1694510828645 -161.7105689427311 17
1694510828783 -158.47438728411396 18
1694510828921 -155.3026400729136 19
1694510829066 -152.19404405771317 20
1694510829221 -149.1473415533347 21
1694510829366 -146.16129993123937 22
1694510829492 -143.23471112009142 23
1694510829629 -140.36639111628295 24
1694510829765 -137.5551795042205 25
1694510829901 -134.79993898617835 26
1694510830059 -132.09955492152875 27
1694510830230 -129.4529348751603 28
1694510830371 -126.85900817490254 29
1694510830504 -124.3167254777763 30
1694510830640 -121.82505834489382 31
1694510830779 -119.38299882483601 32
1694510830930 -116.98955904533794 33
1694510831071 -114.64377081311616 34
1694510831204 -112.34468522167639 35
1694510831336 -110.09137226694111 36
1694510831476 -107.88292047054196 37
1694510831631 -105.71843651062392 38
1694510831772 -103.5970448600104 39
1694510831915 -101.51788743158406 40
1694510832060 -99.4801232307377 41
1694510832203 -97.48292801475537 42
1694510832384 -95.5254939589848 43
1694510832514 -93.60702932966565 44
1694510832655 -91.72675816328132 45
1694510832785 -89.88391995230357 46
1694510832930 -88.07776933720264 47
1694510833073 -86.30757580459793 48
1694510833216 -84.57262339142673 49
