1694510826082 169.38132362389592 0
1694510826246 166.0081032887373 1
1694510826378 162.70545368955743 2
1694510826519 159.4685785727039 3
1694510826655 156.29616751592513 4
1694510826795 153.18693618302726 5
1694510826945 150.1396258375983 6
1694510827097 147.15300283247294 7
1694510827225 144.22585810938523 8
1694510827367 141.35700670860632 9
1694510827510 138.54528728836686 10
1694510827648 135.78956165386967 11
1694510827790 133.08871429570024 12
1694510827950 130.44165193744814 13
1694510828106 127.84730309235478 14
1694510828247 125.30461762880783 15
1694510828391 122.81256634450527 16
1694510828531 120.37014054911606 17
1694510828687 117.97635165526799 18
1694510828828 115.63023077769601 19
1694510828964 113.33082834038848 20
1694510829109 111.07721369157147 21
1694510829268 108.86847472637488 22
1694510829406 106.7037175170262 23
1694510829533 104.5820659504231 24
1694510829669 102.50266137293575 25
1694510829811 100.46466224229599 26
1694510829943 98.4672437864312 27
1694510830107 96.50959766910407 28
1694510830274 94.59093166222301 29
1694510830416 92.71046932468944 30
1694510830542 90.8674496876518 31
1694510830678 89.06112694603823 32
1694510830820 87.29077015624271 33
1694510830971 85.55566293984172 34
1694510831115 83.85510319322104 35
1694510831244 82.18840280299491 36
1694510831381 80.55488736710151 37
1694510831520 78.95389592146203 38
1694510831672 77.38478067209172 39
1694510831812 75.84690673255442 40
1694510831952 74.339651866654 41
1694510832106 72.86240623625778 42
1694510832253 71.41457215414998 43
1694510832425 69.99556384181436 44
1694510832561 68.60480719204809 45
1694510832692 67.2417395363101 46
1694510832831 65.90580941670969 47
1694510832969 64.5964763625424 48
1694510833111 63.313210671282945 49
