1694491238481 -242.64287679465554 0
1694491238627 -239.02098898154404 1
1694491238773 -235.45298775499185 2
1694491238890 -231.93807605693206 3
1694491238986 -228.475511268312 4
1694491239090 -225.06440653958802 5
1694491239197 -221.70417946612108 6
1694491239310 -218.39398147065194 7
1694491239422 -215.13292129478285 8
1694491239526 -211.92050529835413 9
1694491239627 -208.7557977469879 10
1694491239733 -205.63824572540037 11
1694491239825 -202.56702924906827 12
1694491239914 -199.54163872347615 13
1694491240025 -196.5612314168189 14
1694491240120 -193.6252980146882 15
1694491240223 -190.73298285886074 16
1694491240324 -187.8836541005198 17
1694491240415 -185.076754697033 18
1694491240510 -182.311646706123 19
1694491240600 -179.58778829514432 20
1694491240705 -176.90438368605203 21
1694491240810 -174.26099741331137 22
1694491240905 -171.65685798448138 23
1694491241018 -169.0914234439968 24
1694491241117 -166.5642411021935 25
1694491241224 -164.07471786482117 26
1694491241334 -161.62219364249415 27
1694491241439 -159.2062360658171 28
1694491241549 -156.82632559807448 29
1694491241649 -154.4817380533551 30
1694491241740 -152.171977136967 31
1694491241835 -149.8966376459245 32
1694491241930 -147.65518383878828 33
1694491242025 -145.4470499659002 34
1694491242129 -143.27179344237618 35
1694491242231 -141.12888373544644 36
1694491242325 -139.0179046795465 37
1694491242429 -136.9383399659203 38
1694491242539 -134.8896558472529 39
1694491242646 -132.87146353782603 40
1694491242751 -130.88330889652627 41
1694491242851 -128.92473972793306 42
1694491242941 -126.995410989068 43
1694491243033 -125.09465061574086 44
1694491243125 -123.22230166597409 45
1694491243224 -121.37765170610155 46
1694491243314 -119.56066324921619 47
1694491243428 -117.77065293925195 48
1694491243543 -116.0072568409747 49
