1694491238397 173.12683339789092 0
1694491238523 163.94826903471937 1
1694491238674 162.3274437756379 2
1694491238812 158.95905831450216 3
1694491238922 156.31627124438992 4
1694491239018 157.3919965223024 5
1694491239124 151.60362453878895 6
1694491239232 147.7047256792273 7
1694491239352 150.11229393462654 8
1694491239457 144.05121649379936 9
1694491239561 145.36002910191473 10
1694491239664 141.53521146145994 11
1694491239763 143.40508370829116 12
1694491239856 136.9719407167366 13
1694491239949 136.41640431451006 14
1694491240057 130.21354322440274 15
1694491240153 131.1158718960225 16
1694491240257 131.19464632404961 17
1694491240355 127.28371311428388 18
1694491240446 127.2134158243898 19
1694491240539 120.72598459833462 20
1694491240637 122.97004474990332 21
1694491240741 117.16313356788125 22
1694491240841 118.28970529849664 23
1694491240946 118.95657679840998 24
1694491241048 114.3408133066598 25
1694491241154 111.52551557907954 26
1694491241261 111.40748206978206 27
1694491241371 107.22723551028588 28
1694491241476 101.99156456999461 29
1694491241585 104.54428523598831 30
1694491241681 104.61020865180517 31
1694491241772 102.04872013000406 32
1694491241866 99.90254700480173 33
1694491241965 100.20233176811321 34
1694491242060 98.4835117252286 35
1694491242165 96.43364763185775 36
1694491242262 94.5255035240994 37
1694491242361 92.6088720985161 38
1694491242466 93.98995847238938 39
1694491242571 92.96250230505039 40
1694491242681 91.28861625030953 41
1694491242787 90.08068779943606 42
1694491242882 84.8314901082446 43
1694491242973 89.0263599402414 44
1694491243063 83.515824167725 45
1694491243159 88.20992692686856 46
1694491243254 78.3355053604114 47
1694491243351 79.1936728871352 48
1694491243467 80.22331370135602 49
