1694509579666 169.42810631986347 0
1694509579838 169.39419676687862 1
1694509580010 169.36058009094972 2
1694509580192 169.3269681508436 3
1694509580341 169.2933648843212 4
1694509580502 169.25976832047192 5
1694509580677 169.22617845795563 6
1694509580840 169.19259332591162 7
1694509581018 169.15901686208147 8
1694509581189 169.12544709556582 9
1694509581346 169.09188402502568 10
1694509581501 169.0583256796117 11
1694509581657 169.0247759970459 12
1694509581829 168.99123300644027 13
1694509581981 168.9576967064568 14
1694509582155 168.92416512625806 15
1694509582321 168.89064220354578 16
1694509582502 168.8571259674436 17
1694509582678 168.82361641661467 18
1694509582853 168.7901115802334 19
1694509583019 168.756615395981 20
1694509583187 168.7231258929929 21
1694509583329 168.68964306993342 22
1694509583484 168.65616495598903 23
1694509583645 168.62269548881994 24
1694509583815 168.58923269757372 25
1694509583983 168.55577658091565 26
1694509584148 168.52232516804466 27
1694509584325 168.48888239659948 28
1694509584528 168.45544629574002 29
1694509584704 168.4220168641326 30
1694509584891 168.38859213098854 31
1694509585088 168.35517603392503 32
1694509585276 168.32176660211422 33
1694509585446 168.28836383422362 34
1694509585622 168.25496575947727 35
1694509585800 168.22157631547014 36
1694509585993 168.18819353138707 37
1694509586176 168.1548174058966 38
1694509586319 168.12144596823572 39
1694509586489 168.08808315597685 40
1694509586653 168.05472699831768 41
1694509586853 168.0213774939277 42
1694509587067 167.98803267205713 43
1694509587246 167.95469647025544 44
1694509587446 167.92136691773322 45
1694509587624 167.88804401316125 46
1694509587815 167.85472578580288 47
1694509588009 167.82141617318428 48
1694509588222 167.7881132045293 49
