1694489903147 -240.88698342924647 0
1694489903294 -236.09133405373498 1
1694489903449 -231.4004362196629 2
1694489903572 -226.81190651973304 3
1694489903715 -222.3234170274832 4
1694489903856 -217.932693990009 5
1694489904005 -213.63751655168588 6
1694489904146 -209.43571550815145 7
1694489904271 -205.32517208982998 8
1694489904397 -201.3038167742946 9
1694489904534 -197.36962812678266 10
1694489904653 -193.5206316681938 11
1694489904779 -189.75489876991696 12
1694489904914 -186.070545574849 13
1694489905036 -182.46573194398107 14
1694489905157 -178.93866042794548 15
1694489905287 -175.48757526292883 16
1694489905416 -172.1107613903724 17
1694489905540 -168.80654349989422 18
1694489905668 -165.5732850948802 19
1694489905786 -162.40938758020576 20
1694489905915 -159.3132893715617 21
1694489906079 -156.2834650258706 22
1694489906203 -153.31842439229243 23
1694489906335 -150.41671178333 24
1694489906469 -147.57690516555613 25
1694489906598 -144.79761536949684 26
1694489906738 -142.07748531821437 27
1694489906892 -139.41518927414631 28
1694489907018 -136.80943210376662 29
1694489907140 -134.25894855964518 30
1694489907273 -131.76250257949218 31
1694489907400 -129.3188866017842 32
1694489907527 -126.92692089757735 33
1694489907659 -124.58545291812378 34
1694489907783 -122.29335665791496 35
1694489907905 -120.04953203278649 36
1694489908036 -117.85290427272544 37
1694489908169 -115.70242332903213 38
1694489908330 -113.59706329549444 39
1694489908452 -111.53582184324249 40
1694489908579 -109.51771966895834 41
1694489908700 -107.54179995612401 42
1694489908828 -105.60712784899782 43
1694489908956 -103.7127899390169 44
1694489909080 -101.85789376333106 45
1694489909205 -100.04156731517975 46
1694489909332 -98.26295856583094 47
1694489909451 -96.52123499780775 48
1694489909580 -94.81558314913453 49
