1694489903049 168.842376412334 0
1694489903200 165.48483638160002 1
1694489903333 162.20073114307218 2
1694489903490 158.98838861710198 3
1694489903610 155.84617566101022 4
1694489903751 152.77249715147684 5
1694489903900 149.76579508869096 6
1694489904048 146.8245477217427 7
1694489904185 143.94726869475258 8
1694489904310 141.1325062132434 9
1694489904438 138.37884223027527 10
1694489904573 135.68489165187168 11
1694489904693 133.04930156127912 12
1694489904815 130.47075046161194 13
1694489904955 127.94794753644473 14
1694489905074 125.47963192792609 15
1694489905198 123.06457203199675 16
1694489905324 120.7015648103053 17
1694489905455 118.38943511842453 18
1694489905574 116.1270350499809 19
1694489905701 113.91324329631857 20
1694489905830 111.74696452132882 21
1694489905953 109.62712875108424 22
1694489906117 107.5526907779258 23
1694489906238 105.52262957865906 24
1694489906373 103.53594774652441 25
1694489906507 101.59167093661371 26
1694489906636 99.68884732441367 27
1694489906781 97.82654707716449 28
1694489906936 96.00386183772835 29
1694489907057 94.21990422067131 30
1694489907178 92.47380732026787 31
1694489907312 90.76472423014499 32
1694489907439 89.09182757428908 33
1694489907565 87.45430904914599 34
1694489907698 85.85137897655034 35
1694489907819 84.28226586722697 36
1694489907942 82.7462159946135 37
1694489908072 81.24249297875858 38
1694489908215 79.77037738005666 39
1694489908364 78.3291663025857 40
1694489908496 76.91817300681961 41
1694489908618 75.53672653149286 42
1694489908734 74.18417132439987 43
1694489908867 72.85986688191723 44
1694489908996 71.56318739704129 45
1694489909116 70.29352141573914 46
1694489909245 69.05027150141568 47
1694489909375 67.832853907304 48
1694489909487 66.64069825659092 49
