1694510410513 -208.4108272799195 0
1694510410642 -179.22432596395046 1
1694510410772 -154.10800402789155 2
1694510410898 -132.49380280108247 3
1694510411028 -113.89524808470881 4
1694510411175 -97.89122163791606 5
1694510411302 -84.11876019411652 6
1694510411429 -72.2673439118183 7
1694510411555 -62.06890618971494 8
1694510411694 -53.29315752107242 9
1694510411834 -45.74106905742089 10
1694510411977 -39.242342710444625 11
1694510412110 -33.64990689946096 12
1694510412258 -28.837459204891363 13
1694510412389 -24.696279539565477 14
1694510412523 -21.132711934561954 15
1694510412657 -18.06607440915481 16
1694510412801 -15.42710884963461 17
1694510412934 -13.156230143196115 18
1694510413069 -11.202256459527554 19
1694510413210 -9.520672076004551 20
1694510413339 -8.073722426963405 21
1694510413472 -6.828679006099463 22
1694510413601 -5.7573189082401965 23
1694510413737 -4.835377425061841 24
1694510413879 -4.04206457040689 25
1694510414016 -3.359546695842793 26
1694510414150 -2.7722518758867474 27
1694510414288 -2.2669248760515193 28
1694510414419 -1.8321174772295707 29
1694510414551 -1.4580763931374228 30
1694510414688 -1.1361708446091514 31
1694510414818 -0.8592736786226203 32
1694510414948 -0.6210612504601576 33
1694510415081 -0.41610328569272026 34
1694510415215 -0.23982446566858995 35
1694510415355 -0.08812154759649293 36
1694510415487 0.0423405988006722 37
1694510415619 0.1545795904751307 38
1694510415750 0.2511115714536001 39
1694510415884 0.3341801915735517 40
1694510416023 0.405561752147096 41
1694510416171 0.4669666187946945 42
1694510416314 0.5197773703992628 43
1694510416445 0.5651720332213694 44
1694510416577 0.6042378312590926 45
1694510416709 0.6378274654262852 46
1694510416840 0.6666860624728793 47
1694510416972 0.6914944541951334 48
1694510417104 0.712826049849778 49
