1694510410429 148.45654675586408 0
1694510410557 121.96396884481156 1
1694510410687 109.18610671797106 2
1694510410814 96.89780302227508 3
1694510410942 81.8309090838914 4
1694510411078 68.15557107038627 5
1694510411218 60.15388749430519 6
1694510411345 51.5216277194134 7
1694510411474 43.88870248623787 8
1694510411601 37.87690025838267 9
1694510411742 32.90625348797446 10
1694510411881 28.313208828382994 11
1694510412023 24.146303738289088 12
1694510412167 20.40884552482217 13
1694510412303 17.58923913569782 14
1694510412435 15.27954202525668 15
1694510412570 13.640193758608854 16
1694510412704 11.451645963781258 17
1694510412846 10.055575752913052 18
1694510412979 8.264023689468232 19
1694510413114 7.571032386892849 20
1694510413252 6.036957088082779 21
1694510413383 5.040315356694015 22
1694510413516 4.631192974671817 23
1694510413648 4.305390968548122 24
1694510413784 3.3725185057638054 25
1694510413926 2.9854762723348647 26
1694510414058 2.6949104244258772 27
1694510414196 2.2416016331907396 28
1694510414333 2.022904738624185 29
1694510414464 1.5894952391838189 30
1694510414599 1.3903162602355446 31
1694510414732 1.3761996021998304 32
1694510414862 1.2571107503544576 33
1694510414993 1.002684294480949 34
1694510415127 0.8696354599439727 35
1694510415265 0.7549181037844643 36
1694510415404 0.6341697665710708 37
1694510415534 0.6250432114037059 38
1694510415663 0.5576721160028987 39
1694510415795 0.6100097623694679 40
1694510415928 0.38192060010158235 41
1694510416070 0.3897324034453344 42
1694510416216 0.3508526663160637 43
1694510416360 0.25399354905547333 44
1694510416490 0.2482750816766492 45
1694510416621 0.29408561230454616 46
1694510416754 0.20492890256012772 47
1694510416884 0.23487890991119148 48
1694510417020 0.20294510281015785 49
