1694510546958 -245.65609095907553 0
1694510547179 -245.16376954275734 1
1694510547373 -244.6724320510902 2
1694510547576 -244.1820765170465 3
1694510547764 -243.6927009775321 4
1694510547950 -243.20430347337805 5
1694510548134 -242.716882049333 6
1694510548325 -242.23043475405527 7
1694510548535 -241.74495964010507 8
1694510548732 -241.26045476393668 9
1694510548939 -240.7769181858905 10
1694510549134 -240.29434797018573 11
1694510549319 -239.8127421849119 12
1694510549537 -239.332098902022 13
1694510549744 -238.8524161973241 14
1694510549930 -238.37369215047357 15
1694510550126 -237.89592484496603 16
1694510550334 -237.41911236812925 17
1694510550541 -236.9432528111153 18
1694510550720 -236.46834426889333 19
1694510550904 -235.99438484024168 20
1694510551083 -235.52137262774042 21
1694510551239 -235.04930573776332 22
1694510551416 -234.5781822804709 23
1694510551603 -234.10800036980262 24
1694510551801 -233.6387581234689 25
1694510551974 -233.17045366294414 26
1694510552157 -232.70308511345903 27
1694510552313 -232.23665060399284 28
1694510552480 -231.77114826726608 29
1694510552642 -231.30657623973323 30
1694510552809 -230.84293266157476 31
1694510552972 -230.38021567669017 32
1694510553133 -229.91842343269022 33
1694510553291 -229.45755408088968 34
1694510553449 -228.9976057763 35
1694510553625 -228.53857667762156 36
1694510553805 -228.08046494723672 37
1694510554001 -227.6232687512023 38
1694510554179 -227.16698625924195 39
1694510554346 -226.71161564473937 40
1694510554508 -226.2571550847305 41
1694510554673 -225.80360275989642 42
1694510554854 -225.35095685455605 43
1694510555012 -224.89921555665885 44
1694510555203 -224.44837705777775 45
1694510555370 -223.99843955310143 46
1694510555528 -223.54940124142763 47
1694510555691 -223.10126032515558 48
1694510555847 -222.65401501027893 49
