1694425439802 -5.684719822562333 0
1694425439945 -5.631509966094725 1
1694425440095 -5.740647547837978 2
1694425440252 -6.054765813577082 3
1694425440424 -5.617557767634917 4
1694425440576 -6.046768017555214 5
1694425440742 -5.591607885756162 6
1694425440902 -5.672044994272976 7
1694425441058 -5.450960596157215 8
1694425441209 -5.631797718812978 9
1694425441365 -5.704525785839304 10
1694425441517 -5.435916208440124 11
1694425441678 -6.019953931008285 12
1694425441830 -5.604039001589655 13
1694425441990 -6.204967332812525 14
1694425442143 -5.802584686011914 15
1694425442302 -5.716953001557651 16
1694425442456 -5.479493349244453 17
1694425442606 -5.732796604374787 18
1694425442753 -5.716398762752658 19
1694425442908 -5.638158819445586 20
1694425443069 -5.688210958053464 21
1694425443228 -5.770699686451006 22
1694425443383 -5.464788449049249 23
1694425443529 -5.416457016406933 24
1694425443671 -5.481168859273681 25
1694425443837 -5.595100090318915 26
1694425444000 -5.6734778785704245 27
1694425444156 -5.5372644482878695 28
1694425444315 -5.772684320492235 29
1694425444468 -5.570185867744571 30
1694425444626 -5.179834120988427 31
1694425444782 -6.133351340149894 32
1694425444929 -5.380149585287575 33
1694425445076 -5.742932324189571 34
1694425445224 -5.824130811752521 35
1694425445387 -5.517348515837621 36
1694425445531 -6.627610498672623 37
1694425445677 -5.984123398738615 38
1694425445828 -5.181951871687027 39
1694425445984 -6.021128844068693 40
1694425446133 -5.786343355911758 41
1694425446286 -5.7937513646748 42
1694425446441 -5.744197583420066 43
1694425446601 -5.311050940980573 44
1694425446756 -5.488195542343355 45
1694425446932 -5.626360067219615 46
1694425447110 -6.066089684598737 47
1694425447275 -5.480260503646348 48
1694425447439 -5.844187899008939 49
