1694425439732 4.08619932467929 0
1694425439883 6.2914718589456 1
1694425440027 7.301109275116727 2
1694425440175 3.2974593641546126 3
1694425440353 9.175019292928694 4
1694425440507 8.771647182827852 5
1694425440662 4.647917776372781 6
1694425440825 2.8525153052761567 7
1694425440983 5.9763485554575855 8
1694425441138 6.788512584753105 9
1694425441292 4.068987782654278 10
1694425441445 4.279063162920488 11
1694425441597 4.246899279984116 12
1694425441759 3.450344586327822 13
1694425441909 4.115236219317507 14
1694425442072 6.103174483532237 15
1694425442223 5.428455187702158 16
1694425442382 4.871109788278162 17
1694425442532 5.5251585043914595 18
1694425442686 8.232366541016134 19
1694425442834 2.540997151850437 20
1694425443002 6.458067375432445 21
1694425443152 3.4759491561536566 22
1694425443311 5.225888523562035 23
1694425443465 4.683513166818576 24
1694425443609 11.30724073060887 25
1694425443758 1.921343070390761 26
1694425443924 3.7830118068727203 27
1694425444082 4.569913121711184 28
1694425444237 4.603798197877287 29
1694425444394 5.211970892786547 30
1694425444549 6.000381815130625 31
1694425444709 3.06314179905606 32
1694425444858 6.111358524643916 33
1694425445005 3.2930348615027394 34
1694425445150 3.2990584623776487 35
1694425445308 5.667244733015412 36
1694425445468 7.990742787948069 37
1694425445606 3.4984830799359417 38
1694425445758 2.8962894030634074 39
1694425445905 0.5580858484926648 40
1694425446070 4.265082417483659 41
1694425446213 7.785508227089457 42
1694425446368 5.186616148608955 43
1694425446522 4.997812636328467 44
1694425446686 4.198668021397075 45
1694425446848 4.320508567595544 46
1694425447019 5.420335693846802 47
1694425447200 6.266169491579542 48
1694425447363 6.760905371794298 49
