1694510385705 -52.82494100364839 0
1694510385841 -11.011335957809019 1
1694510385970 -1.7687182962002765 2
1694510386103 0.2701513503563612 3
1694510386234 0.7180974984770567 4
1694510386374 0.8158246008696495 5
1694510386515 0.8368340617650416 6
1694510386644 0.8411977216038075 7
1694510386777 0.8419485224148531 8
1694510386904 0.8420833765207767 9
1694510387111 0.8421762560959201 10
1694510387239 0.8420771983943685 11
1694510387379 0.8421471840844003 12
1694510387520 0.8419549330678612 13
1694510387656 0.8421968606650684 14
1694510387803 0.8422471287617761 15
1694510387942 0.8423049588822938 16
1694510388072 0.8421195051827675 17
1694510388202 0.8422588704577365 18
1694510388334 0.8421937848396792 19
1694510388466 0.8421647095364109 20
1694510388600 0.8421327146486489 21
1694510388732 0.8421941101373223 22
1694510388865 0.8421233946332084 23
1694510389002 0.8421560691220653 24
1694510389137 0.8421316137553123 25
1694510389297 0.8421601698315612 26
1694510389445 0.8421910243146973 27
1694510389579 0.8420186534433336 28
1694510389710 0.8420559332858283 29
1694510389845 0.8422025234546477 30
1694510389995 0.8420744909663631 31
1694510390124 0.8420309123878802 32
1694510390253 0.8421102800828082 33
1694510390388 0.8421013347183937 34
1694510390526 0.8420849209451416 35
1694510390662 0.8421490788755722 36
1694510390796 0.8421753064275873 37
1694510390925 0.8420976941911168 38
1694510391059 0.8420725863031641 39
1694510391192 0.8420790671711708 40
1694510391323 0.8421685794125936 41
1694510391458 0.8422419855534719 42
1694510391593 0.8420921153420999 43
1694510391726 0.8421455271802708 44
1694510391859 0.842101882502906 45
1694510392006 0.8420798242173386 46
1694510392142 0.8419729850434073 47
1694510392259 0.842040017435692 48
1694510392372 0.8420320022351945 49
