1694491030058 -114.12781455124372 0
1694491030206 -53.46115159456144 1
1694491030354 -24.803628023619506 2
1694491030503 -11.267727026475022 3
1694491030653 -4.874000258347042 4
1694491030787 -1.8526149193329613 5
1694491030927 -0.4269656810693401 6
1694491031066 0.24503400833157896 7
1694491031212 0.5623544293447129 8
1694491031370 0.7113006789388532 9
1694491031511 0.7811763783628346 10
1694491031654 0.8140876049856749 11
1694491031795 0.829368919081059 12
1694491031944 0.8363936694300594 13
1694491032080 0.8396124847643027 14
1694491032227 0.8410780093236307 15
1694491032363 0.8417271184101577 16
1694491032516 0.8419767223390007 17
1694491032663 0.8420725525059973 18
1694491032796 0.8421642992262626 19
1694491032941 0.8421579045640939 20
1694491033087 0.8421545422597957 21
1694491033233 0.8421640949359178 22
1694491033386 0.8421510116686344 23
1694491033532 0.8421097457857346 24
1694491033678 0.8421227994723272 25
1694491033827 0.8421315106803836 26
1694491033980 0.8420971261251442 27
1694491034131 0.842126426761572 28
1694491034266 0.8421455155034422 29
1694491034415 0.8421512224845518 30
1694491034560 0.8420997038531283 31
1694491034706 0.8421255458205537 32
1694491034839 0.8421541169497595 33
1694491034986 0.8421332092625003 34
1694491035131 0.8421483876010883 35
1694491035275 0.8421736346859761 36
1694491035417 0.8421438252216726 37
1694491035562 0.8421656693607937 38
1694491035702 0.8421434624839024 39
1694491035848 0.8421248077097937 40
1694491035982 0.8421513717428992 41
1694491036126 0.8420936618274817 42
1694491036275 0.8421327335495592 43
1694491036425 0.8421339073953543 44
