1694490485296 -242.1445810002002 0
1694490485401 -238.5604330015297 1
1694490485513 -235.02929829829674 2
1694490485615 -231.55068206422402 3
1694490485721 -228.1236961082969 4
1694490485834 -224.747454462927 5
1694490485934 -221.42127564465295 6
1694490486042 -218.14433244732356 7
1694490486142 -214.91584733422533 8
1694490486237 -211.73518853960306 9
1694490486334 -208.6015972987681 10
1694490486437 -205.51461105130895 11
1694490486540 -202.4731456241502 12
1694490486637 -199.47678415399375 13
1694490486736 -196.5250586076267 14
1694490486838 -193.61698631739603 15
1694490486931 -190.7519494659081 16
1694490487021 -187.92939027258032 17
1694490487109 -185.1484489917069 18
1694490487210 -182.4090260508493 19
1694490487313 -179.7101363178876 20
1694490487418 -177.05083633565314 21
1694490487520 -174.43087151996997 22
1694490487614 -171.85025113644994 23
1694490487715 -169.3078455198658 24
1694490487810 -166.80266652330337 25
1694490487913 -164.33453629482497 26
1694490488018 -161.90308214146654 27
1694490488121 -159.50751128829882 28
1694490488228 -157.14773394072947 29
1694490488334 -154.82271144119488 30
1694490488437 -152.5323248640463 31
1694490488529 -150.2754764823953 32
1694490488631 -148.0523421588593 33
1694490488734 -145.86187613952535 34
1694490488838 -143.70399959937998 35
1694490488932 -141.5781669919148 36
1694490489037 -139.4834679210793 37
1694490489138 -137.4199823239402 38
1694490489240 -135.387128478418 39
1694490489334 -133.38424383873695 40
1694490489427 -131.41094597695 41
1694490489527 -129.46692097562078 42
1694490489624 -127.55188890768616 43
1694490489715 -125.66485508830503 44
1694490489818 -123.80585588315367 45
1694490489916 -121.97442655453197 46
1694490490012 -120.17010424506347 47
1694490490101 -118.39232121045315 48
1694490490206 -116.64063465978819 49
