1694490485231 162.36881352150797 0
1694490485331 157.86014997173174 1
1694490485440 160.78670022811332 2
1694490485549 159.3897981300774 3
1694490485650 155.81620049524517 4
1694490485760 155.7980844976518 5
1694490485868 151.30757867684687 6
1694490485968 151.42191886718845 7
1694490486078 149.7747346917025 8
1694490486175 146.5394050277504 9
1694490486272 140.8480555183226 10
1694490486369 141.48518811839705 11
1694490486473 140.2686396143708 12
1694490486571 138.62544135286365 13
1694490486670 136.1924500156601 14
1694490486771 136.69179265354938 15
1694490486874 129.4544737981107 16
1694490486962 126.43371644481998 17
1694490487051 131.0139070783746 18
1694490487144 122.86445037904963 19
1694490487244 125.23546964629325 20
1694490487350 122.79580428764882 21
1694490487451 123.29475300856404 22
1694490487549 115.92506963386742 23
1694490487649 114.25716579555764 24
1694490487748 115.25007878677303 25
1694490487845 112.98042138937323 26
1694490487948 111.61947592768279 27
1694490488054 113.7974629513448 28
1694490488157 110.8076981166741 29
1694490488262 102.79499762184156 30
1694490488373 106.91641162593663 31
1694490488468 107.07960594294036 32
1694490488564 100.50922641169669 33
1694490488667 99.6901482100348 34
1694490488769 99.79604334067324 35
1694490488869 98.56590834965536 36
1694490488967 98.07891205899827 37
1694490489071 94.30900642634445 38
1694490489173 91.75855924581083 39
1694490489272 91.57632178661925 40
1694490489369 90.64651567618894 41
1694490489459 88.11507704871273 42
1694490489565 87.2837776200439 43
1694490489654 83.38704342728707 44
1694490489748 84.95750026395588 45
1694490489850 79.87012076837831 46
1694490489951 84.70855808879027 47
1694490490043 82.09361560409546 48
1694490490138 83.33219336542709 49
