1694491471759 -238.05898444114135 0
1694491471905 -233.30018567142477 1
1694491472027 -228.63619009045163 2
1694491472162 -224.06510843122567 3
1694491472307 -219.58508909738447 4
1694491472430 -215.19431741147065 5
1694491472565 -210.89101487822163 6
1694491472690 -206.67343846257614 7
1694491472827 -202.5398798821043 8
1694491472952 -198.48866491357103 9
1694491473126 -194.51815271335204 10
1694491473254 -190.62673515142345 11
1694491473413 -186.81283615865476 12
1694491473538 -183.07491108713833 13
1694491473685 -179.41144608329506 14
1694491473814 -175.82095747350044 15
1694491473937 -172.3019911619807 16
1694491474072 -168.8531220407334 17
1694491474201 -165.47295341123248 18
1694491474345 -162.16011641768154 19
1694491474472 -158.9132694915847 20
1694491474598 -155.73109780740887 21
1694491474728 -152.61231274911515 22
1694491474858 -149.5556513873426 23
1694491474982 -146.55987596703085 24
1694491475114 -143.6237734052733 25
1694491475282 -140.74615479919626 26
1694491475460 -137.92585494366304 27
1694491475615 -135.16173185860748 28
1694491475747 -132.45266632580396 29
1694491475876 -129.79756143488476 30
1694491476019 -127.19534213842101 31
1694491476149 -124.64495481588506 32
1694491476279 -122.14536684631737 33
1694491476409 -119.69556618952362 34
1694491476545 -117.29456097563154 35
1694491476677 -114.94137910284083 36
1694491476802 -112.63506784320163 37
1694491476935 -110.37469345626194 38
1694491477068 -108.15934081042623 39
1694491477199 -105.98811301187101 40
1694491477324 -103.86013104086702 41
1694491477499 -101.77453339535931 42
1694491477624 -99.73047574166065 43
1694491477753 -97.72713057211602 44
1694491477888 -95.7636868695987 45
1694491478014 -93.83934977870177 46
1694491478155 -91.95334028349124 47
1694491478294 -90.10489489168931 48
1694491478428 -88.29326532515991 49
