1694510076969 0.8294692625081427 0
1694510077162 0.8332528942173962 1
1694510077338 0.8296690992722436 2
1694510077491 0.8346810912624946 3
1694510077658 0.8307622990709704 4
1694510077820 0.8239166759374282 5
1694510078008 0.8334714539429762 6
1694510078176 0.831009835180957 7
1694510078353 0.8355782591143189 8
1694510078519 0.8341796089369321 9
1694510078675 0.8356247208652116 10
1694510078847 0.8310714326223325 11
1694510079002 0.8317054441851683 12
1694510079157 0.8323282102504371 13
1694510079314 0.8308615730103783 14
1694510079482 0.8319743964282158 15
1694510079643 0.8356796823702616 16
1694510079817 0.8358846830277891 17
1694510079999 0.8343999070098198 18
1694510080167 0.8256334941379349 19
1694510080350 0.8327566346104176 20
1694510080538 0.835570481398649 21
1694510080726 0.7545218688340113 22
1694510080916 0.827755966987735 23
1694510081084 0.8337475344857983 24
1694510081272 0.8272767910175747 25
1694510081457 0.8301738115038718 26
1694510081638 0.8192794726093805 27
1694510081842 0.8309307684749558 28
1694510082035 0.8355838958994712 29
1694510082225 0.8161314177360943 30
1694510082420 0.8318506690115274 31
1694510082595 0.8317909839318743 32
1694510082801 0.8303580348438897 33
1694510082989 0.8323956218616445 34
1694510083183 0.8340263785956561 35
1694510083354 0.8330708373739234 36
1694510083537 0.8341664039656527 37
1694510083709 0.8347363980690812 38
1694510083900 0.8363863469697698 39
1694510084076 0.8332161067244599 40
1694510084241 0.8258832208945729 41
1694510084418 0.8280874828667613 42
1694510084618 0.834205700934805 43
1694510084803 0.8354267862865729 44
1694510084981 0.8337060970169834 45
1694510085152 0.8212027305036712 46
1694510085328 0.8361226346078882 47
1694510085511 0.8301850261294146 48
1694510085686 0.8336336471425462 49
