1694510076891 0.2839287396595588 0
1694510077084 0.11869848123850715 1
1694510077265 0.11031385026104604 2
1694510077418 0.0017426832489948136 3
1694510077580 0.010879942258981293 4
1694510077745 0.2778292019472336 5
1694510077933 1.2144910552038903 6
1694510078100 0.050132019178837625 7
1694510078279 0.00702438796922917 8
1694510078439 0.01151072375028351 9
1694510078602 0.022002972947640264 10
1694510078770 0.08342163896896924 11
1694510078927 0.11109421049140428 12
1694510079083 0.06816399233194227 13
1694510079238 0.145409576380871 14
1694510079406 0.032875177332517 15
1694510079562 0.28113673583503174 16
1694510079730 0.020693823214951328 17
1694510079920 0.0720930139098326 18
1694510080083 0.0005599271188705896 19
1694510080257 0.2761263601666405 20
1694510080457 0.1685163585407509 21
1694510080638 0.33458201261250464 22
1694510080832 0.02247629614649246 23
1694510081003 0.013042219446395836 24
1694510081190 6.817902076211335e-05 25
1694510081374 0.00014402684525745282 26
1694510081546 0.004883078673304875 27
1694510081754 0.1525974851844464 28
1694510081954 0.0626126583783251 29
1694510082142 0.5425774975754718 30
1694510082329 0.009901116396894621 31
1694510082507 0.07233621831213356 32
1694510082701 0.059989209249071314 33
1694510082904 0.11286880451878283 34
1694510083098 0.015772258288481434 35
1694510083271 0.03810711182689597 36
1694510083453 0.14667297610633612 37
1694510083623 0.09792299161175343 38
1694510083819 0.005677734440585567 39
1694510083995 0.3984112290474877 40
1694510084161 0.1499827334228171 41
1694510084334 0.004367652099480807 42
1694510084524 0.024054551578828284 43
1694510084710 3.984799365133125e-06 44
1694510084892 0.0005786545715860073 45
1694510085067 0.00897969565548102 46
1694510085243 0.14457063272091164 47
1694510085426 0.028521047440225235 48
1694510085600 0.00453191768935853 49
