1694508976952 0.5910982666986638 0
1694508977128 0.8023076670502066 1
1694508977312 0.7965553324604048 2
1694508977500 0.8037444215733615 3
1694508977694 0.8005969070403853 4
1694508977886 0.7958760222736521 5
1694508978063 0.7959384710370103 6
1694508978248 0.7937112783313192 7
1694508978420 0.7948493573655739 8
1694508978597 0.7970503219077798 9
1694508978769 0.8016938784804526 10
1694508978938 0.7996771791617927 11
1694508979102 0.8001652500330256 12
1694508979296 0.7987910396369529 13
1694508979460 0.7976593565814957 14
1694508979626 0.7838554425885796 15
1694508979830 0.8002563609805299 16
1694508980029 0.8003908382273386 17
1694508980227 0.7934008824593405 18
1694508980388 0.8020846011579927 19
1694508980552 0.798155461468024 20
1694508980721 0.8047622983273295 21
1694508980910 0.805096037346323 22
1694508981077 0.7968051001141736 23
1694508981243 0.787113830988789 24
1694508981433 0.7983534610844673 25
1694508981605 0.8011401223166565 26
1694508981799 0.795035217469576 27
1694508981995 0.8036712023110721 28
1694508982166 0.7984506670561858 29
1694508982330 0.7975323037017052 30
1694508982513 0.8022904384074045 31
1694508982701 0.8000900017367797 32
1694508982880 0.8020477991366398 33
1694508983073 0.8029958495094909 34
1694508983257 0.7958916803903651 35
1694508983437 0.7962724767091944 36
1694508983621 0.7991646630915132 37
1694508983797 0.7996392315430094 38
1694508983975 0.8045333934994785 39
1694508984172 0.8042354512895152 40
1694508984351 0.7945004389088738 41
1694508984532 0.8082364660498254 42
1694508984712 0.7947762572105189 43
1694508984905 0.7935485149958701 44
1694508985093 0.8056147103585427 45
1694508985257 0.7967370356042192 46
1694508985439 0.7988262338813806 47
1694508985624 0.8008368838003542 48
1694508985795 0.7960433549517084 49
