1694490673989 169.08902758239503 0
1694490674118 169.05522994508772 1
1694490674277 169.02510110352515 2
1694490674437 168.99494934992333 3
1694490674564 168.9648007113394 4
1694490674705 168.93465999639488 5
1694490674849 168.90452445539347 6
1694490675004 168.87439431643782 7
1694490675136 168.84426728919817 8
1694490675267 168.81414818076155 9
1694490675410 168.78403424247364 10
1694490675534 168.75392570235104 11
1694490675657 168.72382255942 12
1694490675775 168.69372252425896 13
1694490675918 168.66363040205866 14
1694490676049 168.63354344525 15
1694490676186 168.60346188175998 16
1694490676320 168.5733857106158 17
1694490676457 168.54331264329917 18
1694490676587 168.51324748310634 19
1694490676721 168.48318748355217 20
1694490676841 168.45313287247444 21
1694490676963 168.4230813622173 22
1694490677083 168.3930377542592 23
1694490677209 168.36299930315496 24
1694490677342 168.33296623665655 25
1694490677458 168.30293855379247 26
1694490677614 168.2729139678129 27
1694490677752 168.24289727830484 28
1694490677875 168.2128857409055 29
1694490677998 168.18287958327744 30
1694490678119 168.15287880445018 31
1694490678246 168.122881118575 32
1694490678392 168.0928913233489 33
1694490678549 168.06290667549067 34
1694490678669 168.03292740257353 35
1694490678806 168.00295121960949 36
1694490678930 167.97298292248146 37
1694490679060 167.94301976894602 38
1694490679190 167.91306198649082 39
1694490679324 167.88310957414697 40
1694490679446 167.85316024783003 41
1694490679578 167.82321880153614 42
1694490679717 167.7932824941016 43
1694490679864 167.763351552925 44
1694490679985 167.73342597703825 45
1694490680115 167.70350348325613 46
1694490680259 167.67358886368902 47
1694490680380 167.64367937825233 48
1694490680532 167.6137752542557 49
