1694509342313 -239.36380677783805 0
1694509342442 -236.1665573156423 1
1694509342564 -233.0116621232287 2
1694509342703 -229.89937981898072 3
1694509342829 -226.82817812433345 4
1694509342956 -223.7980199024025 5
1694509343081 -220.80869834153836 6
1694509343207 -217.85925203417216 7
1694509343338 -214.9490470514465 8
1694509343479 -212.07792564799527 9
1694509343639 -209.2450773569359 10
1694509343772 -206.4501343884155 11
1694509343897 -203.69252668010523 12
1694509344027 -200.97182532091782 13
1694509344153 -198.28745688899502 14
1694509344282 -195.63884941211109 15
1694509344416 -193.02575572698612 16
1694509344550 -190.44752615797015 17
1694509344680 -187.90363371480632 18
1694509344821 -185.39393185768907 19
1694509344960 -182.9176017809731 20
1694509345099 -180.47432720856628 21
1694509345244 -178.06373507089646 22
1694509345388 -175.68526180473543 23
1694509345533 -173.33876221032995 24
1694509345685 -171.02344064870218 25
1694509345851 -168.73905094539484 26
1694509345995 -166.48496871161734 27
1694509346140 -164.26126995167473 28
1694509346286 -162.06716704766984 29
1694509346440 -159.90252837965426 30
1694509346589 -157.76655813932044 31
1694509346740 -155.65923853740605 32
1694509346882 -153.58029378715847 33
1694509347023 -151.52879367509857 34
1694509347166 -149.50470398396095 35
1694509347300 -147.50757151371423 36
1694509347447 -145.5373441559791 37
1694509347596 -143.59323418816933 38
1694509347746 -141.6753404620271 39
1694509347887 -139.78287821916325 40
1694509348018 -137.91558017912837 41
1694509348146 -136.07336302805075 42
1694509348269 -134.25572652443955 43
1694509348404 -132.46221958508795 44
1694509348543 -130.69297318053628 45
1694509348669 -128.9468673497399 46
1694509348795 -127.22427642718088 47
1694509348920 -125.52476812969964 48
1694509349047 -123.84792463314815 49
