1694510163462 0.001228204153721343 0
1694510163622 0.24982704685707077 1
1694510163788 8.548419673748083e-08 2
1694510163947 0.29611300756170045 3
1694510164104 0.08761246033611157 4
1694510164275 0.04483812807081025 5
1694510164445 0.021003916505206374 6
1694510164620 0.07443813702246548 7
1694510164801 2.8259826448962437e-09 8
1694510164972 0.049681128642280366 9
1694510165144 0.07291630306129074 10
1694510165308 1.590739121319262e-06 11
1694510165462 0.0068423079638263665 12
1694510165634 0.039108345251148306 13
1694510165788 0.18333742819987936 14
1694510165960 0.1412884599220843 15
1694510166109 0.08400997600769397 16
1694510166277 0.09366428507719306 17
1694510166431 0.13307335111861227 18
1694510166594 0.006902596463025042 19
1694510166758 0.05605040985736546 20
1694510166919 0.18721800738761424 21
1694510167068 0.2729512960306152 22
1694510167229 0.037537271808835204 23
1694510167402 0.002077282036223969 24
1694510167565 0.017100229641051706 25
1694510167757 0.14010777611816783 26
1694510167948 0.2584608107329408 27
1694510168106 0.0007534777848798715 28
1694510168258 0.6376206587696371 29
1694510168406 0.04514077286390903 30
1694510168591 0.0045695051646185945 31
1694510168762 0.005088313450294843 32
1694510168932 0.027668792364817073 33
1694510169104 0.7853255688389601 34
1694510169254 0.0009783216586108788 35
1694510169408 0.000547326394603226 36
1694510169561 0.058563138950043454 37
1694510169748 0.06815231740431131 38
1694510169923 0.013896841585225275 39
1694510170091 0.011961467781169867 40
1694510170256 0.016000072119489457 41
1694510170423 0.017733686944234224 42
1694510170609 0.0020680868513367275 43
1694510170781 0.09482834156660895 44
1694510170947 0.015888774160346095 45
1694510171120 0.21860482906709547 46
1694510171317 0.03287554815235411 47
1694510171494 0.7970572757585671 48
1694510171687 0.023110715151839736 49
