1694490376286 -242.50534300946322 0
1694490376419 -238.91601725004634 1
1694490376539 -235.37982326114104 2
1694490376649 -231.89572588436212 3
1694490376765 -228.46357475502973 4
1694490376916 -225.08222175353137 5
1694490377048 -221.75080284098246 6
1694490377188 -218.46864569853872 7
1694490377302 -215.23565458645638 8
1694490377411 -212.05070011690634 9
1694490377519 -208.91245159487445 10
1694490377618 -205.82063727248763 11
1694490377716 -202.7746435991343 12
1694490377810 -199.77380189088277 13
1694490377899 -196.8176181059879 14
1694490377996 -193.90535810887582 15
1694490378091 -191.03619495177563 16
1694490378188 -188.20920413756602 17
1694490378276 -185.42410004017253 18
1694490378366 -182.68017106669842 19
1694490378464 -179.977230637139 20
1694490378549 -177.3144218335003 21
1694490378638 -174.6909788597369 22
1694490378738 -172.1061944836772 23
1694490378839 -169.5599623364775 24
1694490378933 -167.0513267648741 25
1694490379020 -164.57956495977757 26
1694490379117 -162.1448001364663 27
1694490379211 -159.74571189088638 28
1694490379319 -157.38233884515137 29
1694490379422 -155.05362432400537 30
1694490379525 -152.75944765914784 31
1694490379626 -150.49925491627667 32
1694490379713 -148.27268898494364 33
1694490379812 -146.0792737205503 34
1694490379908 -143.91786110680837 35
1694490380011 -141.78881546719865 36
1694490380114 -139.69099892755938 37
1694490380218 -137.62445664931337 38
1694490380322 -135.58857904734953 39
1694490380424 -133.58269682200321 40
1694490380530 -131.60660625145337 41
1694490380629 -129.65954562931162 42
1694490380716 -127.7412825525256 43
1694490380806 -125.85166339538978 44
1694490380910 -123.990042873739 45
1694490381001 -122.15561117585749 46
1694490381097 -120.34865233730976 47
1694490381194 -118.56845205167713 48
1694490381297 -116.81418831099124 49
