1694490376181 167.4019928020043 0
1694490376331 161.7507829544508 1
1694490376458 164.43242791056048 2
1694490376578 166.31852828508926 3
1694490376689 158.28567410875183 4
1694490376823 151.76177604370665 5
1694490376961 151.14049106852076 6
1694490377099 155.0479592370778 7
1694490377229 148.2842576033691 8
1694490377339 144.1203656453465 9
1694490377449 142.1052984216086 10
1694490377553 139.93641250802827 11
1694490377647 140.15137328219961 12
1694490377752 144.6829785506073 13
1694490377841 133.31281573508753 14
1694490377934 130.95881207667833 15
1694490378026 129.36204837035794 16
1694490378126 129.4122359320841 17
1694490378218 129.7164576772078 18
1694490378306 127.30531615323206 19
1694490378400 122.42000664069202 20
1694490378494 121.77921804764425 21
1694490378578 117.54638776089556 22
1694490378672 118.68905844076158 23
1694490378771 115.03717826067141 24
1694490378873 115.28837005908227 25
1694490378964 111.49948839296086 26
1694490379050 110.37889515399776 27
1694490379147 108.93523484529479 28
1694490379246 111.43642514367271 29
1694490379355 108.7540732566151 30
1694490379459 105.733565745881 31
1694490379559 104.32702577113666 32
1694490379656 103.68567185691109 33
1694490379743 100.31341689901409 34
1694490379846 103.97406421525265 35
1694490379942 99.9572477438204 36
1694490380049 101.48654736766942 37
1694490380149 95.04385985157397 38
1694490380254 93.42549541469135 39
1694490380358 89.97374959053732 40
1694490380460 87.25693155473951 41
1694490380564 93.06847077352081 42
1694490380659 88.99871925535972 43
1694490380746 86.36843485002943 44
1694490380841 85.23872985637935 45
1694490380941 84.06288752620043 46
1694490381035 82.56419276497421 47
1694490381128 79.77356868493094 48
1694490381228 81.81016283275571 49
