1694345956170 169.08902758239503 0
1694345956378 136.97998406743287 1
1694345956640 111.20155989161434 2
1694345956872 90.29892081530303 3
1694345957092 73.34631529419393 4
1694345957330 59.59824975348673 5
1694345957543 48.446205630077145 6
1694345957721 39.397398340383376 7
1694345957923 32.05582703368487 8
1694345958155 26.097453707659373 9
1694345958373 21.259697649750592 10
1694345958577 17.332398024537827 11
1694345958748 14.142157533202411 12
1694345958933 11.55084632946594 13
1694345959137 9.445063512601521 14
1694345959359 7.732562551017357 15
1694345959574 6.340337710219079 16
1694345959770 5.207227724377597 17
1694345959969 4.2851770582155435 18
1694345960168 3.5340282374293195 19
1694345960370 2.92208964226273 20
1694345960580 2.423021943948328 21
1694345960790 2.0158706183487918 22
1694345960988 1.6833883941297594 23
1694345961178 1.4116702532351684 24
1694345961350 1.1894516473404317 25
1694345961558 1.0074601161612406 26
1694345961790 0.8583675421591455 27
1694345961993 0.7359495997088981 28
1694345962213 0.6354674882685999 29
1694345962441 0.5527060501025529 30
1694345962635 0.48462869884436777 31
1694345962828 0.42834785172712264 32
1694345963041 0.38194479698035944 33
1694345963278 0.3434120892192707 34
1694345963485 0.3115638964793802 35
1694345963680 0.28497891039146545 36
1694345963893 0.26295048996243947 37
1694345964128 0.24445002711984418 38
1694345964354 0.22908290979733537 39
1694345964550 0.21608572430401646 40
1694345964941 0.20526576924232512 41
1694345965177 0.1960405654287534 42
1694345965383 0.18834682712607048 43
1694345965570 0.18172713650397235 44
1694345965765 0.1761999531341846 45
1694345965972 0.17139569959281287 46
1694345966203 0.1673832960450822 47
1694345966400 0.1638560581413283 48
1694345966646 0.1609128999733078 49
1694345966830 0.15829317542361246 50
1694345967020 0.1561124685258501 51
1694345967215 0.15414466681445824 52
1694345967430 0.15251341522657325 53
1694345967626 0.15101918063550301 54
1694345967810 0.14978817017679041 55
1694345968021 0.14864184311604442 56
1694345968244 0.14770551921812058 57
1694345968439 0.14681765191788346 58
1694345968622 0.14610057099482432 59
1694345968826 0.14540680085703453 60
1694345969037 0.1448544608287636 61
1694345969224 0.14430795818561182 62
1694345969425 0.1438805557342765 63
1694345969620 0.1434468647348423 64
1694345969833 0.1431150161092481 65
1694345970034 0.14276850456232845 66
1694345970242 0.14251028969810478 67
1694345970485 0.14223168598253436 68
1694345970702 0.14203058918264078 69
1694345970892 0.14180525782963918 70
1694345971095 0.14164871959492467 71
1694345971304 0.14146544211627898 72
1694345971521 0.14134383048903493 73
1694345971728 0.14119393437914357 74
1694345971938 0.14109980652506712 75
1694345972133 0.14097653620773992 76
1694345972327 0.14090410255503316 77
1694345972524 0.14080216000844212 78
1694345972732 0.14074689109967875 79
1694345972923 0.1408699636625358 80
1694345973140 0.14057281665373778 81
1694345973344 0.14067661065443357 82
1694345973517 0.14044868444021505 83
1694345973708 0.14053569556958814 84
1694345973907 0.14035835192070428 85
1694345974108 0.14043142795997637 86
1694345974330 0.1402914951818656 87
1694345974518 0.14035329841927446 88
1694345974747 0.14024133411273051 89
1694345974947 0.1402941442739607 90
1694345975133 0.14020329635245074 91
1694345975342 0.1402489752420832 92
1694345975551 0.140174219153744 93
1694345975744 0.14021424528571763 94
1694345975920 0.1401518631238239 95
1694345976116 0.1401873907911063 96
1694345976330 0.1401346093822424 97
1694345976532 0.1401665307441308 98
1694345976756 0.14012126641683614 99
1694345976975 0.1401502675171785 100
1694345977178 0.14011094382696962 101
1694345977385 0.14013755154732768 102
1694345977569 0.14010296773502107 103
1694345977768 0.14012758752180846 104
1694345977993 0.14009682275952753 105
