1694509927078 0.013304028660334958 0
1694509927276 2.461086232167902e-06 1
1694509927435 0.005914372838210726 2
1694509927598 0.09850151094227974 3
1694509927759 0.17909586158706772 4
1694509927931 0.01945321352111809 5
1694509928104 0.020148963454313024 6
1694509928263 0.009192503893966216 7
1694509928424 0.040209339869441085 8
1694509928581 0.08336402196042064 9
1694509928734 0.008415384238754778 10
1694509928887 0.019426422946775945 11
1694509929045 2.931742564822647e-05 12
1694509929201 0.008203723978053218 13
1694509929386 0.02652871770885095 14
1694509929544 0.007039774173955278 15
1694509929717 0.9715896228489165 16
1694509929920 0.2575836668426312 17
1694509930102 0.024729754358880928 18
1694509930280 0.15798369068107998 19
1694509930447 0.3062654846691156 20
1694509930615 0.13687594652957424 21
1694509930782 0.006380832864277552 22
1694509930955 0.12421869046656323 23
1694509931158 0.022940165942342675 24
1694509931349 0.021111058649092143 25
1694509931520 0.6103310437806856 26
1694509931695 0.0035523302269487513 27
1694509931875 0.07755412370686698 28
1694509932069 0.013370481176573213 29
1694509932246 0.005602070679739867 30
1694509932444 0.2555373963854763 31
1694509932619 0.007099927169049137 32
1694509932785 0.05097034446709569 33
1694509932957 0.00010769470786266218 34
1694509933125 0.0025983804367934447 35
1694509933299 0.046892550824188146 36
1694509933487 0.3309683694184896 37
1694509933691 0.22384595450794942 38
1694509933862 0.03553279150485794 39
1694509934034 0.07377847404667502 40
1694509934218 0.02259494245873309 41
1694509934429 0.06078427455443175 42
1694509934641 0.0920062025951124 43
1694509934834 0.026435470867306618 44
1694509935004 0.0001254057738888038 45
1694509935178 0.028976386611880813 46
1694509935351 0.32460233714555226 47
1694509935528 0.4073440171894428 48
1694509935730 0.042328475733950086 49
