1694489488549 -6.848666312417618 0
1694489488690 -6.104212585640314 1
1694489488842 -6.283186800822679 2
1694489489004 -5.973629287785655 3
1694489489135 -6.328397287010408 4
1694489489279 -5.527787087629169 5
1694489489418 -6.036334396077201 6
1694489489549 -6.013359580596227 7
1694489489680 -6.045827253053811 8
1694489489815 -6.513825584030571 9
1694489489955 -6.180099042834018 10
1694489490087 -5.913079329972494 11
1694489490232 -6.547758790196209 12
1694489490371 -5.923016961345825 13
1694489490510 -5.789291435396442 14
1694489490636 -6.11888233086853 15
1694489490776 -6.492124107688098 16
1694489490919 -6.7260046239645215 17
1694489491050 -6.0618187585186885 18
1694489491196 -6.143234827651082 19
1694489491338 -6.486063225299445 20
1694489491485 -6.233519787388502 21
1694489491633 -6.327158536602053 22
1694489491774 -6.054928609036424 23
1694489491905 -6.041798421162533 24
1694489492046 -6.671398873486692 25
1694489492192 -6.86414198952156 26
1694489492343 -6.081158129537374 27
1694489492488 -6.489496768106666 28
1694489492631 -5.789356911999997 29
1694489492767 -6.191073914773675 30
1694489492910 -6.2152413673009725 31
1694489493047 -6.005198812843743 32
1694489493187 -6.002520295863737 33
1694489493335 -6.17702978854463 34
1694489493489 -6.048489257931212 35
1694489493634 -6.7877985535440555 36
1694489493782 -6.136058430838194 37
1694489493921 -6.321988165814523 38
1694489494049 -6.212824288091829 39
1694489494191 -6.218113771512359 40
1694489494329 -6.143686988207946 41
1694489494466 -6.329062930067382 42
1694489494607 -5.987813656001179 43
1694489494755 -5.590990633174837 44
1694489494907 -6.288260273314428 45
1694489495049 -6.115210989224254 46
1694489495217 -6.324611154928608 47
1694489495356 -5.957943582017758 48
1694489495528 -5.935959995350648 49
