1694489488483 4.878755402091276 0
1694489488623 2.451290476482811 1
1694489488772 4.100883514858651 2
1694489488932 6.3694701448754465 3
1694489489078 3.227982096365166 4
1694489489208 5.340185165548528 5
1694489489356 4.878485276047597 6
1694489489492 3.8547772191754976 7
1694489489622 2.42506914501872 8
1694489489756 5.2929416048325395 9
1694489489889 4.186325735348896 10
1694489490028 5.436004098942076 11
1694489490164 6.271739545453253 12
1694489490310 4.40837230530955 13
1694489490447 3.6006172840462187 14
1694489490580 3.4637133464527685 15
1694489490709 1.9386138417033045 16
1694489490851 5.411557745748811 17
1694489490992 3.3563730773172864 18
1694489491122 7.902788764482462 19
1694489491273 2.0805234867208293 20
1694489491417 4.217408605987095 21
1694489491563 3.1891044157180444 22
1694489491712 4.2125817915554 23
1694489491848 4.5844542083240825 24
1694489491977 3.0213613542102062 25
1694489492126 5.9545164907176025 26
1694489492272 1.6671498644642262 27
1694489492420 3.3664117490978085 28
1694489492564 4.109580377472992 29
1694489492704 2.437975734348522 30
1694489492843 3.451496420148882 31
1694489492988 8.289631706212017 32
1694489493119 6.487825969264108 33
1694489493264 4.1936699048999 34
1694489493422 5.157157218571998 35
1694489493567 4.047633871365888 36
1694489493712 4.0568685552642965 37
1694489493861 4.3566532576075785 38
1694489493992 3.3088814926848675 39
1694489494125 5.080252119142741 40
1694489494264 8.214494893870924 41
1694489494405 3.4736215817776213 42
1694489494545 5.955084825658217 43
1694489494683 2.9683561941436682 44
1694489494837 9.224306904865312 45
1694489494986 5.369060238000138 46
1694489495151 2.4575729862010007 47
1694489495293 3.9610140866601875 48
1694489495456 6.532741963967917 49
