1694510352077 -242.83504376952223 0
1694510352209 -239.57031264129427 1
1694510352348 -236.3491228943668 2
1694510352483 -233.171254948538 3
1694510352615 -230.03618035873984 4
1694510352753 -226.94302470792732 5
1694510352897 -223.891081503544 6
1694510353027 -220.8802636823528 7
1694510353159 -217.90964038169676 8
1694510353291 -214.97919560489945 9
1694510353420 -212.0878215823555 10
1694510353550 -209.2354235023807 11
1694510353687 -206.42080554538512 12
1694510353821 -203.6443810378756 13
1694510353950 -200.90480765315243 14
1694510354075 -198.2022306653897 15
1694510354199 -195.53562430276222 16
1694510354328 -192.90516062064475 17
1694510354455 -190.30968683040768 18
1694510354589 -187.74925465306004 19
1694510354721 -185.2227554503121 20
1694510354852 -182.73032422546177 21
1694510355009 -180.27098547920698 22
1694510355143 -177.84516574100076 23
1694510355276 -175.45148006169958 24
1694510355405 -173.09040668184082 25
1694510355535 -170.76062687635593 26
1694510355671 -168.46176160114166 27
1694510355806 -166.19402808611773 28
1694510355941 -163.95680406156993 29
1694510356090 -161.74932040541609 30
1694510356234 -159.57167328348797 31
1694510356367 -157.42303739264955 32
1694510356498 -155.30320498553175 33
1694510356633 -153.21188148462684 34
1694510356766 -151.14872003193474 35
1694510356895 -149.11292819820522 36
1694510357027 -147.10454907893399 37
1694510357169 -145.12300556887962 38
1694510357310 -143.16804170107815 39
1694510357443 -141.23942242961834 40
1694510357580 -139.33662768693023 41
1694510357717 -137.45918022153117 42
1694510357849 -135.60710031920257 43
1694510357983 -133.77974558999068 44
1694510358115 -131.97697401596952 45
1694510358244 -130.19820119760138 46
1694510358382 -128.44335033165297 47
1694510358516 -126.71215415245572 48
1694510358649 -125.00388927541556 49
