1694510351990 170.85816043120963 0
1694510352123 166.0490884468673 1
1694510352255 165.40838630281564 2
1694510352395 162.6086299762355 3
1694510352527 156.7023111714741 4
1694510352658 153.67395354608078 5
1694510352802 155.12892179213665 6
1694510352941 153.0742874632064 7
1694510353073 154.93172284559276 8
1694510353204 147.62453366477257 9
1694510353336 146.50098621920884 10
1694510353462 140.13341178753726 11
1694510353599 145.1736222039506 12
1694510353733 138.70046017897684 13
1694510353867 140.52367977376866 14
1694510353994 135.88507190126913 15
1694510354116 137.38914099671146 16
1694510354243 131.13016516836484 17
1694510354371 130.34227535737398 18
1694510354502 125.97549047278558 19
1694510354635 128.29417512364003 20
1694510354765 126.17326115582037 21
1694510354912 128.23956298920916 22
1694510355056 121.08632206499462 23
1694510355185 122.32615796328001 24
1694510355319 113.4661204392819 25
1694510355452 114.42283319421837 26
1694510355579 117.80872159581922 27
1694510355715 114.9459874468014 28
1694510355852 111.61328277315745 29
1694510355992 113.23409253073713 30
1694510356140 108.08500114641029 31
1694510356280 108.47573998302914 32
1694510356413 109.05310192481467 33
1694510356540 105.01944378582307 34
1694510356681 101.16867618549173 35
1694510356810 102.57472541528138 36
1694510356939 101.57285438096905 37
1694510357076 101.33729679431306 38
1694510357216 101.0051089533764 39
1694510357355 96.69305002014407 40
1694510357488 94.16239729197093 41
1694510357627 95.97513293389906 42
1694510357764 92.46146967555195 43
1694510357896 91.50650870528459 44
1694510358026 89.48274339764136 45
1694510358158 90.01989856618354 46
1694510358291 88.1640308485203 47
1694510358428 84.11222607406562 48
1694510358560 87.59747531974827 49
