1694490294451 0.5795120805092443 0
1694490294624 0.7903783009300549 1
1694490294770 0.7963666374724866 2
1694490294926 0.7957042838282841 3
1694490295078 0.8013950163258573 4
1694490295226 0.8069982393354533 5
1694490295378 0.7959938033914236 6
1694490295531 0.7988809990458634 7
1694490295686 0.7977914309761645 8
1694490295834 0.7997497350367619 9
1694490295985 0.803956817921103 10
1694490296132 0.7973903275726687 11
1694490296282 0.8030941561922653 12
1694490296434 0.7999917831361654 13
1694490296580 0.8046299966569095 14
1694490296734 0.8022997848785369 15
1694490296889 0.7968723055983467 16
1694490297031 0.790453910651008 17
1694490297182 0.8001462184982386 18
1694490297321 0.7968148424739401 19
1694490297464 0.8031532584363341 20
1694490297612 0.8002023315002996 21
1694490297763 0.8063878173100876 22
1694490297908 0.8012891805647804 23
1694490298057 0.7972925166091834 24
1694490298207 0.7941621031408461 25
1694490298354 0.801603903378656 26
1694490298504 0.8035787441790139 27
1694490298656 0.8042111340169595 28
1694490298809 0.8020117795827567 29
1694490298956 0.7932971151296401 30
1694490299089 0.7989217603797267 31
1694490299242 0.7952196858252045 32
1694490299390 0.7967087508153187 33
1694490299541 0.79664337990519 34
1694490299692 0.8028335338731618 35
1694490299839 0.8062469172005566 36
1694490299982 0.8015057751394837 37
1694490300139 0.7962214575256827 38
1694490300292 0.7918610820557386 39
1694490300455 0.7993999843181001 40
1694490300605 0.7979523052393633 41
1694490300749 0.7946505501284155 42
1694490300889 0.8003750743765051 43
1694490301045 0.8037098403798304 44
1694490301195 0.8000856542611037 45
1694490301345 0.8037113740312928 46
1694490301494 0.7944037216198666 47
1694490301634 0.8090382729031844 48
1694490301778 0.7996551844800333 49
