1694490294378 0.0019276638350303136 0
1694490294554 0.00013124098503903916 1
1694490294701 0.006909600115212861 2
1694490294848 0.050106044954708544 3
1694490295009 0.37025372554833996 4
1694490295157 0.016698005753232867 5
1694490295308 0.009881539675116147 6
1694490295462 0.2447741704632365 7
1694490295618 0.306780931720964 8
1694490295765 0.00016156912289687212 9
1694490295914 0.008191054961162004 10
1694490296063 0.04677608207054057 11
1694490296212 0.3073222506962309 12
1694490296362 0.3706194074211779 13
1694490296514 6.7782153558275585e-06 14
1694490296662 0.035818781519888064 15
1694490296817 0.004491573892430165 16
1694490296968 0.034671339535995306 17
1694490297111 0.16014642871529253 18
1694490297261 0.07877246213028022 19
1694490297400 0.40436643255253457 20
1694490297542 0.0247356249911788 21
1694490297693 0.10998227915801351 22
1694490297840 0.16663878779450297 23
1694490297989 0.2732619891606667 24
1694490298136 0.05576838074300153 25
1694490298287 0.04125059962174583 26
1694490298434 0.016565150867534625 27
1694490298583 0.3888564802683198 28
1694490298736 0.006980403436404662 29
1694490298890 0.03497953749301752 30
1694490299033 0.6578877732353586 31
1694490299175 0.1033815457731188 32
1694490299324 0.026892743454307224 33
1694490299473 0.02040029441208249 34
1694490299619 0.3581797955218487 35
1694490299770 0.06093674597972343 36
1694490299915 0.07233162526494019 37
1694490300067 0.17541353714857555 38
1694490300220 0.13554358238351505 39
1694490300374 0.004888653575688697 40
1694490300535 0.00867925405961971 41
1694490300683 0.0008855058360613453 42
1694490300822 0.07391550418740186 43
1694490300972 0.11633791202347177 44
1694490301128 0.3747956714308389 45
1694490301277 0.19066441774750537 46
1694490301425 0.021080406583527694 47
1694490301575 0.036002425296450494 48
1694490301709 0.08555044858862583 49
