1694490357470 145.17614696564843 0
1694490357585 127.50445581273156 1
1694490357732 108.70239341365415 2
1694490357851 92.42900585050478 3
1694490357956 82.45272556941575 4
1694490358081 71.97753747560884 5
1694490358209 59.74785452688418 6
1694490358337 48.98697016404882 7
1694490358446 43.9233977022129 8
1694490358553 38.907244865599594 9
1694490358687 33.517765590162064 10
1694490358821 28.80320266764635 11
1694490358940 23.55064578602488 12
1694490359040 21.456950233640242 13
1694490359143 18.095211356762196 14
1694490359246 15.99887721512015 15
1694490359380 12.778185938551484 16
1694490359495 12.284124478257542 17
1694490359613 10.950127173189184 18
1694490359735 9.431181911188993 19
1694490359839 7.721378533198971 20
1694490359926 6.7362583002623895 21
1694490360017 6.358806400147687 22
1694490360125 4.782534595835392 23
1694490360236 4.544690931255716 24
1694490360347 3.758267547248338 25
1694490360456 3.3614822906558324 26
1694490360560 2.9315344763066014 27
1694490360664 2.7417233882691114 28
1694490360771 2.224545691972022 29
1694490360872 2.13813557424683 30
1694490360979 1.6510933674791939 31
1694490361096 1.5178329800922623 32
1694490361204 1.323817972823326 33
1694490361311 1.1712851814212832 34
1694490361420 0.9760074024603974 35
1694490361532 1.0541117948426655 36
1694490361636 0.8541271234080123 37
1694490361740 0.7701575292232307 38
1694490361833 0.7828414343847881 39
1694490361943 0.7279945106411322 40
1694490362045 0.7010187686609335 41
1694490362152 0.459026830408001 42
1694490362252 0.473560118447815 43
1694490362346 0.4560354764622943 44
1694490362448 0.39774876820731325 45
1694490362537 0.36273855844244013 46
1694490362634 0.33424256194330176 47
1694490362735 0.37911667544283034 48
1694490362829 0.3229384250614393 49
