1694510451715 39.06566966710218 0
1694510451855 8.381550635557614 1
1694510451987 1.929071262908737 2
1694510452123 0.5221049169885038 3
1694510452253 0.2036762894510746 4
1694510452388 0.21122539686749367 5
1694510452518 0.11221939749785179 6
1694510452650 0.11294020653057525 7
1694510452780 0.09884200856316788 8
1694510452918 0.1016033285602326 9
1694510453049 0.07375272479009337 10
1694510453177 0.08538138640898543 11
1694510453295 0.06379828135774647 12
1694510453412 0.10834673787153759 13
1694510453535 0.37472172125143133 14
1694510453652 0.10630299500973121 15
1694510453767 0.11120512408501938 16
1694510453892 0.13478631335548014 17
1694510454002 0.12413484554684703 18
1694510454112 0.14527439775200335 19
1694510454224 0.09532284195139139 20
1694510454336 0.0670367982110069 21
1694510454447 0.40508998127651663 22
1694510454558 0.12578754432299302 23
1694510454670 0.16911652043093403 24
1694510454798 0.14486842657069346 25
1694510454938 0.11894771579039447 26
1694510455066 0.14062075773655772 27
1694510455191 0.11093682068502062 28
1694510455327 0.13240114258049107 29
1694510455464 0.07714968662828252 30
1694510455591 0.12156294945958775 31
1694510455717 0.10515765934688891 32
1694510455851 0.16722482118662513 33
1694510455983 0.09942599571622006 34
1694510456108 0.08201102158939799 35
1694510456238 0.144535832264741 36
1694510456366 0.1080994840041765 37
1694510456493 0.11119170504939095 38
1694510456618 0.12095102252917449 39
1694510456746 0.37422971972694635 40
1694510456877 0.09911243948481019 41
1694510457013 0.07795372545726523 42
1694510457140 0.09307220979273935 43
1694510457272 0.2315942039550321 44
1694510457402 0.12203797727029805 45
1694510457565 0.08775437357168273 46
1694510457699 0.10601223974489325 47
1694510457828 0.09900325050467504 48
1694510457954 0.11066313122896689 49
