1694491534432 -227.5704899900981 0
1694491534575 -223.02283998243598 1
1694491534700 -218.56574672804308 2
1694491534849 -214.19740650192193 3
1694491535006 -209.91605147489147 4
1694491535139 -205.719949044677 5
1694491535267 -201.60740113359452 6
1694491535394 -197.57674350024624 7
1694491535519 -193.6263450649471 8
1694491535661 -189.754607248608 9
1694491535786 -185.9599633248078 10
1694491535913 -182.2408777847896 11
1694491536039 -178.59584571512465 12
1694491536151 -175.02339218778994 13
1694491536285 -171.522071662412 14
1694491536410 -168.09046740043476 15
1694491536535 -164.72719089097188 16
1694491536693 -161.43088128811206 17
1694491536824 -158.20020485944733 18
1694491536960 -155.03385444560143 19
1694491537103 -151.93054893053753 20
1694491537229 -148.88903272243132 21
1694491537361 -145.90807524489782 22
1694491537480 -142.9864704383655 23
1694491537602 -140.12303627139508 24
1694491537736 -137.31661426174486 25
1694491537862 -134.5660690069876 26
1694491537989 -131.87028772448872 27
1694491538119 -129.22817980055862 28
1694491538250 -126.63867634859633 29
1694491538380 -124.10072977604506 30
1694491538517 -121.61331335998355 31
1694491538670 -119.17542083118093 32
1694491538854 -116.78606596644659 33
1694491539015 -114.44428218910892 34
1694491539142 -112.14912217746131 35
1694491539269 -109.89965748101584 36
1694491539397 -107.69497814440928 37
1694491539529 -105.5341923388087 38
1694491539659 -103.41642600066675 39
1694491539794 -101.34082247768026 40
1694491539921 -99.30654218180804 41
1694491540043 -97.31276224920789 42
1694491540191 -95.3586762069535 43
1694491540347 -93.44349364639697 44
1694491540479 -91.56643990304404 45
1694491540608 -89.72675574281205 46
1694491540733 -87.9236970545432 47
1694491540866 -86.15653454864864 48
1694491541006 -84.42455346176061 49
