1694491534329 169.0979292515929 0
1694491534472 165.7302954486689 1
1694491534610 162.43311679954854 2
1694491534741 159.201604937683 3
1694491534890 156.03445155832233 4
1694491535043 152.93037440125678 5
1694491535179 149.88811676529926 6
1694491535308 146.90644699854852 7
1694491535435 143.9841579988259 8
1694491535561 141.1200667240804 9
1694491535695 138.31301371256424 10
1694491535825 135.56186261258375 11
1694491535953 132.86549972163354 12
1694491536082 130.2228335347275 13
1694491536182 127.63279430174218 14
1694491536325 125.09433359359348 15
1694491536444 122.60642387706925 16
1694491536575 120.1680580981457 17
1694491536735 117.77824927361797 18
1694491536864 115.43603009087879 19
1694491536994 113.14045251568251 20
1694491537144 110.89058740773541 21
1694491537269 108.6855241439553 22
1694491537393 106.52437024924828 23
1694491537515 104.40625103465152 24
1694491537645 102.3303092426958 25
1694491537776 100.29570469984331 26
1694491537899 98.30161397585944 27
1694491538027 96.34723004998024 28
1694491538161 94.4317619837399 29
1694491538290 92.55443460032498 30
1694491538420 90.71448817032577 31
1694491538558 88.9111781037561 32
1694491538722 87.1437746482175 33
1694491538899 85.41156259308427 34
1694491539055 83.71384097958952 35
1694491539187 82.04992281669466 36
1694491539308 80.41913480262653 37
1694491539437 78.82081705196899 38
1694491539566 77.25432282819865 39
1694491539698 75.71901828155531 40
1694491539831 74.2142821921412 41
1694491539961 72.7395057181445 42
1694491540084 71.29409214908468 43
1694491540227 69.87745666397971 44
1694491540382 68.48902609433665 45
1694491540518 67.12823869186961 46
1694491540648 65.79454390085037 47
1694491540773 64.48740213499968 48
1694491540898 63.206284558828166 49
