1694490519957 147.33449972367177 0
1694490520071 127.74699842453792 1
1694490520176 105.41035031226502 2
1694490520280 98.48984679437186 3
1694490520381 84.0727782837084 4
1694490520493 71.17725778860779 5
1694490520598 60.98094585817742 6
1694490520705 52.3622984400978 7
1694490520805 46.856627984927066 8
1694490520908 39.85310652663206 9
1694490521011 34.02210441090217 10
1694490521113 30.03558649602879 11
1694490521223 25.899785155660716 12
1694490521338 21.250860809244568 13
1694490521424 19.030674184347383 14
1694490521519 16.313423751594005 15
1694490521617 14.136736908929409 16
1694490521713 12.655663585624412 17
1694490521808 10.533002925561822 18
1694490521900 9.240175088311243 19
1694490522002 8.846307758634998 20
1694490522101 7.5538667898100496 21
1694490522207 6.034759972762881 22
1694490522306 5.027334702611631 23
1694490522406 4.864716568872867 24
1694490522503 4.089605022840722 25
1694490522606 3.501907721436691 26
1694490522698 2.7504156193235416 27
1694490522796 2.6618942689259026 28
1694490522896 2.5339694408834386 29
1694490523000 2.314057731233311 30
1694490523102 1.9159410581058587 31
1694490523205 1.6743866165001773 32
1694490523307 1.233884121286162 33
1694490523408 1.243358477469703 34
1694490523509 1.24917821174105 35
1694490523613 0.9945739913688706 36
1694490523715 0.9059033971962852 37
1694490523824 0.8228046089400876 38
1694490523928 0.6558444981598118 39
1694490524029 0.6380411628239893 40
1694490524132 0.45041087454590767 41
1694490524224 0.5652485807371113 42
1694490524323 0.34484151059711665 43
1694490524420 0.4628429175917654 44
1694490524524 0.39851922871838774 45
1694490524628 0.4147831625619806 46
1694490524729 0.3176885949383923 47
1694490524832 0.343878249799197 48
1694490524919 0.3915351088699308 49
