1694508029116 -117.93807167482413 0
1694508029408 -61.42315897143917 1
1694508029680 -34.82906588610184 2
1694508029942 -21.712701517461078 3
1694508030199 -14.912354292272525 4
1694508030461 -11.208837497057797 5
1694508030730 -9.103742964705031 6
1694508030997 -7.8636700537505 7
1694508031266 -7.115527225551917 8
1694508031529 -6.661116734511204 9
1694508031784 -6.374822456154542 10
1694508032054 -6.1955745068912575 11
1694508032354 -6.0855714977824755 12
1694508032617 -6.0111140450188065 13
1694508032920 -5.966614760057651 14
1694508033225 -5.935229100201582 15
1694508033489 -5.917354783505975 16
1694508033763 -5.9063429906256575 17
1694508034033 -5.900189306608984 18
1694508034311 -5.895334549049211 19
1694508034548 -5.893339884294759 20
1694508034799 -5.8909785448905385 21
1694508035069 -5.888965030421577 22
1694508035325 -5.891015999884672 23
1694508035602 -5.8875567955819355 24
1694508035903 -5.888009279280448 25
1694508036181 -5.8873736844766835 26
1694508036475 -5.8877746539973055 27
1694508036714 -5.886781401586458 28
1694508036968 -5.884491205370043 29
1694508037234 -5.88594623400986 30
1694508037499 -5.886602863873347 31
1694508037760 -5.890815010433385 32
1694508038013 -5.888258379341089 33
1694508038294 -5.886672996580093 34
1694508038578 -5.883225415905988 35
1694508038855 -5.8813319437387515 36
1694508039117 -5.882624618515025 37
1694508039395 -5.883590998286205 38
1694508039669 -5.886244161944421 39
1694508039908 -5.888983612362742 40
1694508040139 -5.889331898438004 41
1694508040387 -5.889128208623423 42
1694508040613 -5.888507709602156 43
1694508040896 -5.889146445463269 44
1694508041136 -5.88807523423451 45
1694508041380 -5.884508995358353 46
1694508041609 -5.883658060942447 47
1694508041849 -5.886900086331742 48
1694508042075 -5.888129355142387 49
