1694508028985 78.78838841572141 0
1694508029259 42.84275885949073 1
1694508029544 28.467473767753134 2
1694508029810 11.165818535108233 3
1694508030075 13.17263024965203 4
1694508030332 8.960799019530949 5
1694508030594 9.283750669291292 6
1694508030866 5.389988866117395 7
1694508031135 7.787141348939873 8
1694508031389 2.7689165400344273 9
1694508031659 4.700248303645077 10
1694508031924 8.80476884523511 11
1694508032197 5.592041974313323 12
1694508032486 7.334788682792317 13
1694508032771 2.5787617402269856 14
1694508033092 6.203632929427082 15
1694508033370 3.3189963425772886 16
1694508033628 4.7268619032342665 17
1694508033903 4.071715734447115 18
1694508034173 5.679211568065342 19
1694508034434 3.94360368174178 20
1694508034694 5.578298684712636 21
1694508034949 3.945901072802401 22
1694508035206 6.4332372097044335 23
1694508035454 3.810296478816505 24
1694508035760 3.928187128730402 25
1694508036033 4.991850471330029 26
1694508036348 7.0468497938997565 27
1694508036590 3.8578513218632753 28
1694508036845 2.454028240386119 29
1694508037122 5.045657587016051 30
1694508037367 3.340729571842681 31
1694508037632 3.9580688097618855 32
1694508037885 2.810539524130944 33
1694508038157 2.9508374052780884 34
1694508038436 10.745006255726004 35
1694508038714 3.628831521465809 36
1694508038993 5.490011085257321 37
1694508039256 3.8805831635367563 38
1694508039542 5.300381288173733 39
1694508039801 6.824438602929396 40
1694508040038 5.691690650266579 41
1694508040277 5.4063745247040025 42
1694508040508 4.825410127405324 43
1694508040784 3.0116448952107984 44
1694508041021 6.823282295220661 45
1694508041260 6.439970141585331 46
1694508041503 3.5767864627786103 47
1694508041746 5.24539759713065 48
1694508041975 4.275038413419591 49
