1694420403171 169.42810631986347 0
1694420403761 108.53158497727004 1
1694420404288 70.41510995121934 2
1694420404826 46.39265621420912 3
1694420405358 31.128052870038537 4
1694420405805 21.33451349851701 5
1694420406346 14.980946969886075 6
1694420406896 10.807134975677501 7
1694420407443 8.027248634363582 8
1694420408022 6.148283010955672 9
1694420408644 4.85866768935172 10
1694420409153 3.959775635492796 11
1694420409663 3.3236900636635953 12
1694420410055 2.867070544804149 13
1694420410573 2.534910558944516 14
1694420411115 2.290388416366263 15
1694420411649 2.108484208119507 16
1694420412243 1.9719338858727746 17
1694420412715 1.8686410277757577 18
1694420413316 1.7900033585925423 19
1694420413798 1.729817560167712 20
1694420414250 1.6835528762394345 21
1694420414808 1.6478623181989616 22
1694420415300 1.620248740669854 23
1694420415739 1.5988331819701491 24
1694420416279 1.582191693672867 25
1694420416781 1.5692387292716243 26
1694420417151 1.5591426731100047 27
1694420417736 1.551263897666992 28
1694420418267 1.5451088467227583 29
1694420418766 1.5402956778624477 30
1694420419334 1.5365283488319101 31
1694420419866 1.53357694187556 32
1694420420349 1.5312626419268744 33
1694420420764 1.529446216069012 34
1694420421174 1.528019145782271 35
1694420421728 1.5268967809073835 36
1694420422318 1.5260130417923345 37
1694420422904 1.5253163116404584 38
1694420423406 1.5247662467450536 39
1694420423874 1.5243312964011362 40
1694420424315 1.5239867726347662 41
1694420424795 1.5237133465982204 42
1694420425199 1.5234958765002695 43
1694420425761 1.5233224934260503 44
1694420426382 1.5231838879342572 45
1694420426839 1.5230727530790804 46
1694420427231 1.5229833493744482 47
1694420427833 1.5229111648677485 48
1694420428330 1.5228526494270611 49
1694420428821 1.522805006959646 50
1694420429329 1.5227660328678905 51
1694420429866 1.522733986842278 52
1694420430437 1.5227074932667304 53
1694420430988 1.5226854632072906 54
1694420431531 1.5226670332770846 55
1694420432037 1.5226515177015416 56
1694420432568 1.5226383707122642 57
1694420433147 1.522627157025706 58
