1694507249863 -6.0461178969022695 0
1694507250181 -6.294932199585882 1
1694507250474 -6.277920984301128 2
1694507250741 -6.232436301383009 3
1694507251018 -6.27563065833911 4
1694507251290 -6.133165942310255 5
1694507251544 -5.8480638629197275 6
1694507251807 -6.247217258859138 7
1694507252090 -5.963497347399451 8
1694507252355 -6.682776224285313 9
1694507252630 -5.7916344274724345 10
1694507252892 -5.990767515196158 11
1694507253153 -6.245136898981938 12
1694507253406 -6.142537816960444 13
1694507253681 -6.1959935427286235 14
1694507253953 -6.087513210442597 15
1694507254206 -5.88302211679043 16
1694507254448 -5.960835761452721 17
1694507254730 -5.9318673424318975 18
1694507254978 -6.4111321985293905 19
1694507255242 -6.2329754566050495 20
1694507255526 -5.925066934541088 21
1694507255784 -5.994242252895262 22
1694507256041 -6.452576468241949 23
1694507256332 -5.964812001272668 24
1694507256616 -6.079489509360992 25
1694507256875 -6.082305107834898 26
1694507257152 -6.492340554783911 27
1694507257438 -6.290654796496376 28
1694507257710 -6.191019405403732 29
1694507257978 -6.255987843734254 30
1694507258285 -6.274141397264356 31
1694507258541 -6.03880008346962 32
1694507258810 -6.362982438709891 33
1694507259089 -6.147084185643432 34
1694507259382 -5.93830555857582 35
1694507259635 -6.2405732113864225 36
1694507259881 -6.0150192336046295 37
1694507260148 -5.836138647667999 38
1694507260392 -6.196343326795139 39
1694507260653 -6.156316206337019 40
1694507260895 -6.132220295527495 41
1694507261146 -6.339286224077003 42
1694507261416 -6.563595281832698 43
1694507261682 -6.12674270899611 44
1694507261950 -6.2896017284509345 45
1694507262230 -6.159187638149742 46
1694507262493 -6.120456655981983 47
1694507262739 -6.529024014646895 48
1694507262994 -6.1198985493271225 49
