1694507249704 5.300474802348713 0
1694507250043 4.8344911307469 1
1694507250346 3.620370481847991 2
1694507250608 4.212329234802292 3
1694507250877 4.928209103317739 4
1694507251167 3.050748362846615 5
1694507251419 1.6949075711928598 6
1694507251672 4.275365909246887 7
1694507251946 5.108010263505302 8
1694507252219 2.448284891571867 9
1694507252489 6.004395405841396 10
1694507252751 4.731311117674627 11
1694507253019 8.806103265557336 12
1694507253280 7.127346331873239 13
1694507253539 0.8694340418494189 14
1694507253817 3.9028468730260117 15
1694507254078 3.8537877750308165 16
1694507254335 5.437525040738504 17
1694507254596 1.5391928117327052 18
1694507254860 3.096834456423178 19
1694507255116 7.343254290977989 20
1694507255370 5.184916817540835 21
1694507255660 4.4022946048916225 22
1694507255915 7.351397907618845 23
1694507256181 7.443093332926729 24
1694507256468 6.016832699667756 25
1694507256755 7.00134315722733 26
1694507257009 2.4314812629272375 27
1694507257280 2.5255820808475646 28
1694507257565 0.5493939347658421 29
1694507257845 5.982513678270592 30
1694507258155 4.484648165398808 31
1694507258414 3.788494129047507 32
1694507258678 3.539294442614739 33
1694507258945 8.984924323760382 34
1694507259228 7.786997197655321 35
1694507259521 8.52534893113986 36
1694507259761 3.706183832753669 37
1694507260010 4.044401767705938 38
1694507260272 5.738742637615745 39
1694507260527 4.186413019772288 40
1694507260771 6.042284547287379 41
1694507261021 3.4609821085844743 42
1694507261293 4.198041040397623 43
1694507261544 3.258698437672395 44
1694507261815 5.171642535139367 45
1694507262091 1.9963821936663493 46
1694507262373 3.561436223892125 47
1694507262612 3.7233839588181863 48
1694507262873 5.332733935696603 49
