1694489401291 -128.2431041575778 0
1694489401451 -70.67345198701815 1
1694489401606 -41.649528096482946 2
1694489401750 -26.464433393932477 3
1694489401884 -18.194870203593553 4
1694489402033 -13.505552587548092 5
1694489402174 -10.748780977011995 6
1694489402312 -9.072389743541802 7
1694489402456 -8.026357449550298 8
1694489402596 -7.360764492557372 9
1694489402737 -6.931001501574914 10
1694489402878 -6.648663094619872 11
1694489403020 -6.466918889105957 12
1694489403151 -6.342936409641919 13
1694489403293 -6.263051602516281 14
1694489403441 -6.208107602168984 15
1694489403586 -6.174976305661338 16
1694489403723 -6.1515971007594015 17
1694489403878 -6.135499350853383 18
1694489404021 -6.124790888044002 19
1694489404158 -6.120320455566806 20
1694489404294 -6.114507223344106 21
1694489404428 -6.107519276229655 22
1694489404563 -6.107967196969011 23
1694489404709 -6.106255672732943 24
1694489404852 -6.103423849021893 25
1694489404999 -6.102053080146295 26
1694489405146 -6.103948736931735 27
1694489405291 -6.101381887055354 28
1694489405426 -6.103500412341751 29
1694489405570 -6.101992316774182 30
1694489405709 -6.100048440982929 31
1694489405837 -6.098840629997039 32
1694489405975 -6.101039455123554 33
1694489406110 -6.1032200029938295 34
1694489406241 -6.1051120944678186 35
1694489406381 -6.105076278430602 36
