1694489401225 98.51363984463012 0
1694489401376 46.13701481710704 1
1694489401531 34.33159467339804 2
1694489401682 17.594832410892863 3
1694489401826 12.968420395584898 4
1694489401966 7.799327972576026 5
1694489402108 7.530006632924409 6
1694489402252 6.625614128450959 7
1694489402387 5.112868877227401 8
1694489402530 4.8881013276239145 9
1694489402671 6.33156040978136 10
1694489402813 4.183453225891778 11
1694489402954 4.13653992751521 12
1694489403094 4.642248079660889 13
1694489403222 3.500700589828661 14
1694489403381 4.015906922636194 15
1694489403525 3.7109335668535772 16
1694489403664 4.606035009365077 17
1694489403802 4.465592827321675 18
1694489403951 3.8679802003036547 19
1694489404099 3.7306558252829265 20
1694489404231 7.789236042474369 21
1694489404366 3.621102442436802 22
1694489404502 3.973106694207547 23
1694489404640 2.77062103158722 24
1694489404785 7.906817939389353 25
1694489404926 4.367114700438224 26
1694489405079 4.131744768607458 27
1694489405222 3.8431337635094773 28
1694489405368 6.214898662953364 29
1694489405501 5.547804060883684 30
1694489405646 7.757712729104911 31
1694489405780 5.3954394113716475 32
1694489405909 4.3964712228220355 33
1694489406050 3.4749542097843205 34
1694489406182 6.833376252303481 35
1694489406318 5.594168782076151 36
