1694345978544 169.4281063198635 0
1694345978756 137.2154855101031 1
1694345978944 111.36441726115788 2
1694345979163 90.40734159273664 3
1694345979416 73.41843226574329 4
1694345979649 59.64325711525601 5
1694345979830 48.472160904272116 6
1694345980036 39.409635748793534 7
1694345980251 32.059201231681456 8
1694345980474 26.095043214324747 9
1694345980703 21.253160613814593 10
1694345980892 17.323894651011663 11
1694345981108 14.133388355549046 12
1694345981328 11.540677574411815 13
1694345981542 9.435242930666854 14
1694345981776 7.724044190440095 15
1694345981988 6.331541276004391 16
1694345982171 5.199834818064241 17
1694345982361 4.278896898266809 18
1694345982562 3.5279956850158376 19
1694345982783 2.9171723181784848 20
1694345982978 2.4193085583027805 21
1694345983192 2.0122018871081995 22
1694345983397 1.6807427108123876 23
1694345983625 1.409238977667234 24
1694345983831 1.1878541754398795 25
1694345984025 1.0067527960455098 26
1694345984219 0.8576054363231866 27
1694345984439 0.7359520854586152 28
1694345984655 0.6354969662327601 29
1694345984840 0.553377111193148 30
1694345985050 0.4853681861011365 31
1694345985239 0.42961793740910503 32
1694345985435 0.3833016569044051 33
1694345985620 0.34520364112487495 34
1694345985848 0.3137529342068991 35
1694345986038 0.28713446144327864 36
1694345986231 0.2654178022364044 37
1694345986442 0.2469486434772576 38
1694345986658 0.23181983082950777 39
1694345986887 0.21889164307747924 40
1694345987078 0.20824930601865346 41
1694345987273 0.1991136081263678 42
1694345987481 0.19154851036595508 43
1694345987723 0.18502792548604274 44
1694345987938 0.1795904994949261 45
1694345988149 0.1748880742386873 46
1694345988366 0.17093495092709113 47
1694345988580 0.16750800326440032 48
1694345988781 0.16460050250744143 49
1694345988984 0.1620769796290258 50
1694345989217 0.15991382113802102 51
1694345989419 0.1580367017082463 52
1694345989616 0.15640928427792689 53
1694345989807 0.15499951206777338 54
1694345990019 0.15376210081257896 55
1694345990225 0.1526937867400178 56
1694345990409 0.15174356677237374 57
1694345990600 0.1509273309627526 58
1694345990811 0.15019100550969625 59
1694345991003 0.14956273420603186 60
1694345991181 0.14898747516483105 61
1694345991374 0.14850069064563845 62
1694345991576 0.1480479928476809 63
1694345991798 0.14766864272139327 64
1694345992041 0.14731012257111584 65
1694345992228 0.14701299594672423 66
1694345992482 0.14672749772614938 67
1694345992682 0.14649374069055385 68
1694345992881 0.14626532679946555 69
1694345993082 0.14608070489851732 70
1694345993307 0.14589724713045363 71
1694345993508 0.14575091872545878 72
1694345993698 0.14560310098466508 73
1694345993890 0.14548674253973304 74
1694345994102 0.14536734736661266 75
1694345994286 0.14527452314080072 76
1694345994503 0.14517791567622904 77
1694345994704 0.1451036186589588 78
1694345994924 0.14502536924710635 79
1694345995099 0.14496568322903522 80
1694345995299 0.14490228835053648 81
1694345995518 0.14485413655633317 82
1694345995728 0.14480281024448857 83
1694345995907 0.1447637664752392 84
1694345996101 0.14472228280967717 85
1694345996290 0.1446904282108733 86
1694345996493 0.14465700123752695 87
1694345996714 0.1446308147252635 88
1694345996960 0.14460400610186006 89
1694345997176 0.1445822798778232 90
1694345997406 0.14456092727753939 91
