1694491007326 0.7096396609525377 0
1694491007487 0.8418987611282058 1
1694491007630 0.8424645872120169 2
1694491007785 0.8425602137540731 3
1694491007935 0.8423806029224253 4
1694491008080 0.8421195791599162 5
1694491008235 0.8420578886603003 6
1694491008381 0.841648175525646 7
1694491008516 0.8421854538102806 8
1694491008654 0.8417884689871453 9
1694491008809 0.8408159657350432 10
1694491008958 0.8424462384396622 11
1694491009107 0.8414071121915654 12
1694491009252 0.8411242189968606 13
1694491009393 0.8406060403995247 14
1694491009530 0.8423195259673965 15
1694491009678 0.8424339330826394 16
1694491009813 0.8420852418437451 17
1694491009956 0.8423051817431901 18
1694491010104 0.8418906322644668 19
1694491010255 0.8421149979049776 20
1694491010399 0.8411857366774933 21
1694491010536 0.8422889894438748 22
1694491010690 0.8421911431943181 23
1694491010827 0.8425628081604735 24
1694491010975 0.8422243272606696 25
1694491011119 0.8411865789728256 26
1694491011258 0.8422833405719473 27
1694491011391 0.8417232877158092 28
1694491011522 0.8406319832733458 29
1694491011660 0.8416535941015871 30
1694491011808 0.8428792650220904 31
1694491011944 0.8426898763476086 32
1694491012081 0.8421830496997433 33
1694491012222 0.8407133776359969 34
1694491012361 0.8408366266894562 35
1694491012499 0.841937632147002 36
1694491012635 0.8426247245685797 37
1694491012770 0.8423351774724814 38
1694491012921 0.8405349065781039 39
1694491013069 0.8404721571754904 40
1694491013216 0.8408458623238452 41
1694491013363 0.8404140687046466 42
1694491013503 0.8424719460735477 43
1694491013640 0.8403159848608308 44
1694491013778 0.8417350303282563 45
1694491013922 0.8408783145377052 46
1694491014063 0.8419861691860753 47
1694491014205 0.8410533128494195 48
1694491014351 0.842275297107062 49
