1694491007265 0.632785766280429 0
1694491007415 2.977944516977329e-06 1
1694491007569 0.009064698487589987 2
1694491007718 0.22128009558905987 3
1694491007864 0.007841210001608107 4
1694491008012 0.054602026899829056 5
1694491008161 0.06465656748474628 6
1694491008312 0.11716301188856698 7
1694491008454 0.0071491382092675314 8
1694491008589 0.0028878111682950464 9
1694491008742 0.6647848012745402 10
1694491008889 0.10170088638007295 11
1694491009036 0.002843323331122971 12
1694491009185 0.21265766743319056 13
1694491009328 0.4510656680450747 14
1694491009472 0.1871281603195158 15
1694491009610 0.5632648968421982 16
1694491009755 0.09536071163145698 17
1694491009887 4.671545690814631e-05 18
1694491010036 5.7850976002897916e-05 19
1694491010183 0.009650118032567526 20
1694491010335 0.35833201538498793 21
1694491010479 0.11745176878551455 22
1694491010613 0.0034580801388137575 23
1694491010767 0.03840178303673821 24
1694491010909 9.585792102594495e-05 25
1694491011052 0.5755651266696762 26
1694491011198 0.6096524057795046 27
1694491011333 0.006853765313338363 28
1694491011464 0.01588830102445904 29
1694491011594 0.1402878948911316 30
1694491011740 0.0038685326832531247 31
1694491011885 0.036961253195479035 32
1694491012020 0.01115617603976993 33
1694491012158 0.2781482211553914 34
1694491012301 0.022374523217044213 35
1694491012439 0.024130338681850685 36
1694491012576 0.27663999795487176 37
1694491012713 0.025879104551532785 38
1694491012853 0.1685239742642302 39
1694491013000 0.0316436015867959 40
1694491013147 0.3268269636521028 41
1694491013293 0.1121231264782257 42
1694491013441 0.048636372166512065 43
1694491013578 0.00016943742689151547 44
1694491013720 0.012832144909151641 45
1694491013855 0.026072623209934736 46
1694491013999 0.23390937682571766 47
1694491014144 0.027421215117303874 48
1694491014284 0.06148419644436139 49
