1694490112126 0.7800585696136332 0
1694490112295 0.7769351012983794 1
1694490112442 0.7966628322495743 2
1694490112600 0.7925814397145314 3
1694490112748 0.7945759892622268 4
1694490112879 0.7590351873556298 5
1694490113035 0.7456249961718696 6
1694490113169 0.7749971717316441 7
1694490113317 0.7845514054791095 8
1694490113457 0.7900698908265058 9
1694490113606 0.7423718489719446 10
1694490113737 0.7787382797129304 11
1694490113869 0.7618556196653 12
1694490114003 0.7908085470229378 13
1694490114142 0.7552197268170706 14
1694490114296 0.7790383045995481 15
1694490114437 0.7780407147847355 16
1694490114581 0.7662598456108765 17
1694490114713 0.8016153084478584 18
1694490114851 0.806633404150133 19
1694490114988 0.776192174731434 20
1694490115146 0.7907801637599843 21
1694490115292 0.8018001564471009 22
1694490115439 0.7628107138921374 23
1694490115578 0.7519882088826247 24
1694490115716 0.8010150025107088 25
1694490115858 0.8054323958067685 26
1694490115994 0.7773560137210351 27
1694490116126 0.7771474252070455 28
1694490116257 0.7761372519384496 29
1694490116405 0.7698290860163266 30
1694490116540 0.7476583503170842 31
1694490116676 0.7783781428604297 32
1694490116822 0.7670661236785097 33
1694490116972 0.7876728429215225 34
1694490117103 0.7913506860125366 35
1694490117251 0.7731011039328858 36
1694490117400 0.7706458281180084 37
1694490117533 0.779490991094013 38
1694490117670 0.7699189871043598 39
1694490117817 0.779444365991826 40
1694490117961 0.7752890014988394 41
1694490118108 0.7697266870849073 42
1694490118250 0.7849793027239275 43
1694490118399 0.7713396825858051 44
1694490118540 0.8012902873353855 45
1694490118679 0.7904751477900037 46
1694490118822 0.7922949695183372 47
1694490118967 0.7890942871151119 48
1694490119111 0.7745147427655301 49
