1694490112054 0.4453602318593592 0
1694490112222 0.12552171667675385 1
1694490112376 0.0044831331477656385 2
1694490112520 0.0220858681304447 3
1694490112681 0.11932528384441113 4
1694490112823 0.017918401196155856 5
1694490112967 0.02199277350790819 6
1694490113112 0.4218259702657637 7
1694490113247 0.00509908965465182 8
1694490113394 0.008883516485845351 9
1694490113537 0.08861542530500284 10
1694490113678 0.15472926575166177 11
1694490113812 0.042297002608523336 12
1694490113944 0.5052075466036319 13
1694490114081 0.013095586036788643 14
1694490114222 0.03704219957581068 15
1694490114373 0.08400647605120855 16
1694490114514 0.036755818508543626 17
1694490114654 0.20474251751042516 18
1694490114785 0.6748564113733196 19
1694490114928 0.33201514747535904 20
1694490115077 0.10924563485687991 21
1694490115225 5.947109448868536e-06 22
1694490115372 0.004025918341420714 23
1694490115517 0.04240629739469645 24
1694490115655 0.22391809367977353 25
1694490115791 0.0021411683611769826 26
1694490115934 0.0966822619835168 27
1694490116066 7.774878216384781e-05 28
1694490116200 0.09835096610505618 29
1694490116343 0.006865327371120732 30
1694490116477 0.12237373091129895 31
1694490116617 0.00941036424422156 32
1694490116755 0.6735301426475814 33
1694490116913 0.00034728928384518464 34
1694490117044 0.04367182588977448 35
1694490117180 0.12345252597149663 36
1694490117333 0.05534443622748462 37
1694490117476 0.3056873695650967 38
1694490117607 0.6902831013931916 39
1694490117746 0.00678668106602032 40
1694490117894 0.571248933439579 41
1694490118040 0.04746350955739305 42
1694490118185 0.28134800283531103 43
1694490118329 0.016902867282545708 44
1694490118472 0.018710432625898853 45
1694490118618 0.005606503016546754 46
1694490118755 0.1997766892805369 47
1694490118901 0.0589850486679205 48
1694490119043 0.12360873774777884 49
