1694490047616 0.8083336191227838 0
1694490047756 0.8063553806718771 1
1694490047908 0.7913623934086058 2
1694490048059 0.8049827810018242 3
1694490048206 0.8054678174866887 4
1694490048361 0.8130082983795894 5
1694490048506 0.7916273439710126 6
1694490048653 0.7829383198869864 7
1694490048789 0.7940991437674918 8
1694490048936 0.6136643629378953 9
1694490049078 0.8046708655107444 10
1694490049224 0.818054633277524 11
1694490049371 0.8159673147837974 12
1694490049509 0.8103107680073284 13
1694490049659 0.7998434571039229 14
1694490049801 0.802305149928663 15
1694490049933 0.808811325059782 16
1694490050069 0.7900921118933903 17
1694490050216 0.7908416373433365 18
1694490050364 0.7896424334956904 19
1694490050514 0.8175616386473965 20
1694490050657 0.7923799662470543 21
1694490050801 0.8095767917312302 22
1694490050948 0.7714140072528439 23
1694490051086 0.7864509966088303 24
1694490051225 0.818416462615501 25
1694490051375 0.7756854863166438 26
1694490051520 0.7878161850366083 27
1694490051664 0.7770631002938062 28
1694490051800 0.7760237987998498 29
1694490051942 0.7705715812956336 30
1694490052076 0.8243207100786814 31
1694490052220 0.7654968044634138 32
1694490052366 0.8021486207102286 33
1694490052510 0.8075649264889776 34
1694490052672 0.7941025862472857 35
1694490052809 0.798568769270791 36
1694490052962 0.7884124700503222 37
1694490053108 0.7660585936474167 38
1694490053245 0.7872189077873919 39
1694490053393 0.7894420693925286 40
1694490053537 0.7897405011918226 41
1694490053684 0.7704675131546244 42
1694490053822 0.7991872873983951 43
1694490053967 0.7869798790306747 44
1694490054113 0.8116246564323361 45
1694490054265 0.7742481241986743 46
1694490054410 0.7780572318574018 47
1694490054552 0.7901731388642923 48
1694490054698 0.8169010769626448 49
