1694490047552 0.02236841347342173 0
1694490047697 0.06435446632281015 1
1694490047835 0.326163238206118 2
1694490047993 0.11882155302412871 3
1694490048138 0.18859519289748722 4
1694490048290 0.1678407281210312 5
1694490048442 0.37515704485075624 6
1694490048580 0.1046352051473081 7
1694490048731 0.009453617196069956 8
1694490048868 0.032799698996356486 9
1694490049012 0.044798835012048975 10
1694490049157 0.7623535619987278 11
1694490049304 0.406621128507687 12
1694490049446 0.1000837666769126 13
1694490049592 0.1743105427013968 14
1694490049739 0.007472853779631078 15
1694490049877 0.0031605125344316377 16
1694490050007 0.006748726390186978 17
1694490050149 0.12226367329073176 18
1694490050297 0.11439300346915378 19
1694490050442 0.04382607043424591 20
1694490050591 0.05647547816605961 21
1694490050734 0.04913425363472123 22
1694490050882 0.012897172288173454 23
1694490051029 0.1130337304400801 24
1694490051159 0.3085802384077274 25
1694490051305 0.08853946387458 26
1694490051457 0.003937789863024586 27
1694490051598 0.0030327727829370195 28
1694490051742 0.024023709120700468 29
1694490051876 0.0685757540601477 30
1694490052019 0.023120550277666973 31
1694490052158 0.05925498764447251 32
1694490052301 0.06623192717804179 33
1694490052445 0.04726490898266839 34
1694490052605 0.0018109884387485144 35
1694490052751 0.07381654347664598 36
1694490052895 0.0036909706517444757 37
1694490053040 0.013616333617324075 38
1694490053189 0.39474024703052185 39
1694490053325 0.07531830102173723 40
1694490053471 0.15487961826308647 41
1694490053624 0.03764139141903505 42
1694490053759 0.024342970635782373 43
1694490053899 0.14624558074943395 44
1694490054046 0.000716047409103335 45
1694490054197 0.00812992937953049 46
1694490054344 0.021894097023657216 47
1694490054489 0.2628524742067189 48
1694490054630 1.2310201066323616 49
