1694508488817 -228.01967452034697 0
1694508489030 -223.46779069731306 1
1694508489236 -219.01551230679834 2
1694508489450 -214.66056913655757 3
1694508489626 -210.40074391446433 4
1694508489787 -206.23387105864438 5
1694508489955 -202.1578354573131 6
1694508490099 -198.17057127760836 7
1694508490254 -194.2700608027274 8
1694508490450 -190.45433329669194 9
1694508490633 -186.72146389608423 10
1694508490794 -183.0695725281086 11
1694508490941 -179.49682285435304 12
1694508491138 -176.0014212396362 13
1694508491338 -172.58161574534293 14
1694508491487 -169.23569514666377 15
1694508491651 -165.96198797316876 16
1694508491827 -162.7588615721594 17
1694508491981 -159.62472119425536 18
1694508492157 -156.55800910068672 19
1694508492347 -153.55720369177342 20
1694508492508 -150.62081865608772 21
1694508492661 -147.74740213980633 22
1694508492823 -144.9355359357712 23
1694508492980 -142.18383469178957 24
1694508493158 -139.49094513771388 25
1694508493318 -136.8555453308558 26
1694508493519 -134.2763439192957 27
1694508493708 -131.7520794226626 28
1694508493862 -129.2815195299676 29
1694508494034 -126.86346041408494 30
1694508494206 -124.49672606248423 31
1694508494380 -122.1801676238264 32
1694508494550 -119.91266277004611 33
1694508494714 -117.69311507355096 34
1694508494867 -115.52045339917875 35
1694508495031 -113.39363131056011 36
1694508495185 -111.31162649054454 37
1694508495362 -109.27344017535415 38
1694508495537 -107.2780966021393 39
1694508495731 -105.32464246961605 40
1694508495886 -103.4121464114746 41
1694508496039 -101.53969848225508 42
1694508496188 -99.70640965539307 43
1694508496360 -97.91141133314609 44
1694508496526 -96.1538548681178 45
1694508496678 -94.43291109610409 46
1694508496870 -92.74776987999192 47
1694508497028 -91.09763966444761 48
1694508497181 -89.48174704113805 49
