1694508488720 169.4281063198635 0
1694508488876 166.05396746635364 1
1694508489093 162.75374171021022 2
1694508489295 159.52574315248287 3
1694508489506 156.36832523009798 4
1694508489684 153.27987978677078 5
1694508489833 150.25883616600657 6
1694508490003 147.30366032566306 7
1694508490141 144.4128539735602 8
1694508490302 141.5849537236352 9
1694508490494 138.81853027215215 10
1694508490688 136.11218759348807 11
1694508490843 133.46456215502917 12
1694508490990 130.87432215071965 13
1694508491192 128.3401667528205 14
1694508491385 125.86082538144178 15
1694508491532 123.4350569914262 16
1694508491702 121.06164937616899 17
1694508491874 118.73941848797107 18
1694508492023 116.46720777453073 19
1694508492208 114.24388753118936 20
1694508492406 112.06835426855527 21
1694508492555 109.93953009513939 22
1694508492710 107.85636211464468 23
1694508492876 105.81782183756002 24
1694508493035 103.82290460671757 25
1694508493200 101.87062903648096 26
1694508493376 99.9600364652392 27
1694508493581 98.09019042088929 28
1694508493757 96.26017609899813 29
1694508493913 94.46909985334143 30
1694508494082 92.71608869852474 31
1694508494253 91.00028982439878 32
1694508494428 89.32087012198805 33
1694508494607 87.67701572065846 34
1694508494763 86.0679315362562 35
1694508494916 84.49284082995658 36
1694508495077 82.95098477756758 37
1694508495236 81.44162204903957 38
1694508495411 79.96402839793744 39
1694508495584 78.51749626063854 40
1694508495779 77.10133436502444 41
1694508495934 75.71486734844075 42
1694508496081 74.35743538470406 43
1694508496239 73.02839381994076 44
1694508496411 71.72711281704765 45
1694508496570 70.45297700856881 46
1694508496737 69.20538515778853 47
1694508496914 67.98374982784493 48
1694508497077 66.78749705867321 49
