1694489662424 -58.30425844189248 0
1694489662511 -20.53046412177229 1
1694489662619 -10.602781662233417 2
1694489662728 -7.461319945257205 3
1694489662827 -6.325441961296445 4
1694489662926 -5.893663531304913 5
1694489663023 -5.725916391865109 6
1694489663123 -5.649690866767507 7
1694489663220 -5.619270196667739 8
1694489663326 -5.619002021221651 9
1694489663427 -5.619160938336667 10
1694489663528 -5.619882844824412 11
1694489663622 -5.612241881576542 12
1694489663713 -5.605917586982028 13
1694489663804 -5.618892362184654 14
1694489663899 -5.617447351083429 15
1694489664000 -5.607696480460351 16
1694489664094 -5.606375394287942 17
1694489664197 -5.618193087895057 18
1694489664291 -5.614704259049297 19
1694489664384 -5.60447223708951 20
1694489664471 -5.61039936568752 21
1694489664559 -5.611885039725351 22
1694489664658 -5.605584347637003 23
1694489664744 -5.612922842778998 24
1694489664830 -5.617524826914941 25
1694489664931 -5.600734021863849 26
1694489665028 -5.602357619306804 27
1694489665122 -5.611339017259237 28
1694489665219 -5.612413711958292 29
1694489665315 -5.6161850004629486 30
1694489665410 -5.606140283765883 31
1694489665495 -5.60293233313255 32
1694489665585 -5.605939747867479 33
1694489665685 -5.6021447339946215 34
1694489665785 -5.6098931972714565 35
1694489665875 -5.610106463236769 36
1694489665969 -5.605485653610655 37
1694489666053 -5.6081762698889674 38
1694489666160 -5.601538905746797 39
1694489666255 -5.60422721947095 40
1694489666341 -5.6170300245847224 41
1694489666435 -5.609265842499011 42
1694489666532 -5.608782708423712 43
1694489666622 -5.613789958032002 44
1694489666716 -5.599422273791193 45
1694489666820 -5.603850364625482 46
1694489666924 -5.597165271914704 47
1694489667026 -5.596029120633792 48
1694489667127 -5.601697203167594 49
