1694491362785 169.08902758239503 0
1694491362908 169.0552299450877 1
1694491363032 169.0214390682404 2
1694491363152 168.98765495050077 3
1694491363282 168.95387759051673 4
1694491363438 168.92010698693636 5
1694491363591 168.88634313840817 6
1694491363756 168.85258604358083 7
1694491363899 168.81883570110332 8
1694491364020 168.7850921096249 9
1694491364160 168.7513552677951 10
1694491364275 168.71762517426367 11
1694491364397 168.6839018276807 12
1694491364522 168.6501852266965 13
1694491364675 168.61647536996168 14
1694491364842 168.58277225612707 15
1694491364996 168.54907588384387 16
1694491365143 168.51538625176346 17
1694491365288 168.48170335853746 18
1694491365417 168.44802720281794 19
1694491365570 168.414357783257 20
1694491365727 168.38069509850723 21
1694491365867 168.34703914722127 22
1694491365992 168.31338992805223 23
1694491366113 168.27974743965336 24
1694491366243 168.24611168067827 25
1694491366370 168.21248264978075 26
1694491366518 168.1788603456149 27
1694491366651 168.1452447668352 28
1694491366769 168.11163591209606 29
1694491366917 168.07803378005266 30
1694491367047 168.04443836936 31
1694491367188 168.01084967867357 32
1694491367327 167.97726770664912 33
1694491367454 167.9436924519426 34
1694491367585 167.91012391321033 35
1694491367717 167.87656208910875 36
1694491367867 167.8430069782947 37
1694491368034 167.80945857942524 38
1694491368161 167.77591689115764 39
1694491368295 167.74238191214957 40
1694491368423 167.7088536410589 41
1694491368552 167.67533207654375 42
1694491368677 167.64181721726254 43
1694491368814 167.60830906187388 44
1694491368952 167.57480760903675 45
1694491369075 167.5413128574104 46
1694491369211 167.50782480565428 47
1694491369334 167.4743434524281 48
1694491369462 167.4408687963919 49
