1694489649980 -239.33960038954433 0
1694489650082 -236.12215394405524 1
1694489650177 -232.951996923492 2
1694489650273 -229.82871333520956 3
1694489650368 -226.75128135622248 4
1694489650457 -223.71906665930837 5
1694489650561 -220.73156599414807 6
1694489650668 -217.7879472599179 7
1694489650763 -214.8876975116385 8
1694489650852 -212.0296983508467 9
1694489650942 -209.21347862333994 10
1694489651055 -206.4386894879381 11
1694489651147 -203.70467685840663 12
1694489651248 -201.01072091252092 13
1694489651349 -198.35592368287146 14
1694489651453 -195.74008183962312 15
1694489651552 -193.16254637038992 16
1694489651655 -190.62223710609513 17
1694489651750 -188.11935698221444 18
1694489651837 -185.65296980375692 19
1694489651931 -183.2223492478488 20
1694489652023 -180.82699192665694 21
1694489652127 -178.46687814965733 22
1694489652228 -176.14078740816348 23
1694489652333 -173.8482946243689 24
1694489652435 -171.58945332490177 25
1694489652536 -169.36308767012056 26
1694489652639 -167.16915698766834 27
1694489652740 -165.0069616126363 28
1694489652840 -162.87607202246863 29
1694489652936 -160.77595197145726 30
1694489653024 -158.7062663295977 31
1694489653126 -156.6664658725206 32
1694489653226 -154.6559762019992 33
1694489653327 -152.67443950887377 34
1694489653424 -150.72157847564293 35
1694489653522 -148.7969660149592 36
1694489653617 -146.89959645572654 37
1694489653719 -145.03012583223793 38
1694489653822 -143.18712775666415 39
1694489653916 -141.37064194220517 40
1694489654015 -139.58018109021617 41
1694489654117 -137.81548772085523 42
1694489654217 -136.0759618013257 43
1694489654320 -134.3612753741528 44
1694489654422 -132.67111976263186 45
1694489654518 -131.00518853932223 46
1694489654609 -129.3631317653288 47
1694489654712 -127.74426558505652 48
1694489654808 -126.14866542453282 49
