1694489649910 165.13603939810466 0
1694489650017 164.4366063595376 1
1694489650114 162.7830188927534 2
1694489650212 160.4964380069354 3
1694489650306 159.68633826221898 4
1694489650401 157.87740321232906 5
1694489650491 153.9975918792163 6
1694489650600 152.1406330298797 7
1694489650702 145.22290017367905 8
1694489650794 146.33692422743326 9
1694489650881 150.66322475109334 10
1694489650981 149.15604188481657 11
1694489651086 144.08178956478153 12
1694489651182 138.23839843114843 13
1694489651283 139.56557594893974 14
1694489651385 137.84946194450862 15
1694489651487 132.13096697419897 16
1694489651586 137.1214877130233 17
1694489651689 131.08356550178684 18
1694489651780 126.19598792940114 19
1694489651865 126.21390462688933 20
1694489651967 128.61664416276736 21
1694489652062 120.43508742445083 22
1694489652164 120.27268307820214 23
1694489652265 124.46338001874489 24
1694489652368 118.16245381290982 25
1694489652470 119.68839727726642 26
1694489652571 116.12028129419723 27
1694489652674 114.62094547469427 28
1694489652772 112.33244278096203 29
1694489652874 111.66515143342151 30
1694489652967 109.80986918286003 31
1694489653058 108.27421647159709 32
1694489653163 107.66082392918088 33
1694489653261 108.12937656568425 34
1694489653361 106.22224234968516 35
1694489653455 102.49704667300283 36
1694489653555 108.28353935950078 37
1694489653651 97.30104402555229 38
1694489653756 97.98183072700981 39
1694489653857 97.2688213773919 40
1694489653946 97.04278282891688 41
1694489654050 94.78020574753513 42
1694489654150 94.26958981425328 43
1694489654250 94.40789221875968 44
1694489654356 94.33600391678374 45
1694489654453 92.99881136750689 46
1694489654548 87.46157073333386 47
1694489654645 90.3416689190366 48
1694489654746 87.15857504196399 49
