1694350054055 169.08902758239498 0
1694350054305 136.9799840674329 1
1694350054525 111.22401870848022 2
1694350054727 90.44737392658881 3
1694350054909 73.67450966683701 4
1694350055129 60.12241205286187 5
1694350055324 49.16244721941444 6
1694350055538 40.28978942536176 7
1694350055750 33.098399562717546 8
1694350055956 27.263552401041593 9
1694350056144 22.522674665939594 10
1694350056328 18.665129635137486 11
1694350056508 15.521078415238875 12
1694350056719 12.95491234809742 13
1694350056906 10.856351226961536 14
1694350057119 9.136578986253697 15
1694350057318 7.724805641026795 16
1694350057503 6.5631248084186335 17
1694350057735 5.604763552621491 18
1694350057930 4.812605264210582 19
1694350058120 4.155986792216206 20
1694350058317 3.6100285475388367 21
1694350058493 3.155186440512591 22
1694350058685 2.7748602784523837 23
1694350058894 2.4561543533082313 24
1694350059110 2.188078533932427 25
1694350059314 1.9620659595557277 26
1694350059496 1.770894348986884 27
1694350059708 1.608530048027165 28
1694350059929 1.4704476101966315 29
1694350060103 1.3524606379383397 30
1694350060287 1.251509031051653 31
1694350060478 1.1647445602689452 32
1694350060690 1.09007457612119 33
1694350060890 1.025545092610464 34
1694350061068 0.9697068367567061 35
1694350061254 0.9212074777770822 36
1694350061483 0.8790292921905154 37
1694350061669 0.8422278100127717 38
1694350061876 0.8100776805512119 39
1694350062142 0.7819132089052021 40
1694350062380 0.7572093971919024 41
1694350062582 0.7354927890335137 42
1694350062779 0.7163774383189065 43
1694350062977 0.6995236959549908 44
1694350063182 0.684643466610891 45
1694350063367 0.6714911392456271 46
1694350063570 0.6598484919950507 47
1694350063775 0.6495366486005979 48
1694350063980 0.6403880406533384 49
1694350064215 0.6322716070302199 50
1694350064401 0.6250570580287665 51
1694350064625 0.6186479089509767 52
1694350064824 0.6129417117597877 53
1694350065018 0.6078672011778049 54
1694350065210 0.6033430147432773 55
1694350065404 0.5993164259430859 56
1694350065625 0.5957222489989472 57
1694350065798 0.5925214785965766 58
1694350065973 0.5896614862446157 59
1694350066159 0.5871134803016088 60
1694350066375 0.5848346830046115 61
1694350066601 0.5828039395359645 62
1694350066795 0.5809862719443285 63
1694350066998 0.5793662534095411 64
1694350067228 0.5779151327237653 65
1694350067410 0.5766217866106275 66
1694350067602 0.5754624708300541 67
1694350067793 0.5744292958386499 68
1694350068022 0.5735025693779561 69
1694350068203 0.5726768278702644 70
1694350068391 0.5719356770364524 71
1694350068599 0.5712754667546658 72
1694350068821 0.5706825010343206 73
1694350069014 0.5701544772975216 74
1694350069199 0.5696799178400498 75
1694350069386 0.5692575125154856 76
1694350069587 0.5688776155661206 77
1694350069787 0.5685396383863645 78
1694350070012 0.5682354546843584 79
1694350070195 0.5679649908289471 80
1694350070395 0.5677213861399446 81
1694350070602 0.5675049247090858 82
1694350070816 0.5673098044107472 83
1694350071001 0.5671365477248907 84
1694350071205 0.5669802415579926 85
1694350071386 0.5668415566546795 86
1694350071569 0.5667163296622644 87
