1694510766320 -232.02787228611976 0
1694510766528 -231.56166816610883 1
1694510766723 -231.0963975318192 2
1694510766937 -230.63205851356759 3
1694510767123 -230.1686492454168 4
1694510767307 -229.7061678651687 5
1694510767498 -229.24461251435633 6
1694510767676 -228.7839813382368 7
1694510767864 -228.32427248578344 8
1694510768057 -227.8654841096785 9
1694510768235 -227.407614366306 10
1694510768389 -226.95066141574387 11
1694510768575 -226.49462342175667 12
1694510768753 -226.03949855178837 13
1694510768938 -225.58528497695482 14
1694510769088 -225.13198087203645 15
1694510769284 -224.67958441547086 16
1694510769467 -224.22809378934565 17
1694510769621 -223.7775071793908 18
1694510769793 -223.32782277497174 19
1694510769948 -222.87903876908166 20
1694510770107 -222.43115335833468 21
1694510770282 -221.98416474295817 22
1694510770456 -221.53807112678584 23
1694510770648 -221.09287071725032 24
1694510770826 -220.64856172537594 25
1694510771002 -220.20514236577165 26
1694510771169 -219.7626108566237 27
1694510771354 -219.32096541968872 28
1694510771554 -218.88020428028608 29
1694510771714 -218.4403256672913 30
1694510771910 -218.00132781312846 31
1694510772094 -217.56320895376362 32
1694510772296 -217.12596732869693 33
1694510772484 -216.6896011809564 34
1694510772661 -216.25410875709028 35
1694510772837 -215.8194883071601 36
1694510773017 -215.38573808473382 37
1694510773200 -214.95285634687855 38
1694510773383 -214.52084135415376 39
1694510773564 -214.08969137060402 40
1694510773757 -213.65940466375233 41
1694510773953 -213.22997950459285 42
1694510774146 -212.8014141675842 43
1694510774328 -212.3737069306422 44
1694510774525 -211.94685607513327 45
1694510774718 -211.52085988586737 46
1694510774907 -211.095716651091 47
1694510775096 -210.67142466248058 48
1694510775283 -210.24798221513518 49
