1694347699168 169.089027582395 0
1694347699372 136.9799840674329 1
1694347699625 111.20155989161432 2
1694347699862 90.29892081530303 3
1694347700120 73.34631529419393 4
1694347700360 59.59824975348673 5
1694347700630 48.44620563007715 6
1694347700845 39.397398340383376 7
1694347701030 32.05582703368487 8
1694347701215 26.097453707659373 9
1694347701394 21.2596976497506 10
1694347701580 17.332398024537824 11
1694347701794 14.14215753320241 12
1694347702001 11.55084632946594 13
1694347702238 9.445063512601521 14
1694347702471 7.732562551017357 15
1694347702678 6.340337710219079 16
1694347702855 5.207227724377597 17
1694347703093 4.285177058215544 18
1694347703327 3.534028237429319 19
1694347703548 2.9220896422627303 20
1694347703772 2.423021943948328 21
1694347703968 2.0158706183487918 22
1694347704172 1.6833883941297552 23
1694347704358 1.4116702532351644 24
1694347704588 1.1894516473404282 25
1694347704801 1.0074601161612375 26
1694347705024 0.8583675421591426 27
1694347705211 0.7359495997088953 28
1694347705397 0.6354674882685973 29
1694347705599 0.5527060501025506 30
1694347705787 0.4846286988443657 31
1694347705990 0.42834785172712064 32
1694347706152 0.38194479698035766 33
1694347706335 0.3434120892192691 34
1694347706578 0.3115638964793787 35
1694347706795 0.2849789103914641 36
1694347706993 0.26295048996243814 37
1694347707187 0.244450027119843 38
1694347707374 0.22908290979733428 39
1694347707555 0.21608572430401543 40
1694347707748 0.20526576924232515 41
1694347707960 0.1960405654287534 42
1694347708144 0.18834682712607045 43
1694347708329 0.18172713650397235 44
1694347708507 0.17619995313418463 45
1694347708710 0.17139569959281287 46
1694347708932 0.1673832960450822 47
1694347709111 0.16385605814132825 48
1694347709289 0.1609128999733078 49
1694347709483 0.1582931754236125 50
1694347709656 0.1561124685258501 51
1694347709842 0.15414466681445824 52
1694347710027 0.15251341522657333 53
1694347710225 0.15101918063550301 54
1694347710442 0.14978817017679044 55
1694347710632 0.14864184311604442 56
1694347710822 0.14770551921812058 57
1694347711037 0.14681765191788343 58
1694347711250 0.14610057099482426 59
1694347711428 0.14540680085703458 60
1694347711595 0.1448544608287636 61
1694347711796 0.14430795818561182 62
1694347711976 0.14388055573427644 63
1694347712176 0.1434468647348423 64
1694347712403 0.1431150161092481 65
1694347712588 0.14276850456232845 66
1694347712759 0.14251028969810478 67
1694347712923 0.1422316859825344 68
1694347713144 0.14203058918264078 69
1694347713352 0.14180525782963918 70
1694347713526 0.14164871959492467 71
1694347713719 0.14146544211627898 72
1694347713957 0.1413438304890349 73
1694347714146 0.14119393437914357 74
1694347714320 0.14109980652506712 75
1694347714493 0.14097653620773992 76
1694347714713 0.14090410255503316 77
1694347714883 0.14080216000844206 78
1694347715074 0.14074689109967875 79
1694347715253 0.14086996366253576 80
1694347715454 0.14057281665373772 81
1694347715663 0.14067661065443354 82
1694347715853 0.14044868444021508 83
1694347716050 0.14053569556958814 84
1694347716260 0.14035835192070428 85
1694347716442 0.14043142795997637 86
1694347716621 0.14029149518186562 87
1694347716802 0.14035329841927446 88
1694347716989 0.14024133411273051 89
1694347717189 0.1402941442739607 90
1694347717362 0.14020329635245074 91
1694347717540 0.1402489752420832 92
1694347717757 0.140174219153744 93
1694347717969 0.14021424528571763 94
1694347718145 0.1401518631238239 95
1694347718360 0.14018739079110623 96
1694347718579 0.1401346093822424 97
1694347718767 0.1401665307441308 98
1694347718947 0.14012126641683614 99
1694347719143 0.14015026751717846 100
1694347719336 0.14011094382696962 101
1694347719578 0.14013755154732768 102
1694347719767 0.14010296773502107 103
1694347719970 0.14012758752180846 104
1694347720160 0.14009682275952753 105
