1694490991814 0.6697834696905394 0
1694490991959 0.8117692675053605 1
1694490992100 0.8141117282086989 2
1694490992248 0.8146388261949261 3
1694490992407 0.8151984406507965 4
1694490992556 0.815018162011268 5
1694490992703 0.8146702528247051 6
1694490992855 0.8148586698158511 7
1694490993007 0.8153505356120445 8
1694490993156 0.814798203679804 9
1694490993306 0.8133105276779311 10
1694490993445 0.8141440867212448 11
1694490993587 0.8155041495814799 12
1694490993740 0.8154475389397586 13
1694490993885 0.8142956475911001 14
1694490994026 0.8131217597203861 15
1694490994173 0.8144921925466986 16
1694490994318 0.8149275517289842 17
1694490994458 0.8129395920746507 18
1694490994598 0.8144756770096061 19
1694490994743 0.813437224125937 20
1694490994887 0.8147333074660358 21
1694490995024 0.8154440368194289 22
1694490995179 0.8148061842946231 23
1694490995315 0.8134296491124826 24
1694490995448 0.814620700484717 25
1694490995592 0.8121591057224133 26
1694490995737 0.8146409961126352 27
1694490995883 0.8148868814695985 28
1694490996028 0.8144295957223909 29
1694490996167 0.8132252059244292 30
1694490996299 0.813432596483949 31
1694490996450 0.8146348030485981 32
1694490996596 0.8156584023038622 33
1694490996740 0.8136021144344914 34
1694490996887 0.8141211640181549 35
1694490997033 0.8135053691683312 36
1694490997183 0.8134712076938622 37
1694490997344 0.8152390511215455 38
1694490997493 0.8153939533276642 39
1694490997643 0.8132206638076825 40
1694490997785 0.8153954381295478 41
1694490997929 0.8147808069943249 42
1694490998066 0.8155486202514882 43
1694490998213 0.8134500640453557 44
1694490998370 0.8127156493469531 45
1694490998561 0.8143455816195668 46
1694490998732 0.8154028243614 47
1694490998888 0.8148901017731911 48
1694490999053 0.8156407368324909 49
