1694510305096 39.2175981225878 0
1694510305252 8.093772515287908 1
1694510305391 1.8464104330646565 2
1694510305533 0.5908609477248078 3
1694510305671 0.26534710876786893 4
1694510305810 0.1247831783134946 5
1694510305946 0.16915565616220066 6
1694510306085 0.12070277775789143 7
1694510306226 0.14331124282115756 8
1694510306365 0.12275281087026176 9
1694510306501 0.09143129644124706 10
1694510306638 0.11128849818757786 11
1694510306775 0.1319498178398432 12
1694510306915 0.09833096883649863 13
1694510307068 0.09496685863847057 14
1694510307214 0.12470058985115977 15
1694510307361 0.11443217504411232 16
1694510307504 0.14898457290935932 17
1694510307648 0.07008012518587353 18
1694510307792 0.12844958290043773 19
1694510307942 0.062239884189270255 20
1694510308079 0.06583201005911384 21
1694510308216 0.11757748875568241 22
1694510308362 0.09180780292947013 23
1694510308505 0.11583916207275523 24
1694510308645 0.08725614046283446 25
1694510308785 0.09485824811773282 26
1694510308925 0.1117170087104192 27
1694510309062 0.068676246947506 28
1694510309214 0.14619957876461423 29
1694510309368 0.1019729396052098 30
1694510309510 0.10017843900193242 31
1694510309651 0.11669184568314986 32
1694510309791 0.12137527349504805 33
1694510309932 0.09480653128301085 34
1694510310070 0.13059272270678338 35
1694510310208 0.15688955715482114 36
1694510310351 0.1408791038332762 37
