1694251998499 28059.490291262136 0
1694251998683 22506.30692981727 1
1694251998845 18446.634083131135 2
1694251999011 15335.150178250087 3
1694251999200 12896.266783942161 4
1694251999417 10963.575187561059 5
1694251999602 9422.850972806458 6
1694251999792 8189.974134986621 7
1694251999949 7200.581547398669 8
1694252000121 6404.533231902648 9
1694252000317 5762.466543690362 10
1694252000481 5243.22512735732 11
1694252000664 4822.19122022764 12
1694252000816 4479.83907281896 13
1694252000978 4200.654678947512 14
1694252001183 3972.2914072984568 15
1694252001330 3784.9074032154663 16
1694252001506 3630.644410579593 17
1694252001678 3503.2171583934264 18
1694252001838 3397.5894252671746 19
1694252002024 3309.7181764890424 20
1694252002194 3236.3512341992737 21
1694252002333 3174.8670953910255 22
1694252002503 3123.147969406191 23
1694252002663 3079.4790250283145 24
1694252002813 3042.4683376904663 25
1694252002989 3010.9832022976393 26
1694252003169 2984.0993983037492 27
1694252003344 2961.0607165418446 28
1694252003517 2941.246625097913 29
1694252003664 2924.1463979125924 30
1694252003845 2909.3383810581468 31
1694252004005 2896.4733482850297 32
1694252004166 2885.261115502912 33
1694252004350 2875.4597559076014 34
1694252004505 2866.866893319942 35
1694252004678 2859.3126586739972 36
1694252004849 2852.6539795277154 37
1694252005009 2846.769939719348 38
1694252005184 2841.557999589858 39
1694252005335 2836.9309094711657 40
1694252005497 2832.814182713201 41
1694252005672 2829.1440212097946 42
1694252005868 2825.865607619444 43
1694252006073 2822.9316953941625 44
1694252006260 2820.3014412220373 45
1694252006430 2817.939435262987 46
1694252006649 2815.814893171363 47
1694252006791 2813.9009807954803 48
1694252006943 2812.1742479731915 49
1694252007102 2810.6141522818434 50
1694252007262 2809.2026571707092 51
1694252007435 2807.923891779232 52
1694252007608 2806.7638620642056 53
1694252007777 2805.7102047340486 54
1694252007966 2804.7519770067256 55
1694252008124 2803.879476439851 56
