1694490008468 -241.61626056263293 0
1694490008592 -241.13616157080375 1
1694490008720 -240.65710839519755 2
1694490008838 -240.1790987211199 3
1694490008986 -239.70213018084175 4
1694490009140 -239.2262004121313 5
1694490009275 -238.75130705824088 6
1694490009397 -238.27744776789334 7
1694490009534 -237.80462019526982 8
1694490009653 -237.3328219999965 9
1694490009774 -236.86205084713225 10
1694490009899 -236.39230440715528 11
1694490010025 -235.92358035595083 12
1694490010149 -235.4558763747984 13
1694490010263 -234.98919015035898 14
1694490010366 -234.52351937466238 15
1694490010490 -234.05886174509476 16
1694490010626 -233.5952149643859 17
1694490010739 -233.13257674059665 18
1694490010864 -232.67094478710655 19
1694490011012 -232.2103168226012 20
1694490011135 -231.75069057105972 21
1694490011320 -231.29206376174255 22
1694490011447 -230.83443412917885 23
1694490011572 -230.37779941315412 24
1694490011694 -229.9221573586979 25
1694490011811 -229.46750571607154 26
1694490011937 -229.0138422407557 27
1694490012066 -228.56116469343834 28
1694490012185 -228.1094708400022 29
1694490012316 -227.65875845151277 30
1694490012455 -227.20902530420616 31
1694490012569 -226.7602691794768 32
1694490012703 -226.31248786386539 33
1694490012827 -225.86567914904688 34
1694490012952 -225.41984083181825 35
1694490013073 -224.97497071408668 36
1694490013207 -224.5310666028573 37
1694490013344 -224.0881263102214 38
1694490013513 -223.64614765334457 39
1694490013646 -223.2051284544544 40
1694490013772 -222.7650665408289 41
1694490013904 -222.3259597447847 42
1694490014026 -221.88780590366488 43
1694490014152 -221.45060285982746 44
1694490014278 -221.01434846063358 45
1694490014409 -220.5790405584355 46
1694490014531 -220.14467701056526 47
1694490014658 -219.71125567932268 48
1694490014780 -219.27877443196377 49
