1694510534902 -237.76048478261794 0
1694510535070 -233.00760735806014 1
1694510535224 -228.34941562514965 2
1694510535409 -223.784022650428 3
1694510535560 -219.3095791246448 4
1694510535727 -214.92427261195604 5
1694510535892 -210.6263268141207 6
1694510536078 -206.41400084939787 7
1694510536279 -202.2855885458478 8
1694510536456 -198.2394177487503 9
1694510536645 -194.2738496418574 10
1694510536818 -190.38727808220375 11
1694510536985 -186.57812894820333 12
1694510537143 -182.84485950076697 13
1694510537311 -179.1859577571802 14
1694510537486 -175.59994187748575 15
1694510537636 -172.08535956312113 16
1694510537788 -168.6407874675663 17
1694510537936 -165.2648306187603 18
1694510538102 -161.95612185305288 19
1694510538259 -158.71332126045888 20
1694510538432 -155.53511564099085 21
1694510538622 -152.42021797184725 22
1694510538787 -149.36736688523976 23
1694510538964 -146.37532615664705 24
1694510539127 -143.4428842032857 25
1694510539282 -140.56885359259533 26
1694510539476 -137.75207056053657 27
1694510539659 -134.9913945395062 28
1694510539811 -132.28570769567727 29
1694510539968 -129.63391447557564 30
1694510540123 -127.03494116170828 31
1694510540288 -124.48773543706236 32
1694510540454 -121.99126595829826 33
1694510540632 -119.54452193746191 34
1694510540790 -117.14651273204711 35
1694510540952 -114.79626744324028 36
1694510541112 -112.49283452218421 37
1694510541273 -110.23528138410101 38
1694510541469 -108.02269403011655 39
1694510541644 -105.85417667663313 40
1694510541802 -103.72885139209887 41
1694510541961 -101.64585774102665 42
1694510542150 -99.60435243511745 43
1694510542323 -97.60350899134592 44
1694510542484 -95.64251739686972 45
1694510542647 -93.72058378062557 46
1694510542821 -91.83693009147882 47
1694510543008 -89.99079378279568 48
1694510543183 -88.1814275033095 49
