1694489932839 -232.70146055874812 0
1694489932987 -232.23389929240093 1
1694489933117 -231.76736761699624 2
1694489933272 -231.3018631712692 3
1694489933398 -230.83738359949453 4
1694489933524 -230.3739265514733 5
1694489933646 -229.9114896825198 6
1694489933768 -229.45007065344853 7
1694489933912 -228.9896671305612 8
1694489934052 -228.53027678563356 9
1694489934202 -228.07189729590235 10
1694489934325 -227.6145263440526 11
1694489934455 -227.15816161820442 12
1694489934608 -226.70280081190018 13
1694489934745 -226.24844162409175 14
1694489934863 -225.79508175912747 15
1694489934984 -225.34271892673956 16
1694489935115 -224.89135084203113 17
1694489935249 -224.44097522546346 18
1694489935365 -223.9915898028433 19
1694489935487 -223.54319230531038 20
1694489935622 -223.0957804693244 21
1694489935763 -222.6493520366527 22
1694489935899 -222.20390475435738 23
1694489936013 -221.75943637478298 24
1694489936138 -221.31594465554397 25
1694489936268 -220.87342735951174 26
1694489936400 -220.43188225480287 27
1694489936513 -219.9913071147661 28
1694489936647 -219.5516997179701 29
1694489936798 -219.11305784819135 30
1694489936927 -218.67537929440104 31
1694489937058 -218.23866185075372 32
1694489937196 -217.8029033165741 33
1694489937320 -217.36810149634528 34
1694489937459 -216.93425419969665 35
1694489937580 -216.50135924139107 36
1694489937709 -216.06941444131317 37
1694489937833 -215.63841762445713 38
1694489937958 -215.20836662091435 39
1694489938093 -214.77925926586164 40
1694489938224 -214.3510933995488 41
1694489938358 -213.92386686728693 42
1694489938491 -213.49757751943625 43
1694489938619 -213.072223211394 44
1694489938748 -212.64780180358278 45
1694489938878 -212.22431116143838 46
1694489939007 -211.80174915539794 47
1694489939151 -211.38011366088813 48
1694489939297 -210.95940255831334 49
