1694489932747 169.7875798378823 0
1694489932878 169.44783940074936 1
1694489933027 169.1088472678816 2
1694489933159 168.7706017226569 3
1694489933309 168.43310105248125 4
1694489933431 168.0963435487795 5
1694489933558 167.76032750698576 6
1694489933686 167.42505122653387 7
1694489933808 167.09051301084781 8
1694489933944 166.75671116733233 9
1694489934096 166.4236440073635 10
1694489934236 166.09130984627907 11
1694489934363 165.7597070033695 12
1694489934501 165.42883380186808 13
1694489934645 165.09868856894184 14
1694489934784 164.76926963568212 15
1694489934898 164.44057533709542 16
1694489935023 164.11260401209384 17
1694489935151 163.78535400348588 18
1694489935279 163.45882365796737 19
1694489935401 163.133011326112 20
1694489935522 162.80791536236222 21
1694489935656 162.4835341250201 22
1694489935803 162.1598659762381 23
1694489935934 161.83690928200986 24
1694489936051 161.51466241216124 25
1694489936171 161.19312374034106 26
1694489936301 160.87229164401217 27
1694489936435 160.55216450444226 28
1694489936555 160.23274070669493 29
1694489936692 159.91401863962056 30
1694489936835 159.59599669584748 31
1694489936965 159.27867327177285 32
1694489937091 158.96204676755377 33
1694489937235 158.64611558709834 34
1694489937359 158.33087813805687 35
1694489937499 158.01633283181278 36
1694489937618 157.7024780834738 37
1694489937750 157.38931231186336 38
1694489937874 157.0768339395115 39
1694489937998 156.76504139264603 40
1694489938132 156.45393310118405 41
1694489938266 156.14350749872295 42
1694489938400 155.8337630225318 43
1694489938530 155.5246981135424 44
1694489938662 155.21631121634096 45
1694489938789 154.90860077915912 46
1694489938920 154.6015652538654 47
1694489939051 154.2952030959566 48
1694489939195 153.98951276454918 49
