1694489627019 -200.60896310421322 0
1694489627121 -173.36088800454627 1
1694489627223 -150.1714582081238 2
1694489627313 -130.41120639515606 3
1694489627398 -113.5516148173976 4
1694489627494 -99.14630962708401 5
1694489627579 -86.81935531524773 6
1694489627669 -76.25520870428961 7
1694489627771 -67.18630160120236 8
1694489627865 -59.3883998008664 9
1694489627960 -52.67140622151052 10
1694489628056 -46.875914789574466 11
1694489628155 -41.8658428280241 12
1694489628250 -37.52676027726656 13
1694489628353 -33.76130953386374 14
1694489628457 -30.487750873759616 15
1694489628557 -27.635820629037614 16
1694489628651 -25.146681935864834 17
1694489628739 -22.96973468465563 18
1694489628833 -21.06186715860597 19
1694489628925 -19.386659371344564 20
1694489629020 -17.91229964136485 21
1694489629116 -16.613013298024992 22
1694489629216 -15.465472796188386 23
1694489629318 -14.449778360240316 24
1694489629428 -13.549465571890694 25
1694489629522 -12.74999330548276 26
1694489629610 -12.038553794750573 27
1694489629700 -11.404694202532221 28
1694489629801 -10.8387352492989 29
1694489629901 -10.332797690690626 30
1694489629997 -9.879931298628135 31
1694489630088 -9.473956930653566 32
1694489630193 -9.109257010249332 33
1694489630295 -8.781536145785566 34
1694489630396 -8.48674717369013 35
1694489630498 -8.22122401988063 36
1694489630600 -7.981436205566387 37
1694489630699 -7.764963117021432 38
1694489630802 -7.569273216413869 39
1694489630902 -7.392217168536499 40
1694489630995 -7.231840545453972 41
1694489631100 -7.086696575278296 42
1694489631200 -6.955150258676687 43
1694489631303 -6.835722501039086 44
1694489631399 -6.727264959447063 45
1694489631502 -6.628564573828445 46
1694489631611 -6.538859866151084 47
1694489631708 -6.457369048717559 48
1694489631800 -6.383248236807275 49
