1694509480617 -242.5575939449113 0
1694509480770 -239.3240043489995 1
1694509480909 -236.13294408970526 2
1694509481049 -232.98506655537213 3
1694509481192 -229.87883686538515 4
1694509481351 -226.81443463449813 5
1694509481517 -223.79115712556998 6
1694509481671 -220.80792181552457 7
1694509481814 -217.86427277688352 8
1694509481963 -214.96013948795095 9
1694509482109 -212.09460864874586 10
1694509482255 -209.26753612995 11
1694509482403 -206.4781499131748 12
1694509482560 -203.7257595596056 13
1694509482725 -201.009981325055 14
1694509482876 -198.33095616801532 15
1694509483023 -195.68767331133478 16
1694509483171 -193.07946223877522 17
1694509483319 -190.50567401183272 18
1694509483460 -187.96647806375825 19
1694509483607 -185.4612792362824 20
1694509483758 -182.98971124992678 21
1694509483906 -180.5507076415869 22
1694509484051 -178.14452010370078 23
1694509484195 -175.77017688709893 24
1694509484343 -173.4274521227111 25
1694509484476 -171.1163847751075 26
1694509484597 -168.83585031668665 27
1694509484725 -166.58593080924894 28
1694509484858 -164.3658542045706 29
1694509484977 -162.1753812482111 30
1694509485104 -160.01431890153697 31
1694509485225 -157.88174046427375 32
1694509485353 -155.77781087048612 33
1694509485487 -153.70195285760323 34
1694509485623 -151.65361086647147 35
1694509485756 -149.632746715293 36
1694509485887 -147.63877103213676 37
1694509486010 -145.67134010106605 38
1694509486127 -143.7303087181011 39
1694509486246 -141.815295998615 40
1694509486368 -139.92578018926167 41
1694509486494 -138.06144018946776 42
1694509486618 -136.2218705984025 43
1694509486749 -134.40680459428026 44
1694509486900 -132.61585057051275 45
1694509487045 -130.84885448051 46
1694509487182 -129.1053769220209 47
1694509487319 -127.38505254497426 48
1694509487462 -125.68785961821287 49
