1694509480501 166.85068828666007 0
1694509480673 161.918175705077 1
1694509480818 169.57793831963951 2
1694509480954 161.2079112358949 3
1694509481097 163.0126189193401 4
1694509481245 157.0586535890473 5
1694509481404 147.4864242681634 6
1694509481568 147.3335760783873 7
1694509481720 149.49259385108275 8
1694509481865 146.75593821662082 9
1694509482013 148.19771212848528 10
1694509482158 143.21890575836628 11
1694509482309 140.51337440026256 12
1694509482453 142.3448312450721 13
1694509482619 143.1434343392923 14
1694509482778 134.8492015639335 15
1694509482925 129.04647582236595 16
1694509483075 129.31541020386967 17
1694509483222 135.5737316286067 18
1694509483367 133.29299085015057 19
1694509483511 128.9020159984333 20
1694509483656 120.65656205476458 21
1694509483808 125.6989290750768 22
1694509483955 120.6051357266024 23
1694509484099 122.71958174174843 24
1694509484249 123.28731386143353 25
1694509484390 116.30511457509495 26
1694509484517 115.27430854653187 27
1694509484639 112.0112331568198 28
1694509484772 112.27235013566099 29
1694509484898 111.60516035465274 30
1694509485016 107.92204226069457 31
1694509485146 109.31162583886038 32
1694509485269 106.72289533607571 33
1694509485398 104.44072346977073 34
1694509485534 105.7135396435922 35
1694509485670 102.8541790845303 36
1694509485808 102.05603687983854 37
1694509485930 99.4436640517715 38
1694509486051 97.77268024489825 39
1694509486168 95.51214857147342 40
1694509486289 95.24303155101364 41
1694509486410 95.90592093773941 42
1694509486535 93.09324966957482 43
1694509486661 93.71118628424408 44
1694509486794 95.1004244657646 45
1694509486950 92.2339827052554 46
1694509487094 91.87086411856122 47
1694509487229 89.75791736105147 48
1694509487369 88.77842724732082 49
