1694506742414 -1.0476074496299397 0
1694506742747 -1.317327014479257 1
1694506743043 -0.9603771225215845 2
1694506743338 -1.058349574647984 3
1694506743644 -1.1876225867268682 4
1694506743977 -1.1090042966570741 5
1694506744296 -1.3561569984506896 6
1694506744659 -0.9846611497815125 7
1694506744972 -1.0532049341466774 8
1694506745296 -1.0716322345442886 9
1694506745658 -1.2259892049819228 10
1694506745971 -1.5467881720721026 11
1694506746298 -0.9791568026671962 12
1694506746649 -1.0041546202122684 13
1694506746980 -1.099870040058065 14
1694506747343 -0.9380474023022698 15
1694506747706 -1.31051283023154 16
1694506748080 -0.9811672735892283 17
1694506748356 -1.0568555502606296 18
1694506748683 -1.090167775183117 19
1694506749049 -1.2202121742266385 20
1694506749355 -1.0527955672925136 21
1694506749706 -1.0386286146587231 22
1694506750041 -1.3078714979725192 23
1694506750326 -0.8889284403140738 24
1694506750614 -1.0597077312642669 25
1694506750951 -1.1987943645649262 26
1694506751276 -1.165775488359409 27
1694506751632 -1.3392906712770811 28
1694506751987 -1.3129299787645965 29
1694506752289 -0.9431605770109706 30
1694506752646 -1.0943230567629505 31
1694506752965 -1.1117816248011474 32
1694506753288 -1.1777309341570898 33
1694506753630 -1.1590802961772555 34
1694506754005 -0.9835879240025982 35
1694506754366 -0.7444114504259172 36
1694506754724 -1.0106147619967385 37
1694506755098 -1.1138488971464273 38
1694506755400 -1.2224224649439082 39
1694506755716 -1.0458250816114254 40
1694506755996 -1.2194427385195006 41
1694506756265 -0.9076860071617863 42
1694506756597 -1.1824383376483065 43
1694506756890 -1.210474228763358 44
1694506757190 -1.2050884843993983 45
1694506757506 -1.1355265104942793 46
1694506757837 -0.793700989087692 47
1694506758195 -1.0939692589705756 48
1694506758557 -0.9547068456285683 49
