1694506742233 2.401611296045748 0
1694506742546 1.5986613439014474 1
1694506742877 1.2891135800250606 2
1694506743156 0.4942139854838154 3
1694506743451 1.3123350117320205 4
1694506743775 0.5594816046298557 5
1694506744117 1.944046982686436 6
1694506744429 1.093234338842551 7
1694506744793 1.0309239790687927 8
1694506745099 0.8696528175768985 9
1694506745428 1.2993723428322868 10
1694506745797 0.727130170834671 11
1694506746088 0.49748241895031065 12
1694506746439 2.895051151852922 13
1694506746775 1.3896536150933023 14
1694506747120 1.3556229664251094 15
1694506747502 0.12100718570882336 16
1694506747843 1.9349266064688042 17
1694506748198 0.5055160903863901 18
1694506748467 0.009108692830934325 19
1694506748836 1.000529268410095 20
1694506749177 1.4887884611322866 21
1694506749485 1.0954989138889157 22
1694506749843 0.22413855741898142 23
1694506750173 2.7575316957809815 24
1694506750441 1.00843390720649 25
1694506750750 3.2876257596639675 26
1694506751062 0.06565113197855836 27
1694506751424 0.18695352294991655 28
1694506751767 1.3645666979084015 29
1694506752118 2.8011972371658973 30
1694506752417 0.5700582617222293 31
1694506752772 4.030853010176786 32
1694506753098 1.4892994616596447 33
1694506753423 1.9893204579696018 34
1694506753768 0.9433295243246287 35
1694506754156 1.2603893453762023 36
1694506754504 1.0979347756142293 37
1694506754873 1.071954935373271 38
1694506755219 0.7162161629171312 39
1694506755525 3.4701186510001594 40
1694506755840 1.129084163644036 41
1694506756117 0.49315998611256456 42
1694506756381 1.683888756534516 43
1694506756722 0.5349450021220878 44
1694506757008 1.7902873534919566 45
1694506757315 0.7492598783830214 46
1694506757631 1.5971376808609135 47
1694506757973 0.6804483576322358 48
1694506758342 1.4934366993767163 49
