1694425942414 2.052653630603282 0
1694425942584 5.080220152232687 1
1694425942736 6.204073911458194 2
1694425942900 6.719911188938869 3
1694425943072 2.8738889191974226 4
1694425943243 2.9160981977994505 5
1694425943429 4.770246033659704 6
1694425943608 6.105238851961338 7
1694425943777 6.036549297503006 8
1694425943939 3.065367160607312 9
1694425944105 4.417859294224628 10
1694425944282 4.726131232649062 11
1694425944471 5.016928639446728 12
1694425944660 3.2485164913778455 13
1694425944833 2.694021085596757 14
1694425944993 6.230950858831392 15
1694425945155 4.431627073234857 16
1694425945327 3.6610767010182927 17
1694425945500 2.3632500228025313 18
1694425945692 7.802617000290054 19
1694425945875 5.455788332444003 20
1694425946033 6.982789912227459 21
1694425946197 2.4273458239169265 22
1694425946360 2.916907761013036 23
1694425946532 5.227266171352792 24
1694425946715 5.637972355377379 25
1694425946903 2.644325549753602 26
1694425947079 4.429997668030922 27
1694425947231 5.214728839990785 28
1694425947397 6.112223585028444 29
1694425947558 3.794789109555659 30
1694425947756 3.9562805505669147 31
1694425947911 2.1786493829004083 32
1694425948060 4.318857691691088 33
1694425948214 5.31956334907613 34
1694425948358 4.74324230954489 35
1694425948547 3.019603799953495 36
1694425948740 5.382390587039549 37
1694425948946 3.9067609243888746 38
1694425949125 6.914158850734562 39
1694425949291 5.592015302483102 40
1694425949458 5.914478055318515 41
1694425949631 4.306191639471239 42
1694425949800 4.189836329734661 43
1694425949955 6.4664569616178555 44
1694425950110 5.3723681252494 45
1694425950258 3.80074999004076 46
1694425950421 5.621827233007776 47
1694425950585 6.540542043607096 48
1694425950748 5.63047963006902 49
