1694491157973 -54.04204652817432 0
1694491158062 -11.39539119667098 1
1694491158162 -1.9198969552287872 2
1694491158278 0.19609310034959582 3
1694491158372 0.672471598991881 4
1694491158470 0.7807034722281019 5
1694491158562 0.806295133372489 6
1694491158664 0.8121008306921601 7
1694491158776 0.8139697501945167 8
1694491158881 0.8144523624040051 9
1694491158985 0.814503992091594 10
1694491159093 0.8144846754016887 11
1694491159190 0.8144537815960856 12
1694491159285 0.8145750129155656 13
1694491159372 0.8146137096534279 14
1694491159462 0.814539569730074 15
1694491159564 0.814559156881899 16
1694491159657 0.8146899614211267 17
1694491159748 0.8145320156668348 18
1694491159845 0.8144073927505235 19
1694491159934 0.8145303961920727 20
1694491160042 0.8145825925156035 21
1694491160146 0.8146105411993811 22
1694491160243 0.8146710869915097 23
1694491160345 0.8145636040307495 24
1694491160446 0.8146890722099207 25
1694491160554 0.8147154141693298 26
1694491160654 0.8146922868451081 27
1694491160742 0.8146123179116066 28
1694491160828 0.8145354508166418 29
1694491160920 0.8145505507764119 30
1694491161017 0.8145194596840235 31
1694491161105 0.8145170420117002 32
1694491161197 0.8144933595990036 33
1694491161302 0.8144277032780124 34
1694491161406 0.8144817334934735 35
1694491161498 0.814588001126342 36
1694491161586 0.8146292887865141 37
1694491161685 0.8144806024758053 38
1694491161791 0.81464750699031 39
1694491161885 0.81446835048307 40
1694491161971 0.8145691661451566 41
1694491162071 0.8146073115649455 42
1694491162160 0.8143631982365551 43
1694491162261 0.814249209036993 44
1694491162360 0.8144450394335911 45
1694491162461 0.814477374158911 46
1694491162552 0.81447160113011 47
1694491162649 0.81457090351961 48
1694491162746 0.8145727223876926 49
