1694491157913 37.497500926771025 0
1694491158003 8.189663137712815 1
1694491158093 2.038158077124002 2
1694491158202 0.4938912640861842 3
1694491158306 0.20657332882068433 4
1694491158406 0.16143125903440908 5
1694491158501 0.07657692355057831 6
1694491158597 0.11273315522879684 7
1694491158701 0.11092106783716757 8
1694491158814 0.06208278534213794 9
1694491158916 0.10126552770399355 10
1694491159021 0.10516749243873817 11
1694491159124 0.10930301826526011 12
1694491159224 0.07559843382931977 13
1694491159315 0.09255764396946325 14
1694491159401 0.1286895018368394 15
1694491159497 0.10092095797175388 16
1694491159598 0.11416131523354606 17
1694491159692 0.10853393238212393 18
1694491159777 0.10935615111840367 19
1694491159878 0.11328891690752023 20
1694491159973 0.14258586110889437 21
1694491160077 0.09894564433582081 22
1694491160183 0.11461967255332761 23
1694491160278 0.12261078258800387 24
1694491160380 0.11838593566059945 25
1694491160482 0.09680368769988813 26
1694491160589 0.10809079458425976 27
1694491160685 0.10987764099743734 28
1694491160772 0.14149382112634987 29
1694491160862 0.07066543654281474 30
1694491160950 0.0946016386520866 31
1694491161048 0.130955847587837 32
1694491161134 0.11572477057117946 33
1694491161235 0.14783309083021787 34
1694491161339 0.13854631371010284 35
1694491161440 0.11928019155065461 36
1694491161528 0.11718063072498862 37
1694491161618 0.10976447599320506 38
1694491161722 0.10627006005027759 39
1694491161825 0.07666591109435715 40
1694491161915 0.08829871738071374 41
1694491162009 0.0697945591108576 42
1694491162102 0.10354013530876971 43
1694491162189 0.14270085645896935 44
1694491162293 0.10556607143134382 45
1694491162395 0.09968905407619996 46
1694491162494 0.13767721525167884 47
1694491162581 0.1473950392750055 48
1694491162684 0.12497400361422828 49
