1694489657118 44.85568075380057 0
1694489657213 15.176317052961545 1
1694489657298 8.708356098350187 2
1694489657400 6.364156463353172 3
1694489657508 5.333817083645426 4
1694489657624 4.7715232576603945 5
1694489657729 4.853347989526887 6
1694489657816 4.676245399247198 7
1694489657914 4.788814846269893 8
1694489658003 4.901564398072651 9
1694489658106 5.072853953857209 10
1694489658210 4.647814525238059 11
1694489658312 4.930122163014533 12
1694489658413 5.23640150191302 13
1694489658507 4.494328965610231 14
1694489658607 4.479955277265148 15
1694489658697 4.91533155492689 16
1694489658800 4.697360359754396 17
1694489658890 4.717043354431357 18
1694489658988 4.6537442903013755 19
1694489659077 5.046790070747306 20
1694489659173 5.209534639453965 21
1694489659276 4.842418039328344 22
1694489659375 5.1616236245525275 23
1694489659464 4.980124623801899 24
1694489659562 4.959287490092366 25
1694489659668 4.652123176569154 26
1694489659773 4.736885859698311 27
1694489659864 4.743301108174997 28
1694489659957 4.897639016282291 29
1694489660054 5.287817984008979 30
1694489660146 4.8674270680453295 31
1694489660249 5.432557698648663 32
1694489660340 4.852461356150934 33
1694489660439 4.880515436653617 34
1694489660537 4.776491792377521 35
1694489660628 4.896514387657684 36
1694489660723 4.95734569243462 37
1694489660826 4.6087233036485955 38
1694489660930 4.441037930878892 39
1694489661032 4.4405081198119385 40
1694489661133 4.271446270569927 41
1694489661230 4.7285325199122825 42
1694489661335 5.076318630969491 43
1694489661425 4.856821233259138 44
1694489661513 4.822699931621877 45
1694489661607 4.920752150196799 46
1694489661709 4.588815991165363 47
1694489661807 4.5848107910003195 48
1694489661899 4.897660793118631 49
