1694491275704 -211.8362876449252 0
1694491275803 -182.49888072090147 1
1694491275903 -157.2111034784743 2
1694491276002 -135.41473116015584 3
1694491276103 -116.62582218005306 4
1694491276205 -100.43005952998935 5
1694491276306 -86.46901409625141 6
1694491276421 -74.43456824113882 7
1694491276539 -64.06082778885066 8
1694491276639 -55.11787372028782 9
1694491276734 -47.40895328891549 10
1694491276844 -40.763641305922924 11
1694491276946 -35.034722543499385 12
1694491277040 -30.096374780237905 13
1694491277146 -25.839181016359966 14
1694491277253 -22.168889960030274 15
1694491277350 -19.004769382666755 16
1694491277455 -16.276631531991203 17
1694491277570 -13.924496904573768 18
1694491277678 -11.896848301068417 19
1694491277783 -10.148407993951096 20
1694491277883 -8.641061499881715 21
1694491277988 -7.341327092443949 22
1694491278092 -6.220726097425066 23
1694491278203 -5.254338972436584 24
1694491278314 -4.421110425453037 25
1694491278421 -3.7027386524691126 26
1694491278524 -3.083111721394401 27
1694491278623 -2.5487145535384026 28
1694491278712 -2.0878115985285386 29
1694491278809 -1.6902651501798083 30
1694491278912 -1.3473574018302106 31
1694491279002 -1.0516259425454266 32
1694491279102 -0.7964669350488838 33
1694491279206 -0.5763566046420745 34
1694491279313 -0.38650275159210046 35
1694491279420 -0.22271407360242113 36
1694491279521 -0.08135786024189784 37
1694491279616 0.04061630987762388 38
1694491279714 0.14587157909913462 39
1694491279819 0.2367602938218677 40
1694491279914 0.315157467641505 41
1694491280009 0.3828550230701172 42
1694491280119 0.4413322933644237 43
1694491280226 0.49177366984740123 44
1694491280328 0.5353500917310556 45
1694491280440 0.5729864046508899 46
1694491280538 0.6054734148187758 47
1694491280628 0.6335480984617046 48
1694491280718 0.6578391522610565 49
