1694491275633 146.63382166916773 0
1694491275739 128.26931401191842 1
1694491275839 109.97518352188716 2
1694491275933 91.14248979053896 3
1694491276040 81.02744761317784 4
1694491276145 69.9655105336131 5
1694491276241 60.96329674676707 6
1694491276339 52.30581253749637 7
1694491276461 44.460836168460624 8
1694491276570 39.388804946921674 9
1694491276667 33.19964133634322 10
1694491276769 29.645857038074343 11
1694491276881 25.09162099919134 12
1694491276977 21.208002645717436 13
1694491277075 17.779434825451478 14
1694491277182 16.171016036199873 15
1694491277287 13.552556251230882 16
1694491277385 12.444511301318459 17
1694491277491 10.404572929753309 18
1694491277609 8.539964428833331 19
1694491277712 7.828000620463785 20
1694491277821 6.239993367074797 21
1694491277919 5.870953290840406 22
1694491278023 4.946481877729932 23
1694491278130 4.452957753312301 24
1694491278243 3.6438647456837985 25
1694491278352 2.7285772323396604 26
1694491278458 2.805082202589369 27
1694491278555 2.3079550116516034 28
1694491278653 2.1965615032862633 29
1694491278743 1.876055500402499 30
1694491278849 1.5391876437869023 31
1694491278943 1.2623655504350308 32
1694491279034 1.479527684346602 33
1694491279137 0.9776277860347701 34
1694491279242 0.8061618571871654 35
1694491279350 0.7879527289144717 36
1694491279456 0.7669856397638455 37
1694491279553 0.6499942842670962 38
1694491279647 0.6210227581348933 39
1694491279750 0.648923585124756 40
1694491279853 0.3913878151133143 41
1694491279943 0.4663145812337665 42
1694491280045 0.4606831981551835 43
1694491280154 0.350702672233342 44
1694491280258 0.2746874369030771 45
1694491280366 0.22052343579531317 46
1694491280473 0.18367647401162684 47
1694491280569 0.18327672220844846 48
1694491280659 0.20112392510722663 49
