1694491424624 169.34901212942756 0
1694491424754 169.0104005485274 1
1694491424913 168.67584782349985 2
1694491425047 168.34195804731388 3
1694491425203 168.0087299394293 4
1694491425336 167.67616218792176 5
1694491425470 167.3442534834703 6
1694491425601 167.01300251935191 7
1694491425725 166.68240799143632 8
1694491425858 166.3524685981807 9
1694491425987 166.02318304062496 10
1694491426162 165.69455002238615 11
1694491426288 165.3665682496536 12
1694491426429 165.03923643118372 13
1694491426552 164.712553278295 14
1694491426687 164.38651750486267 15
1694491426814 164.06112782731398 16
1694491426934 163.73638296462295 17
1694491427099 163.41228163830513 18
1694491427241 163.08882257241297 19
1694491427362 162.76600449353043 20
1694491427499 162.44382613076797 21
1694491427637 162.12228621575787 22
1694491427784 161.80138348264884 23
1694491427965 161.48111666810115 24
1694491428096 161.16148451128174 25
1694491428221 160.8424857538591 26
1694491428345 160.52411913999833 27
1694491428482 160.20638341635637 28
1694491428626 159.88927733207674 29
1694491428765 159.57279963878474 30
1694491428895 159.25694909058276 31
1694491429011 158.9417244440449 32
1694491429141 158.62712445821236 33
1694491429322 158.31314789458864 34
1694491429445 157.9997935171342 35
1694491429585 157.6870600922622 36
1694491429743 157.37494638883302 37
1694491429885 157.06345117814993 38
1694491430022 156.7525732339537 39
1694491430157 156.44231133241837 40
1694491430305 156.13266425214582 41
1694491430442 155.82363077416147 42
1694491430579 155.51520968190894 43
1694491430707 155.20739976124582 44
1694491430832 154.90019980043846 45
1694491430956 154.59360859015723 46
1694491431118 154.28762492347198 47
1694491431276 153.98224759584699 48
1694491431406 153.67747540513648 49
