1694507732459 -119.67602857904652 0
1694507732855 -62.45948236559724 1
1694507733206 -35.49950267425528 2
1694507733575 -22.192501349048865 3
1694507733939 -15.27929200830977 4
1694507734302 -11.515142132816946 5
1694507734699 -9.376532882692883 6
1694507735066 -8.120598865528118 7
1694507735419 -7.362909320652889 8
1694507735766 -6.898150842204662 9
1694507736110 -6.604826624878768 10
1694507736442 -6.419590030909563 11
1694507736859 -6.3055761004770545 12
1694507737250 -6.232478158266722 13
1694507737616 -6.1862468981553205 14
1694507737962 -6.159139192227325 15
1694507738307 -6.139791222695744 16
1694507738695 -6.130185620089402 17
1694507739066 -6.119299685727149 18
1694507739465 -6.112457904267493 19
1694507739815 -6.111308909084297 20
1694507740188 -6.106107594175464 21
1694507740532 -6.1075656223007835 22
1694507740855 -6.104768547310119 23
1694507741247 -6.107054138450985 24
1694507741606 -6.108223518629826 25
1694507741976 -6.103995010682679 26
1694507742333 -6.10474961199887 27
1694507742682 -6.103550264196853 28
1694507743035 -6.104006270252992 29
1694507743429 -6.104378720436185 30
1694507743835 -6.1049720525742694 31
1694507744194 -6.098913073919714 32
1694507744532 -6.098947314395179 33
