1694490161475 94.76472281473286 0
1694490161633 44.17832965911711 1
1694490161781 21.59709321443617 2
1694490161925 15.05475845212097 3
1694490162063 6.5370982257833425 4
1694490162212 3.1320382945334426 5
1694490162354 1.6663502692953083 6
1694490162489 0.6375994028937435 7
1694490162632 1.69013997136217 8
1694490162776 0.3089686591247955 9
1694490162921 0.41528177735678573 10
1694490163068 0.12440971457998616 11
1694490163202 0.3807735927459157 12
1694490163341 0.08474817931466945 13
1694490163477 0.061991051303813445 14
1694490163611 0.0024788642680644837 15
1694490163746 0.04060468950267887 16
1694490163886 0.6738395690400907 17
1694490164030 0.25149923748768155 18
1694490164175 0.2729000698071357 19
1694490164317 0.010151077037351576 20
1694490164456 0.0006090860372632794 21
1694490164588 0.046160727861884035 22
1694490164731 0.040157791503487535 23
1694490164884 0.04313187164201616 24
1694490165029 0.06687032065756575 25
1694490165160 0.0005571797942474843 26
1694490165306 0.009516021550386083 27
1694490165448 0.09834236274862541 28
1694490165579 0.03563992440647871 29
1694490165720 0.0866746962063607 30
1694490165865 0.05364856390211662 31
1694490166007 0.3680734225672455 32
1694490166138 0.1074906398642861 33
1694490166277 0.03240764528671833 34
1694490166423 0.15744827474339723 35
1694490166559 0.3938700671323063 36
1694490166703 0.7120717246469678 37
1694490166849 0.006347344185734069 38
1694490167000 0.033287033755290456 39
1694490167130 0.001231732991290135 40
1694490167257 0.001509059634623047 41
1694490167395 0.021284226178942794 42
1694490167545 0.15998777675247378 43
1694490167716 0.012198944815014559 44
