1694491573800 -246.078487558279 0
1694491573935 -246.03408344405102 1
1694491574093 -245.98968727084653 2
1694491574266 -245.94529908659726 3
1694491574387 -245.90091888986478 4
1694491574527 -245.85654667921128 5
1694491574672 -245.81218245319923 6
1694491574795 -245.76782621039138 7
1694491574934 -245.72347794935072 8
1694491575059 -245.67913766864052 9
1694491575192 -245.63480536682425 10
1694491575329 -245.59048104246585 11
1694491575456 -245.5461646941291 12
1694491575584 -245.50185632037852 13
1694491575723 -245.4575559197785 14
1694491575871 -245.41326349089394 15
1694491575992 -245.3689790322899 16
1694491576172 -245.32470254253167 17
1694491576323 -245.28043402018483 18
1694491576445 -245.23617346381525 19
1694491576579 -245.19192087198903 20
1694491576716 -245.1476762432725 21
1694491576866 -245.10343957623235 22
1694491576994 -245.0592108694354 23
1694491577121 -245.01499012144873 24
1694491577246 -244.97077733083984 25
1694491577375 -244.92657249617636 26
1694491577493 -244.88237561602614 27
1694491577619 -244.8381866889573 28
1694491577757 -244.79400571353844 29
1694491577886 -244.74983268833805 30
1694491577998 -244.70566761192518 31
1694491578111 -244.661510482869 32
1694491578249 -244.617361299739 33
1694491578405 -244.57322006110482 34
1694491578533 -244.52908676553645 35
1694491578673 -244.48496141160408 36
1694491578853 -244.44084399787832 37
1694491579050 -244.39673452292976 38
1694491579190 -244.3526329853295 39
1694491579309 -244.3085393836488 40
1694491579445 -244.26445371645912 41
1694491579571 -244.2203759823322 42
1694491579690 -244.17630617984008 43
1694491579832 -244.13224430755517 44
1694491579948 -244.0881903640498 45
1694491580080 -244.044144347897 46
1694491580213 -244.00010625766961 47
1694491580355 -243.95607609194113 48
1694491580506 -243.91205384928494 49
