1694349887088 169.34901212942756 0
1694349887302 137.16711176383774 1
1694349887516 111.65669355917429 2
1694349887738 91.38224590327701 3
1694349887934 75.22407662670183 4
1694349888146 62.30793542598357 5
1694349888382 51.95043578202881 6
1694349888618 43.616713554695316 7
1694349888791 36.88756526694053 8
1694349889008 31.433932232933042 9
1694349889247 26.997078643932756 10
1694349889430 23.373184559333268 11
1694349889594 20.401363218982365 12
1694349889802 17.954335327260292 13
1694349890045 15.93116574289571 14
1694349890240 14.251601767653394 15
1694349890416 12.851655795318901 16
1694349890621 11.680155289931212 17
1694349890878 10.696045190939245 18
1694349891046 9.86627597827711 19
1694349891238 9.164147932655371 20
1694349891440 8.568011040847242 21
1694349891654 8.060242414537075 22
1694349891863 7.626440478770613 23
1694349892087 7.254788675694057 24
1694349892304 6.935551898597204 25
1694349892496 6.660676999718821 26
1694349892705 6.423475028984669 27
1694349892920 6.218367767352939 28
1694349893143 6.040684933432176 29
1694349893324 5.886501410114667 30
1694349893525 5.752506148691709 31
1694349893727 5.635896208218504 32
1694349893921 5.534290791693177 33
1694349894115 5.445661236252108 34
1694349894302 5.368273770594729 35
1694349894486 5.300642522413534 36
1694349894689 5.241490783000452 37
1694349894912 5.189718947484287 38
1694349895127 5.144377872229194 39
1694349895316 5.104646645148046 40
1694349895535 5.069813965109626 41
1694349895728 5.039262484958356 42
1694349895919 5.0124555980403755 43
1694349896150 4.988926247647726 44
1694349896364 4.968267417995922 45
1694349896571 4.950124028566467 46
1694349896747 4.93418600425639 47
1694349896994 4.920182334426832 48
1694349897240 4.907875966704542 49
1694349897468 4.897059407889769 50
1694349897663 4.887550925838448 51
1694349897850 4.879191263721568 52
1694349898081 4.87184079241292 53
1694349898283 4.865377038544552 54
1694349898496 4.859692535493848 55
1694349898703 4.854692952620691 56
1694349898912 4.850295464772173 57
1694349899094 4.846427329665746 58
1694349899292 4.843024645450326 59
1694349899515 4.840031264690207 60
1694349899756 4.8373978443482475 61
1694349899955 4.835081014168312 62
1694349900148 4.8330426482575595 63
1694349900358 4.831249226716559 64
1694349900581 4.829671275916684 65
1694349900778 4.828282877526323 66
1694349900971 4.827061237679255 67
1694349901176 4.825986308791615 68
1694349901374 4.825040457495591 69
1694349901571 4.824208172989968 70
1694349901785 4.82347581082913 71
1694349902024 4.822831367798339 72
1694349902223 4.822264284067937 73
1694349902429 4.821765269293382 74
1694349902619 4.821326149741324 75
1694349902831 4.820939733882862 76
1694349903048 4.8205996942102365 77
1694349903251 4.8203004633086195 78
1694349903467 4.820037142455901 79
1694349903704 4.819805421234115 80
1694349903936 4.819601506821302 81
1694349904137 4.819422061794335 82
1694349904324 4.819264149415553 83
1694349904562 4.819125185500436 84
1694349904760 4.819002896073093 85
1694349904947 4.818895280112301 86
1694349905132 4.8188005767749935 87
1694349905348 4.818717236558431 88
1694349905545 4.818643895926953 89
1694349905725 4.818579354986747 90
1694349905898 4.818522557842048 91
1694349906103 4.81847257531041 92
