1694490556275 169.08902758239503 0
1694490556417 165.72599766401984 1
1694490556574 162.45762035498043 2
1694490556726 159.25401662750747 3
1694490556886 156.1136801618769 4
1694490557020 153.03579432681565 5
1694490557139 150.01889911853243 6
1694490557268 147.06178339000078 7
1694490557390 144.16304882699197 8
1694490557520 141.3219583556505 9
1694490557644 138.53715638714138 10
1694490557783 135.80752525114718 11
1694490557917 133.13176635878773 12
1694490558044 130.5092159222048 13
1694490558175 127.93861477087603 14
1694490558294 125.41893149241267 15
1694490558418 122.9489595711564 16
1694490558549 120.52810274197321 17
1694490558695 118.15519086170949 18
1694490558826 115.82927211478025 19
1694490558971 113.54922498691145 20
1694490559152 111.31451543969263 21
1694490559278 109.12405552611222 22
1694490559395 106.9769668808316 23
1694490559520 104.87220645532278 24
1694490559647 102.80929757154901 25
1694490559781 100.78722816465458 26
1694490559904 98.80518764779876 27
1694490560033 96.86220539803539 28
1694490560158 94.95785762637614 29
1694490560298 93.09120231413637 30
1694490560416 91.26132143856492 31
1694490560545 89.46782417930592 32
1694490560670 87.70981950698724 33
1694490560788 85.98660309837769 34
1694490560912 84.29731977163648 35
1694490561045 82.64162481927175 36
1694490561173 81.01868799015507 37
1694490561310 79.42769999238375 38
1694490561442 77.86834437248235 39
1694490561566 76.33983537938563 40
1694490561695 74.84140696408872 41
1694490561824 73.37276919803318 42
1694490561956 71.93317826741706 43
1694490562097 70.5220579345383 44
1694490562232 69.13869334135302 45
1694490562361 67.78283270363849 46
1694490562489 66.45378171455297 47
1694490562610 65.15086324880487 48
1694490562729 63.87384823483156 49
