1694509327939 -242.86267290679228 0
1694509328074 -239.62527648070326 1
1694509328211 -236.43106151807223 2
1694509328343 -233.2790068095593 3
1694509328470 -230.16945663966987 4
1694509328615 -227.10130962930748 5
1694509328747 -224.07375953500247 6
1694509328880 -221.08688949317678 7
1694509329007 -218.1400957089475 8
1694509329137 -215.23249289410722 9
1694509329266 -212.36343609449023 10
1694509329388 -209.53303393854995 11
1694509329514 -206.73970585687326 12
1694509329636 -203.98460618704465 13
1694509329774 -201.2662586681889 14
1694509329922 -198.5832218980997 15
1694509330061 -195.9364752895601 16
1694509330204 -193.32533525299507 17
1694509330363 -190.74853747644116 18
1694509330520 -188.2067364428352 19
1694509330667 -185.69822548128218 20
1694509330818 -183.22332968073673 21
1694509330970 -180.78166645241157 22
1694509331110 -178.37259326830494 23
1694509331260 -175.9957740170142 24
1694509331404 -173.65030608908765 25
1694509331546 -171.33623726662276 26
1694509331691 -169.05267328145538 27
1694509331836 -166.80005787795514 28
1694509331982 -164.57736030707946 29
1694509332129 -162.38465648737576 30
1694509332280 -160.22075968067927 31
1694509332421 -158.08557275535722 32
1694509332568 -155.97887769657817 33
1694509332712 -153.9006472958701 34
1694509332832 -151.84961101474573 35
1694509332958 -149.82625197307877 36
1694509333086 -147.82996074014426 37
1694509333209 -145.86002124193112 38
1694509333334 -143.91701141516012 39
1694509333457 -141.9995276785837 40
1694509333580 -140.1068536751574 41
1694509333705 -138.2402167751858 42
1694509333829 -136.39832081300324 43
1694509333952 -134.58082255260294 44
1694509334080 -132.7876012436892 45
1694509334203 -131.01828161636362 46
1694509334327 -129.2727907227087 47
1694509334447 -127.5504054228353 48
1694509334580 -125.8510394261481 49
