1694489503561 1.02303154051003 0
1694489503720 3.055704690847648 1
1694489503852 3.5265754190270275 2
1694489503996 3.3608867465466123 3
1694489504148 8.226454653822147 4
1694489504299 3.0624180872262134 5
1694489504430 2.7144313740383637 6
1694489504573 6.311072283072668 7
1694489504716 4.055943969492368 8
1694489504849 3.5438673427709193 9
1694489504987 3.129900862698331 10
1694489505119 3.6296714243699686 11
1694489505260 5.622093521705852 12
1694489505403 7.1947664105892315 13
1694489505548 7.7351368698183505 14
1694489505694 4.330096628336147 15
1694489505820 4.796051098529215 16
1694489505965 5.0855986024508635 17
1694489506098 2.3957598422608144 18
1694489506242 5.6710057903825515 19
1694489506392 1.1374962073985646 20
1694489506539 3.5816336300384757 21
1694489506683 4.0645315536708475 22
1694489506818 6.498649615566697 23
1694489506960 5.871114840411915 24
1694489507093 2.356723217240796 25
1694489507221 5.9138394149150395 26
1694489507367 3.1857721845526243 27
1694489507509 5.010550648050151 28
1694489507638 3.056756132164118 29
1694489507778 3.027516109258063 30
1694489507926 1.1288540559580345 31
1694489508069 7.325185991110096 32
1694489508204 6.195942414321291 33
1694489508348 5.964122313036133 34
1694489508496 3.0386116579044584 35
1694489508640 3.886064885836408 36
1694489508771 5.743558142754727 37
1694489508907 4.651848851667433 38
1694489509054 4.698921973821715 39
1694489509199 5.673207232169522 40
1694489509335 1.7422044658340978 41
1694489509486 3.39891876991471 42
1694489509628 3.6878171807888194 43
1694489509768 5.289786280517403 44
1694489509910 2.7558338909433204 45
1694489510059 5.304028584945565 46
1694489510204 6.059047998043523 47
1694489510348 6.175160194585338 48
1694489510494 3.014800074802813 49
