1694509387548 -200.00915824206567 0
1694509387911 -172.22020594759175 1
1694509388031 -148.29246580810715 2
1694509388160 -127.6875414692712 3
1694509388289 -109.9419664885174 4
1694509388424 -94.65968772619159 5
1694509388553 -81.49695672196023 6
1694509388675 -70.15827328348117 7
1694509388799 -60.39123606356677 8
1694509388920 -51.97729366925894 9
1694509389045 -44.72784950557821 10
1694509389171 -38.48106768510491 11
1694509389292 -33.09786453681853 12
1694509389415 -28.459010285891623 13
1694509389546 -24.45989632022631 14
1694509389672 -21.012802104974522 15
1694509389828 -18.04070800360847 16
1694509389993 -15.477790254917561 17
1694509390142 -13.267647526004742 18
1694509390291 -11.36127880684108 19
1694509390431 -9.716701407706868 20
1694509390582 -8.297670560080688 21
1694509390728 -7.073285093311842 22
1694509390879 -6.0161302820378255 23
1694509391017 -5.10337370461597 24
1694509391163 -4.314993255143129 25
1694509391309 -3.6341169861022644 26
1694509391446 -3.045753766920326 27
1694509391585 -2.5371100792625763 28
1694509391733 -2.0975015294518853 29
1694509391889 -1.7173803340665081 30
1694509392036 -1.3884078502729507 31
1694509392191 -1.1036939921186648 32
1694509392336 -0.8571931926205387 33
1694509392484 -0.6436973747071955 34
1694509392632 -0.45864425200155856 35
1694509392788 -0.29823433236987285 36
1694509392934 -0.15904629063226672 37
1694509393074 -0.038263225429641334 38
1694509393228 0.06659905548042377 39
1694509393368 0.15771928948008318 40
1694509393509 0.23697238184120506 41
1694509393650 0.30589969464184386 42
1694509393782 0.365867429949849 43
1694509393914 0.4181970783064506 44
1694509394038 0.46374324262309774 45
1694509394159 0.5035153541098285 46
1694509394293 0.5382673809788154 47
1694509394426 0.5686688848015784 48
1694509394549 0.5952141512682265 49
