1694491144752 167.26721019435192 0
1694491144840 166.1319279596933 1
1694491144937 162.93708457972446 2
1694491145039 159.3290710937623 3
1694491145139 155.29293117323553 4
1694491145242 153.80214991414442 5
1694491145347 152.96670623191693 6
1694491145441 154.64513833460788 7
1694491145545 146.98440985940243 8
1694491145652 149.35630356050774 9
1694491145755 141.1919486779531 10
1694491145853 143.66706828092796 11
1694491145947 140.1074931333161 12
1694491146038 136.997142610378 13
1694491146148 134.41035864219003 14
1694491146257 135.06607213406514 15
1694491146360 131.70870254755212 16
1694491146462 127.87012937535484 17
1694491146569 132.83473884693333 18
1694491146680 125.86757740172384 19
1694491146803 123.2823432456704 20
1694491146919 118.12686190428764 21
1694491147018 117.51332104035697 22
1694491147125 117.1811469678223 23
1694491147222 115.48981896267384 24
1694491147324 110.64646000599316 25
1694491147422 114.68557050055848 26
1694491147528 112.05271494345808 27
1694491147624 110.36376777274747 28
1694491147725 107.67590373212077 29
1694491147833 106.85212906779725 30
1694491147936 105.54661416825448 31
1694491148043 100.15324319652929 32
1694491148144 101.84748305118902 33
1694491148248 99.793695736136 34
1694491148356 97.20902621042745 35
1694491148456 96.73638084745063 36
1694491148569 92.66780215941262 37
1694491148681 92.01901084976275 38
1694491148780 94.12338498642671 39
1694491148885 95.0419642267607 40
1694491148996 92.6130647726507 41
1694491149101 89.2429946895967 42
1694491149208 84.98739221959914 43
1694491149317 88.19438156688699 44
1694491149422 85.81346844813976 45
1694491149534 84.01906530885421 46
1694491149636 82.30904273515046 47
1694491149738 84.24402177496891 48
1694491149837 79.82858071130022 49
