1694507296167 -6.851506951420911 0
1694507296415 -6.094944783986961 1
1694507296667 -6.021991155990831 2
1694507296915 -6.012733057624657 3
1694507297213 -6.03817476553872 4
1694507297484 -6.017294982729094 5
1694507297760 -6.111902818515867 6
1694507298022 -6.048966831488132 7
1694507298316 -6.143826156680722 8
1694507298619 -6.049986833365513 9
1694507298878 -6.118047860682775 10
1694507299150 -6.07265977344603 11
1694507299507 -6.078200979869245 12
1694507299887 -6.08384136078812 13
1694507300257 -6.119535492300484 14
1694507300578 -6.099328708068994 15
1694507300867 -6.120022892977153 16
1694507301216 -6.09662341819026 17
1694507301615 -6.130791763563051 18
1694507301991 -6.105300536609503 19
1694507302351 -6.054758675348014 20
1694507302719 -6.119217160927313 21
1694507303110 -6.109574976070359 22
1694507303483 -6.088765747207026 23
1694507303832 -6.176525718643944 24
1694507304172 -6.154848481974304 25
1694507304546 -6.169804344220016 26
1694507304877 -6.095055301317794 27
1694507305222 -6.128366907582116 28
1694507305573 -6.07019652723101 29
1694507305926 -6.179759700237383 30
1694507306304 -6.106466722839493 31
1694507306646 -6.182594935494694 32
1694507306968 -6.097656474875157 33
1694507307312 -6.140298813344654 34
1694507307702 -6.064727727720793 35
1694507308048 -6.115303203097267 36
1694507308378 -6.1055396428901805 37
1694507308750 -6.048496618840541 38
1694507309114 -6.086667933911717 39
1694507309418 -6.158205595263053 40
1694507309765 -6.041767326662616 41
1694507310096 -6.14380214914431 42
1694507310436 -6.069354226494185 43
1694507310816 -6.181484746528342 44
1694507311137 -6.137121830653284 45
1694507311445 -6.137817124646275 46
1694507311787 -6.08684655733883 47
1694507312161 -6.127758568605239 48
1694507312476 -6.210890191838478 49
