1694507296041 5.0187443841822725 0
1694507296308 6.2825152949110965 1
1694507296549 3.047883873772363 2
1694507296797 2.471977443157673 3
1694507297048 3.945388783050559 4
1694507297341 7.739863582408554 5
1694507297622 6.2452227478642985 6
1694507297896 5.011382632465049 7
1694507298164 7.349262859850944 8
1694507298454 5.989187306905275 9
1694507298756 4.541445307970084 10
1694507299011 5.152209606559849 11
1694507299339 3.4520958021121992 12
1694507299701 5.9660205577058605 13
1694507300081 2.5450490994966515 14
1694507300423 5.487481080324497 15
1694507300735 4.5821653838444485 16
1694507301059 2.8870370786516135 17
1694507301409 3.4627278286870204 18
1694507301809 4.980587632093408 19
1694507302162 6.60206932537786 20
1694507302522 4.639806237464878 21
1694507302902 3.7538216256797714 22
1694507303283 4.597901334087992 23
1694507303662 5.578057560535822 24
1694507304008 5.1784455599150965 25
1694507304373 1.94579249591569 26
1694507304710 5.722301695932444 27
1694507305065 5.930589423792061 28
1694507305407 6.165973413384098 29
1694507305747 1.9586391856790382 30
1694507306092 5.90564860855503 31
1694507306484 5.970749735911573 32
1694507306807 7.549109836175533 33
1694507307146 4.1538721096231495 34
1694507307515 8.25335752246694 35
1694507307877 4.139661585789539 36
1694507308238 5.744100581435178 37
1694507308559 2.833155826507832 38
1694507308926 4.303967498079488 39
1694507309273 3.6886724446861265 40
1694507309588 4.614190712545575 41
1694507309929 4.874957021938601 42
1694507310274 5.33371007540076 43
1694507310626 8.10047915358389 44
1694507310987 5.925895965666533 45
1694507311289 5.178326789099819 46
1694507311616 4.669861227209324 47
1694507311964 3.1620757088397955 48
1694507312319 3.051868384872892 49
