1694425920947 -5.881613593694737 0
1694425921126 -6.01283509666881 1
1694425921282 -5.724643846439294 2
1694425921475 -6.266110139895228 3
1694425921648 -5.984337185148651 4
1694425921840 -5.807208426330906 5
1694425922014 -5.922484518949607 6
1694425922163 -6.185843290397772 7
1694425922316 -5.798805245339253 8
1694425922521 -5.929600432172514 9
1694425922725 -5.680364900484661 10
1694425922895 -5.930328709271905 11
1694425923078 -6.178695385519765 12
1694425923230 -5.706167635610772 13
1694425923396 -6.281468699351143 14
1694425923564 -5.803257356130249 15
1694425923743 -6.038018666470452 16
1694425923918 -6.063166939515102 17
1694425924080 -6.135181032175822 18
1694425924236 -6.14314437377595 19
1694425924404 -5.990520091421096 20
1694425924569 -5.915796320520635 21
1694425924746 -6.089495568323111 22
1694425924923 -5.978210569760896 23
1694425925083 -5.829802259822825 24
1694425925239 -5.925417301448074 25
1694425925400 -6.207886250729542 26
1694425925605 -5.869838283854451 27
1694425925793 -6.530277242739168 28
1694425925990 -5.748530216513681 29
1694425926172 -5.61040893775881 30
1694425926399 -5.803784503697014 31
1694425926610 -5.9277326588912045 32
1694425926806 -5.739612756047841 33
1694425926976 -5.528853952844642 34
1694425927154 -5.912528900904345 35
1694425927335 -5.743503487029262 36
1694425927510 -6.266135666822397 37
1694425927683 -6.08253936346144 38
1694425927866 -5.975084963448467 39
1694425928041 -6.177601950335546 40
1694425928212 -5.830651214747889 41
1694425928370 -5.892190472928386 42
1694425928564 -5.80718263190892 43
1694425928755 -5.779745814253993 44
1694425928943 -6.12213842008461 45
1694425929134 -5.794049657075006 46
1694425929323 -5.738641604745595 47
1694425929524 -6.193586579763788 48
1694425929722 -5.924797676411413 49
