1694425920849 4.956337785411207 0
1694425921039 2.2097313652630874 1
1694425921213 4.156133305979733 2
1694425921380 0.07820250372007452 3
1694425921573 6.350079295483054 4
1694425921741 4.013474131488448 5
1694425921930 1.9388886417795645 6
1694425922095 5.019306292580819 7
1694425922243 3.867000619233356 8
1694425922432 11.383679911477717 9
1694425922630 5.817524155891801 10
1694425922812 9.915578286556714 11
1694425922999 6.627791125737239 12
1694425923164 6.0982778903734465 13
1694425923315 3.190652152500626 14
1694425923483 5.41711992527004 15
1694425923657 4.601291681689849 16
1694425923839 8.538818277537525 17
1694425924005 4.0547290498933775 18
1694425924163 6.342909314831609 19
1694425924320 8.01504061366189 20
1694425924489 4.602692590011624 21
1694425924662 8.956939991105811 22
1694425924839 1.1413338367226689 23
1694425925009 5.5206362522084556 24
1694425925164 4.800022322569143 25
1694425925321 3.073953589611401 26
1694425925503 2.933598016361202 27
1694425925703 1.6173597769944608 28
1694425925893 8.039291451851025 29
1694425926082 8.581805181156616 30
1694425926291 3.848704964401913 31
1694425926502 4.937933734858389 32
1694425926719 2.9061057511613844 33
1694425926895 6.0307383974349404 34
1694425927065 4.711815225299484 35
1694425927245 10.670241954109333 36
1694425927426 8.527131367595965 37
1694425927602 2.9577273896732463 38
1694425927786 4.623264093106512 39
1694425927957 8.096013019479578 40
1694425928131 3.9155974308782944 41
1694425928290 5.658281291662489 42
1694425928476 3.7766766721881364 43
1694425928658 5.102126228852892 44
1694425928851 6.8954512257157985 45
1694425929029 1.9134882689839383 46
1694425929225 6.644652450825182 47
1694425929429 5.667927332232772 48
1694425929618 3.0234298296176245 49
