1694507264078 -6.322757867303321 0
1694507264345 -5.454374705198758 1
1694507264599 -5.892094656572192 2
1694507264854 -5.495003143654113 3
1694507265117 -5.8227920451782795 4
1694507265369 -5.769201092635186 5
1694507265629 -5.569575320772923 6
1694507265901 -5.808156557062565 7
1694507266141 -5.676262274153372 8
1694507266387 -5.623781071984189 9
1694507266658 -5.439022262928083 10
1694507266922 -5.6448510307568265 11
1694507267161 -5.556150054437937 12
1694507267408 -5.6323716933873476 13
1694507267678 -5.573149772888725 14
1694507267937 -5.703157416368394 15
1694507268230 -5.780361244399487 16
1694507268490 -5.368619522532423 17
1694507268760 -5.841410272935319 18
1694507269074 -5.630550384313486 19
1694507269369 -5.902373989469786 20
1694507269644 -5.973069376470003 21
1694507269935 -5.635231858634216 22
1694507270212 -5.453202117488134 23
1694507270483 -5.712508874557477 24
1694507270749 -5.625985407973947 25
1694507271033 -5.5588345379923165 26
1694507271281 -5.60452318937935 27
1694507271528 -5.497618099373372 28
1694507271800 -5.572386220572812 29
1694507272063 -5.6777491506161715 30
1694507272330 -5.552031623344434 31
1694507272616 -5.523696874598589 32
1694507272912 -6.012974547970504 33
1694507273165 -5.617715521544433 34
1694507273451 -5.856805823707798 35
1694507273728 -5.45949563265475 36
1694507274003 -6.157696852396184 37
1694507274271 -5.536621471716607 38
1694507274531 -5.4732924436674475 39
1694507274801 -5.409682575793523 40
1694507275053 -5.5908608625129315 41
1694507275320 -5.867438853625389 42
1694507275582 -5.469024348375229 43
1694507275856 -5.532479354720284 44
1694507276128 -5.905686243534669 45
1694507276400 -5.742118503408438 46
1694507276640 -5.717184586283917 47
1694507276931 -5.78346035541061 48
1694507277232 -5.790136612479349 49
