1694507263944 2.5898104585522614 0
1694507264219 5.343828208453506 1
1694507264469 0.8386063250961282 2
1694507264741 3.880738724151075 3
1694507264990 3.7326015614721184 4
1694507265239 4.689149112499215 5
1694507265500 3.1385126735210402 6
1694507265767 5.486003622531897 7
1694507266026 6.05111541289452 8
1694507266269 3.5508537307013195 9
1694507266517 5.788571495476266 10
1694507266795 4.869234643859593 11
1694507267049 7.637929882076113 12
1694507267283 0.8180614779471624 13
1694507267532 6.101274973244471 14
1694507267805 8.896648409315516 15
1694507268096 3.623448639087241 16
1694507268361 6.716013628452159 17
1694507268623 3.6701271679983334 18
1694507268923 3.9461160615966455 19
1694507269208 3.5330431050038 20
1694507269508 6.014929615138879 21
1694507269782 6.668571871160889 22
1694507270073 3.767833755500532 23
1694507270344 4.389821135557609 24
1694507270618 4.626660013705916 25
1694507270889 6.2497163943449285 26
1694507271161 4.677178095317121 27
1694507271406 3.1982441156983485 28
1694507271665 7.98494114621806 29
1694507271935 2.0535486343994993 30
1694507272199 6.044752978485534 31
1694507272478 4.550792714787036 32
1694507272754 4.848832144908967 33
1694507273053 4.461673299054315 34
1694507273306 5.355423305395324 35
1694507273599 5.899178141879302 36
1694507273856 1.667674911391954 37
1694507274131 5.000327132802353 38
1694507274400 4.5042581685541485 39
1694507274671 3.911642921822128 40
1694507274928 0.5967918608887166 41
1694507275192 4.457533523991831 42
1694507275454 7.721154305060798 43
1694507275713 3.1838293443329815 44
1694507275992 8.923480099628575 45
1694507276257 6.025779826336839 46
1694507276520 5.060475095533952 47
1694507276776 6.291142302713898 48
1694507277082 4.830576913035914 49
