1694490152113 0.5763787555284771 0
1694490152253 0.8042503608128668 1
1694490152398 0.8002424125549982 2
1694490152542 0.8049222070886569 3
1694490152692 0.7994090892641064 4
1694490152841 0.7981136107591547 5
1694490152974 0.798303052215437 6
1694490153115 0.7973197262723849 7
1694490153268 0.8057002400256699 8
1694490153401 0.8035715559614446 9
1694490153537 0.8055884347680599 10
1694490153678 0.8057962655414551 11
1694490153811 0.7962772655246315 12
1694490153949 0.8005681261941964 13
1694490154097 0.8037177086437717 14
1694490154244 0.8064209797247692 15
1694490154386 0.8047614918823465 16
1694490154539 0.7997150553664059 17
1694490154677 0.8063751840566913 18
1694490154815 0.8046070934400421 19
1694490154981 0.7889022908642273 20
1694490155131 0.8078959832587393 21
1694490155275 0.8018930974686046 22
1694490155422 0.8046288081466129 23
1694490155570 0.7968551252033116 24
1694490155719 0.8024779955098188 25
1694490155862 0.8040037316970099 26
1694490156006 0.8010008407258985 27
1694490156157 0.8069784953866617 28
1694490156306 0.8032085032357543 29
1694490156458 0.801157183732278 30
1694490156607 0.7923419769944455 31
1694490156752 0.8033707249104926 32
1694490156903 0.799331949998327 33
1694490157053 0.7988649668251409 34
1694490157193 0.7947787855769057 35
1694490157322 0.794401548281448 36
1694490157456 0.796091179991948 37
1694490157590 0.7959610664996839 38
1694490157726 0.8000141299387796 39
1694490157865 0.8027149156851424 40
1694490158012 0.8018448796763316 41
1694490158153 0.8008553921247858 42
1694490158301 0.7964739124139354 43
1694490158453 0.8010200409452242 44
1694490158616 0.8012195117005829 45
1694490158762 0.8074152703172851 46
1694490158908 0.8090697136048002 47
1694490159042 0.804520467319183 48
1694490159181 0.7988323570819602 49
