1694508633909 -246.10004534489755 0
1694508634091 -246.05563785102788 1
1694508634272 -246.01123908812116 2
1694508634453 -245.96684911361697 3
1694508634604 -245.9224679257027 4
1694508634780 -245.87809552256675 5
1694508634937 -245.83373190239803 6
1694508635087 -245.78937706338576 7
1694508635258 -245.74503100371953 8
1694508635418 -245.7006937215893 9
1694508635603 -245.6563652151855 10
1694508635769 -245.61204548269882 11
1694508635939 -245.5677345223205 12
1694508636088 -245.52343233224198 13
1694508636252 -245.47913891065508 14
1694508636421 -245.43485425575224 15
1694508636579 -245.390578365726 16
1694508636763 -245.34631123876943 17
1694508636927 -245.302052873076 18
1694508637090 -245.25780326683952 19
1694508637246 -245.21356241825404 20
1694508637457 -245.16933032551424 21
1694508637631 -245.12510698681507 22
1694508637826 -245.0808924003518 23
1694508638007 -245.03668656432018 24
1694508638171 -244.99248947691623 25
1694508638335 -244.94830113633654 26
1694508638511 -244.90412154077788 27
1694508638679 -244.85995068843738 28
1694508638846 -244.81578857751282 29
1694508639021 -244.77163520620212 30
1694508639192 -244.72749057270366 31
1694508639373 -244.68335467521615 32
1694508639563 -244.6392275119387 33
1694508639750 -244.59510908107092 34
1694508639902 -244.55099938081258 35
1694508640098 -244.50689840936406 36
1694508640250 -244.46280616492592 37
1694508640406 -244.41872264569918 38
1694508640573 -244.3746478498853 39
1694508640736 -244.33058177568606 40
1694508640909 -244.2865244213036 41
1694508641103 -244.2424757849405 42
1694508641276 -244.1984358647996 43
1694508641428 -244.1544046590842 44
1694508641613 -244.11038216599817 45
1694508641784 -244.0663683837453 46
1694508641939 -244.0223633105302 47
1694508642115 -243.97836694455762 48
1694508642288 -243.93437928403284 49
