1694507332326 -6.59554890582172 0
1694507332679 -5.823026297297832 1
1694507333018 -5.882560996983825 2
1694507333327 -5.882877120841861 3
1694507333587 -5.85949240629916 4
1694507333881 -5.842028291034411 5
1694507334175 -5.827955991471363 6
1694507334475 -5.823772095058015 7
1694507334759 -5.904999942335454 8
1694507335030 -5.903117611589462 9
1694507335304 -5.811238007144742 10
1694507335603 -5.87378001470261 11
1694507335889 -5.8766552442689095 12
1694507336170 -5.844077915904166 13
1694507336458 -5.879376269043359 14
1694507336755 -5.868356315307648 15
1694507337083 -5.896326624924764 16
1694507337349 -5.859489512237582 17
1694507337627 -5.880530228422301 18
1694507337913 -5.9795961269156415 19
