1694507332159 6.544959543063717 0
1694507332475 5.477792599994126 1
1694507332848 5.496030901006703 2
1694507333182 4.159293684761523 3
1694507333456 4.646282126716698 4
1694507333726 5.104092270152932 5
1694507334022 5.579973423008313 6
1694507334309 4.902399761816143 7
1694507334617 8.298196524860467 8
1694507334906 6.630627434063295 9
1694507335152 3.9319392318743427 10
1694507335466 4.632390302947996 11
1694507335737 4.54775742309178 12
1694507336026 7.291766956300975 13
1694507336310 4.977717169770364 14
1694507336604 3.3784534389578083 15
1694507336905 7.600363970658356 16
1694507337210 4.083516904470898 17
1694507337490 2.80443005341272 18
1694507337765 5.024045470515599 19
