1694510566373 -242.1228281196216 0
1694510566543 -241.63665789965907 1
1694510566738 -241.15146061108734 2
1694510566920 -240.6672343061937 3
1694510567171 -240.1839770411664 4
1694510567367 -239.70168687608745 5
1694510567567 -239.2203618749245 6
1694510567728 -238.74000010552314 7
1694510567887 -238.260599639599 8
1694510568051 -237.7821585527302 9
1694510568242 -237.30467492434946 10
1694510568417 -236.8281468377363 11
1694510568578 -236.35257238000972 12
1694510568747 -235.87794964211997 13
1694510568905 -235.40427671884115 14
1694510569062 -234.93155170876364 15
1694510569266 -234.4597727142863 16
1694510569484 -233.98893784160862 17
1694510569675 -233.51904520072378 18
1694510569845 -233.0500929054102 19
1694510570032 -232.5820790732247 20
1694510570192 -232.11500182549426 21
1694510570351 -231.648859287309 22
1694510570505 -231.18364958751434 23
1694510570673 -230.71937085870368 24
1694510570857 -230.25602123721066 25
1694510571018 -229.7935988631017 26
1694510571217 -229.33210188016875 27
1694510571419 -228.87152843592156 28
1694510571622 -228.41187668158022 29
1694510571785 -227.95314477206816 30
1694510571940 -227.49533086600397 31
1694510572117 -227.03843312569472 32
1694510572274 -226.58244971712816 33
1694510572431 -226.12737880996545 34
1694510572612 -225.67321857753373 35
1694510572785 -225.21996719681894 36
1694510572941 -224.7676228484583 37
1694510573115 -224.31618371673315 38
1694510573287 -223.86564798956144 39
1694510573458 -223.41601385849063 40
1694510573629 -222.96727951869033 41
1694510573834 -222.51944316894523 42
1694510573982 -222.0725030116473 43
1694510574135 -221.62645725278927 44
1694510574289 -221.18130410195704 45
1694510574449 -220.7370417723224 46
1694510574609 -220.29366848063606 47
1694510574801 -219.85118244722034 48
1694510574986 -219.4095818959619 49
