1694510566248 169.34901212942756 0
1694510566423 169.01040054852743 1
1694510566608 168.67246677598953 2
1694510566789 168.3352094543025 3
1694510566979 167.9986272286756 4
1694510567234 167.66271874703332 5
1694510567433 167.32748266001028 6
1694510567621 166.99291762094532 7
1694510567782 166.6590222858762 8
1694510567935 166.32579531353446 9
1694510568104 165.99323536533984 10
1694510568285 165.66134110539454 11
1694510568465 165.33011120047857 12
1694510568635 164.99954432004373 13
1694510568792 164.6696391362085 14
1694510568953 164.34039432375283 15
1694510569115 164.01180856011246 16
1694510569327 163.68388052537395 17
1694510569561 163.3566089022691 18
1694510569723 163.02999237616976 19
1694510569894 162.70402963508258 20
1694510570083 162.37871936964356 21
1694510570235 162.05406027311292 22
1694510570399 161.73005104136985 23
1694510570556 161.40669037290706 24
1694510570727 161.0839769688258 25
1694510570909 160.76190953283046 26
1694510571074 160.4404867712234 27
1694510571270 160.11970739289958 28
1694510571481 159.79957010934183 29
1694510571668 159.480073634615 30
1694510571833 159.1612166853613 31
1694510571992 158.84299798079496 32
1694510572163 158.52541624269688 33
1694510572316 158.2084701954099 34
1694510572486 157.8921585658332 35
1694510572662 157.57648008341755 36
1694510572831 157.2614334801599 37
1694510572990 156.9470174905985 38
1694510573163 156.63323085180775 39
1694510573336 156.32007230339286 40
1694510573503 156.0075405874852 41
1694510573693 155.6956344487369 42
1694510573882 155.38435263431595 43
1694510574025 155.07369389390112 44
1694510574181 154.76365697967685 45
1694510574340 154.45424064632834 46
1694510574501 154.1454436510365 47
1694510574658 153.8372647534728 48
1694510574859 153.52970271579466 49
