1694509936492 0.7154589283568298 0
1694509936679 0.8361672039163519 1
1694509936843 0.8357200940808577 2
1694509937000 0.8362738008127649 3
1694509937156 0.8364673740867012 4
1694509937312 0.8364546327970639 5
1694509937469 0.8365965494909152 6
1694509937647 0.8364788011094643 7
1694509937808 0.8351794925100999 8
1694509937960 0.8364427508814634 9
1694509938119 0.8362402562726212 10
1694509938272 0.8363000605290194 11
1694509938425 0.8358245916006394 12
1694509938602 0.8360713441364476 13
1694509938768 0.8361093012013928 14
1694509938935 0.836309898754053 15
1694509939127 0.8362276190123815 16
1694509939286 0.8365409789604322 17
1694509939468 0.8360930104208671 18
1694509939656 0.8360392387694596 19
1694509939816 0.8361057148208257 20
1694509939974 0.835196380274198 21
1694509940126 0.8366703902424883 22
1694509940291 0.8354731061636669 23
1694509940447 0.836173005934024 24
1694509940623 0.836489033117794 25
1694509940788 0.8357160785716041 26
1694509940987 0.8360022284159446 27
1694509941143 0.8366398886655194 28
1694509941309 0.836427836964704 29
1694509941464 0.836517782283567 30
1694509941648 0.8365665161692164 31
1694509941826 0.8364497307742924 32
1694509942005 0.8358098239317084 33
1694509942196 0.8364082682975055 34
1694509942358 0.8356943679043634 35
1694509942509 0.8364866599853764 36
1694509942675 0.8366955545014483 37
1694509942830 0.8356434117959081 38
1694509942991 0.8364116695730587 39
1694509943154 0.8365022045397414 40
1694509943334 0.8365768003564777 41
1694509943490 0.836600843073416 42
1694509943655 0.8365899550446068 43
1694509943818 0.8364019880897964 44
1694509943972 0.8356992635926276 45
1694509944127 0.8353584873767278 46
1694509944287 0.8363058288140386 47
1694509944445 0.8358068092316896 48
1694509944624 0.8364665170882257 49
