1694509936393 0.6374992182617835 0
1694509936598 0.11261479056723882 1
1694509936767 0.2308850986932548 2
1694509936927 0.3682103425288239 3
1694509937083 0.09310206592064393 4
1694509937238 0.056404551553733834 5
1694509937393 0.0005318963828391081 6
1694509937570 0.08852536986440616 7
1694509937736 0.13688984208649138 8
1694509937887 0.12391362235799157 9
1694509938046 9.03076044407719e-05 10
1694509938197 0.0367575045126655 11
1694509938351 0.12442397307605274 12
1694509938514 0.004630237864577995 13
1694509938689 0.03708676709480538 14
1694509938860 0.0011648884511425482 15
1694509939044 0.03229132039968299 16
1694509939213 0.019238407284042795 17
1694509939391 0.046958289559998465 18
1694509939579 0.014166599107437271 19
1694509939739 0.005120285351223341 20
1694509939901 0.1516630558855327 21
1694509940054 0.0020862027880068582 22
1694509940215 0.06352180853247436 23
1694509940375 0.011377511861061578 24
1694509940549 0.002802365864829528 25
1694509940704 0.32362054913543437 26
1694509940910 0.06869161430619672 27
1694509941069 0.02172672590534327 28
1694509941233 0.0038297116372165334 29
1694509941388 0.17712915445735755 30
1694509941574 0.025291572621621315 31
1694509941751 0.0006766908061376232 32
1694509941929 0.05306933039252171 33
1694509942122 0.48035005640742773 34
1694509942282 0.02270340204744257 35
1694509942438 0.07037788876573695 36
1694509942595 0.06223763279326089 37
1694509942754 0.050127103796517324 38
1694509942910 0.021051774517419786 39
1694509943077 0.03835961667864309 40
1694509943255 0.0981163832700868 41
1694509943416 0.04030972391020296 42
1694509943576 0.02897857450034269 43
1694509943743 0.0019777591870675623 44
1694509943898 0.0055375246963641385 45
1694509944053 0.00652431707201281 46
1694509944214 0.2336614783037233 47
1694509944368 0.023479623695966623 48
1694509944546 0.7882556081686296 49
