1694509310785 -200.6393490931001 0
1694509310904 -173.02218692331138 1
1694509311022 -149.2059227417584 2
1694509311147 -128.6671475799198 3
1694509311295 -110.95225835278389 4
1694509311420 -95.67248589868935 5
1694509311541 -82.49229571088678 6
1694509311663 -71.1226397947372 7
1694509311783 -61.31319633808643 8
1694509311899 -52.85004477260259 9
1694509312019 -45.54804152434037 10
1694509312145 -39.24689622702384 11
1694509312280 -33.80821934969504 12
1694509312401 -29.11423167778163 13
1694509312535 -25.062887019223325 14
1694509312657 -21.565249028750657 15
1694509312790 -18.545418740622004 16
1694509312921 -15.937862741862187 17
1694509313046 -13.685573740599601 18
1694509313171 -11.740024425060154 19
1694509313299 -10.059177275269905 20
1694509313429 -8.606742968827872 21
1694509313560 -7.351544454659132 22
1694509313684 -6.266360480209233 23
1694509313813 -5.328377924939641 24
1694509313934 -4.516909257570011 25
1694509314056 -3.815183566550516 26
1694509314179 -3.208049444070543 27
1694509314313 -2.6824718433359886 28
1694509314444 -2.2275285638138294 29
1694509314568 -1.8335013278705001 30
1694509314698 -1.4921195055144914 31
1694509314838 -1.1962361342750767 32
1694509314988 -0.9397970148291328 33
1694509315132 -0.7172805410379379 34
1694509315279 -0.5242455388985803 35
1694509315432 -0.35673646684346516 36
1694509315575 -0.2112176796647378 37
1694509315716 -0.08480775711767707 38
1694509315859 0.025143058180361666 39
1694509316006 0.12079087909603503 40
1694509316154 0.2040548228837279 41
1694509316303 0.2765727907400759 42
1694509316464 0.3397805970377137 43
1694509316609 0.39489542796360666 44
1694509316749 0.4429859451083835 45
1694509316900 0.4850298681417924 46
1694509317038 0.5217368401970428 47
1694509317169 0.5538602208246292 48
1694509317301 0.5820029273553988 49
