1694489602798 -238.98438884225354 0
1694489602896 -235.41806582639717 1
1694489602995 -231.910082677592 2
1694489603088 -228.45954713614276 3
1694489603175 -225.06526452691116 4
1694489603276 -221.72645728324926 5
1694489603392 -218.4421761898302 6
1694489603501 -215.21126082148612 7
1694489603601 -212.03319492397716 8
1694489603698 -208.90678195844862 9
1694489603796 -205.83132693738972 10
1694489603897 -202.8057711172131 11
1694489603995 -199.82939044002623 12
1694489604095 -196.90118335879734 13
1694489604199 -194.02051999670863 14
1694489604290 -191.1865667076204 15
1694489604381 -188.3984649665738 16
1694489604484 -185.65556363159664 17
1694489604586 -182.9569317139614 18
1694489604682 -180.30191258884628 19
1694489604781 -177.68988316340906 20
1694489604875 -175.11983636733422 21
1694489604977 -172.591452038217 22
1694489605071 -170.10365926223702 23
1694489605167 -167.6558609860532 24
1694489605269 -165.24752807875248 25
1694489605362 -162.87780001335486 26
1694489605451 -160.5461778431474 27
1694489605556 -158.25194074069543 28
1694489605663 -155.9945351628918 29
1694489605752 -153.77326979151684 30
1694489605845 -151.58753394921666 31
1694489605930 -149.43676700694755 32
1694489606023 -147.32031564266848 33
1694489606120 -145.23766183033374 34
1694489606223 -143.18827127041638 35
1694489606325 -141.171573407384 36
1694489606426 -139.18690104520715 37
1694489606526 -137.23381050119687 38
1694489606622 -135.31177950488444 39
1694489606715 -133.4202633121181 40
1694489606816 -131.55875067642154 41
1694489606916 -129.72679679571183 42
1694489607006 -127.92385437952063 43
1694489607093 -126.14944268271796 44
1694489607189 -124.4030074476434 45
1694489607288 -122.68417952578791 46
1694489607388 -120.99249525161854 47
1694489607491 -119.32754575255626 48
1694489607591 -117.68880823165905 49
