1694489602741 164.42524022750516 0
1694489602829 166.74235401380457 1
1694489602930 163.75109052172544 2
1694489603029 156.93370642121036 3
1694489603118 160.92852970545079 4
1694489603207 154.41237672272328 5
1694489603314 150.68947400638555 6
1694489603433 154.64660270793007 7
1694489603535 143.78392194277882 8
1694489603631 146.6459767977388 9
1694489603731 139.4803906817103 10
1694489603831 142.52224746932828 11
1694489603932 137.36618923271928 12
1694489604028 141.6259241074383 13
1694489604131 136.28224228447388 14
1694489604233 134.8864092775162 15
1694489604319 134.83400985711864 16
1694489604417 129.3506213386416 17
1694489604518 130.1780563541247 18
1694489604616 128.32664629828724 19
1694489604717 121.4490884182031 20
1694489604809 126.08608451287314 21
1694489604910 116.10296809536354 22
1694489605010 118.7783606211231 23
1694489605101 118.81145368032821 24
1694489605201 112.90309945708933 25
1694489605305 116.69730589972136 26
1694489605395 112.2338199052624 27
1694489605486 110.32759598445757 28
1694489605593 107.54827644938047 29
1694489605692 106.52543043542781 30
1694489605782 106.30089554454797 31
1694489605874 103.41652813977363 32
1694489605962 103.06702732563039 33
1694489606057 101.3760093722809 34
1694489606157 98.70254863774917 35
1694489606258 95.60149013956178 36
1694489606358 98.16590599610203 37
1694489606460 96.78248335665121 38
1694489606556 94.45932622084565 39
1694489606657 93.73625125964084 40
1694489606750 91.29316151552857 41
1694489606850 90.04246319963718 42
1694489606950 88.4446063540884 43
1694489607037 87.47461254355945 44
1694489607122 89.72745784864091 45
1694489607222 87.4150633340981 46
1694489607322 85.3085920906316 47
1694489607423 83.78973881222551 48
1694489607525 81.24165347115806 49
