1694510359291 -229.53286338512868 0
1694510359450 -226.43925125877988 1
1694510359588 -223.38706415383103 2
1694510359727 -220.3757953682858 3
1694510359864 -217.4048911839066 4
1694510359999 -214.47404813103554 5
1694510360138 -211.58240283214082 6
1694510360275 -208.72978674235114 7
1694510360414 -205.91539262424854 8
1694510360551 -203.1386571696881 9
1694510360684 -200.39932464936336 10
1694510360816 -197.69711294098053 11
1694510360947 -195.03093035501294 12
1694510361089 -192.40035468553654 13
1694510361224 -189.8050097761205 14
1694510361355 -187.24478439174334 15
1694510361490 -184.71899208955685 16
1694510361630 -182.22710078138883 17
1694510361772 -179.76863900547758 18
1694510361896 -177.34316480730126 19
1694510362007 -174.95009439290834 20
1694510362119 -172.58961588852202 21
1694510362229 -170.26046817825895 22
1694510362344 -167.96294468350564 23
1694510362456 -165.6959989990624 24
1694510362573 -163.45942938223018 25
1694510362682 -161.25322691882823 26
1694510362796 -159.07656973466658 27
1694510362907 -156.92886907562888 28
1694510363024 -154.81022527687733 29
1694510363140 -152.71992782139196 30
1694510363249 -150.65791421450118 31
1694510363362 -148.6233535286059 32
1694510363477 -146.61636534916616 33
1694510363589 -144.63617165416525 34
1694510363716 -142.6824889726045 35
1694510363833 -140.75518063081654 36
1694510363944 -138.85366538603057 37
1694510364058 -136.97779727617808 38
1694510364170 -135.1269063985492 39
1694510364285 -133.30105211040612 40
1694510364399 -131.4997732612708 41
1694510364514 -129.72263031065958 42
1694510364629 -127.96931126755513 43
1694510364754 -126.2395987879376 44
1694510364881 -124.53292011016396 45
1694510365011 -122.84938438348547 46
1694510365138 -121.18831663372299 47
1694510365266 -119.54974603173623 48
1694510365391 -117.93296544231778 49
