1694510359180 167.22241144355422 0
1694510359346 161.07625284680245 1
1694510359497 158.58025857043418 2
1694510359636 158.24436634368863 3
1694510359776 157.66639920363895 4
1694510359907 155.2453403040752 5
1694510360044 155.2571848265988 6
1694510360183 150.5222025483729 7
1694510360321 149.6408949345693 8
1694510360460 149.05209548083744 9
1694510360598 148.24627394568034 10
1694510360728 137.64761922267746 11
1694510360859 137.40580087141672 12
1694510360997 140.73167923720192 13
1694510361137 144.76246621411244 14
1694510361269 138.80533587569377 15
1694510361398 136.72243157362317 16
1694510361538 132.53685256911083 17
1694510361679 130.2842629181457 18
1694510361819 129.4432157307149 19
1694510361934 131.8508034714745 20
1694510362046 123.81568547067 21
1694510362156 125.53763323720266 22
1694510362267 118.65049178674094 23
1694510362381 120.12259875364059 24
1694510362498 120.71372524570096 25
1694510362611 112.9933535564441 26
1694510362721 111.43196868369847 27
1694510362835 115.92475537302153 28
1694510362946 113.6640914164222 29
1694510363061 112.6478501279882 30
1694510363176 107.84003278266614 31
1694510363286 108.61332335023108 32
1694510363400 103.71894650026844 33
1694510363517 102.77484807081085 34
1694510363630 105.79607876313868 35
1694510363757 102.70319395711795 36
1694510363871 102.75684000272778 37
1694510363984 98.3392738718776 38
1694510364096 101.55787897919626 39
1694510364208 98.5778068176617 40
1694510364324 94.5877675712922 41
1694510364437 93.64354521146373 42
1694510364556 92.82398360973997 43
1694510364667 90.5468632208396 44
1694510364796 93.02549636914691 45
1694510364927 88.90234399344986 46
1694510365054 89.44172214742977 47
1694510365180 85.37842097557227 48
1694510365308 86.20971721011792 49
