1694489585146 -208.8882173127566 0
1694489585250 -180.2712720070788 1
1694489585336 -155.95461073880875 2
1694489585436 -135.2680217577131 3
1694489585546 -117.64155881293627 4
1694489585654 -102.60298271473373 5
1694489585756 -89.75238039429802 6
1694489585862 -78.7543936953463 7
1694489585965 -69.32554111830537 8
1694489586067 -61.22895852156748 9
1694489586182 -54.263796274268124 10
1694489586277 -48.26143314389578 11
1694489586378 -43.078561461667114 12
1694489586479 -38.595081180693064 13
1694489586573 -34.708517677887144 14
1694489586672 -31.33352906220224 15
1694489586767 -28.396122770961124 16
1694489586854 -25.83493075029586 17
1694489586945 -23.596496675097498 18
1694489587045 -21.636838138315223 19
1694489587150 -19.91777996207293 20
1694489587242 -18.40674443037152 21
1694489587338 -17.075718559648045 22
1694489587438 -15.900988355068812 23
1694489587535 -14.86218391945645 24
1694489587635 -13.941864305978168 25
1694489587737 -13.125397707265696 26
1694489587840 -12.399498380329632 27
1694489587938 -11.75305123969068 28
1694489588040 -11.176304142004387 29
1694489588140 -10.660853903641065 30
1694489588238 -10.19995103268291 31
1694489588336 -9.786943374220625 32
1694489588425 -9.416359924624363 33
1694489588513 -9.083554383364069 34
1694489588614 -8.784344338121041 35
1694489588714 -8.51475957388959 36
1694489588819 -8.271537958837104 37
1694489588920 -8.052272364254959 38
1694489589013 -7.854047199898755 39
1694489589103 -7.675038127848843 40
1694489589196 -7.512919243365154 41
1694489589297 -7.36620471706558 42
1694489589393 -7.23331726737581 43
1694489589482 -7.112674570030716 44
1694489589577 -7.003119179302736 45
1694489589678 -6.903704799558063 46
1694489589766 -6.81350155010745 47
1694489589861 -6.731489241600396 48
1694489589952 -6.6569864218927295 49
