1694489585077 149.6227295848822 0
1694489585181 126.45453308171378 1
1694489585280 110.30177961947179 2
1694489585371 92.17524591075593 3
1694489585471 81.29257752319926 4
1694489585582 70.75606167839177 5
1694489585689 64.18777165202061 6
1694489585790 56.270582814609746 7
1694489585897 48.89796735732031 8
1694489585999 43.61593951490708 9
1694489586107 38.755303679612666 10
1694489586221 33.552077212131515 11
1694489586311 30.42150401096961 12
1694489586413 27.312630331199205 13
1694489586510 25.008939142824488 14
1694489586607 23.086141704148062 15
1694489586707 20.81317566244465 16
1694489586795 18.235573785830944 17
1694489586884 17.688405883253573 18
1694489586979 16.138422982846663 19
1694489587082 14.82787827969172 20
1694489587180 12.494348996333667 21
1694489587271 12.707132454308153 22
1694489587372 12.007007925293944 23
1694489587474 11.665976933374475 24
1694489587569 10.520988024967028 25
1694489587670 9.354773791793663 26
1694489587772 9.16525516576101 27
1694489587874 9.182982686181658 28
1694489587973 8.341445034024542 29
1694489588074 8.252572968474366 30
1694489588176 8.15186874299494 31
1694489588272 7.353867146555161 32
1694489588367 7.399866667435124 33
1694489588453 7.437829601202572 34
1694489588547 6.970235410475674 35
1694489588647 6.7922778880109425 36
1694489588749 6.708411651155843 37
1694489588853 6.170747436049307 38
1694489588950 6.129169368469033 39
1694489589042 6.064982635250204 40
1694489589133 5.896112533838148 41
1694489589227 5.8544322478315305 42
1694489589331 5.391974004161072 43
1694489589423 5.738378003100015 44
1694489589515 5.704605316756708 45
1694489589611 5.80753347008381 46
1694489589709 5.405977618757916 47
1694489589800 5.298227890786769 48
1694489589892 5.11939315659181 49
