1694508946203 0.7975089201959122 0
1694508946370 0.7962438019029997 1
1694508946555 0.7939764335029068 2
1694508946736 0.815165210615755 3
1694508946908 0.760206313536945 4
1694508947083 0.7736637052819844 5
1694508947248 0.8120423076937773 6
1694508947420 0.8012253958979515 7
1694508947586 0.7956742194177818 8
1694508947752 0.7806470227086518 9
1694508947928 0.8049696486295667 10
1694508948096 0.76281432774747 11
1694508948278 0.8046726535849232 12
1694508948467 0.80023953713393 13
1694508948651 0.8018402964740211 14
1694508948823 0.7755723046885332 15
1694508949016 0.7437446379001015 16
1694508949230 0.8176388978907188 17
1694508949411 0.8167384691823669 18
1694508949579 0.7911275087657615 19
1694508949760 0.7714562599945054 20
1694508949940 0.7984787634660936 21
1694508950108 0.8164135393344061 22
1694508950283 0.7988512752799505 23
1694508950470 0.8083499052445461 24
1694508950642 0.7955819358862497 25
1694508950832 0.7822780319555512 26
1694508951012 0.808872971417699 27
1694508951180 0.788795680906251 28
1694508951367 0.8009765012335054 29
1694508951563 0.8098073629227414 30
1694508951758 0.8133911349621952 31
1694508951938 0.7972410663602698 32
1694508952108 0.8131777028603796 33
1694508952270 0.769119922157192 34
1694508952437 0.7907881923609323 35
1694508952631 0.7899079686285184 36
1694508952815 0.8153772220832766 37
1694508952988 0.748279623234289 38
1694508953168 0.7889572797856571 39
1694508953351 0.797790691122864 40
1694508953540 0.7823774580721331 41
1694508953739 0.7991777957037276 42
1694508953922 0.8089739695022048 43
1694508954090 0.791110469052031 44
1694508954262 0.7814005036873842 45
1694508954448 0.7954591489167667 46
1694508954625 0.8064642281607993 47
1694508954794 0.8132044846250759 48
1694508954964 0.8115294762579074 49
