1694508946121 0.0016926689736124906 0
1694508946290 0.013156087485012881 1
1694508946456 0.3586888308218038 2
1694508946654 0.337940877990987 3
1694508946820 0.008760094177336293 4
1694508947002 0.08281047993655599 5
1694508947166 0.05127638014806935 6
1694508947342 0.0493969128522842 7
1694508947502 0.00015666856966312776 8
1694508947672 0.05541984604574278 9
1694508947847 0.2494260906776266 10
1694508948015 0.7708367100007512 11
1694508948198 1.0999349773135494 12
1694508948384 0.03947016293393953 13
1694508948561 0.02744604156484361 14
1694508948736 0.002795363890078172 15
1694508948915 0.10656138717912463 16
1694508949122 0.030824194266065284 17
1694508949328 0.014004491367342388 18
1694508949496 0.059459219233433086 19
1694508949677 0.04005820807760833 20
1694508949863 0.09220999256173884 21
1694508950029 0.003297032425746437 22
1694508950202 0.8412316341615313 23
1694508950392 0.08647663822927175 24
1694508950562 0.20910102933675262 25
1694508950751 0.07399030633900916 26
1694508950924 0.039456943562470904 27
1694508951099 0.20395588888466148 28
1694508951278 0.012588766516105526 29
1694508951474 0.0002815752663100121 30
1694508951667 0.06550815751524622 31
1694508951857 0.0026246271375437655 32
1694508952027 0.0015045387824445394 33
1694508952193 0.046890634685220874 34
1694508952358 0.02930642639583946 35
1694508952545 0.2389975641891781 36
1694508952723 0.04895732285855757 37
1694508952907 0.04338635364525864 38
1694508953081 0.004470919250600696 39
1694508953260 0.13911869041493602 40
1694508953441 0.11214758476857216 41
1694508953639 0.36873344548420156 42
1694508953833 0.0004049265711051803 43
1694508954009 0.02644327229853662 44
1694508954176 0.015045530193806026 45
1694508954356 0.00364571675881227 46
1694508954538 0.20448786411478626 47
1694508954712 0.08078403316936246 48
1694508954886 4.850547874493106e-05 49
