1694489971601 -241.25982855240883 0
1694489971729 -236.46059904118812 1
1694489971884 -231.76610756186867 2
1694489972020 -227.17397321651026 3
1694489972152 -222.68187041966885 4
1694489972271 -218.28752765566315 5
1694489972398 -213.98872620590566 6
1694489972553 -209.78329890638176 7
1694489972685 -205.66912893456114 8
1694489972806 -201.6441486250407 9
1694489972930 -197.706338313237 10
1694489973050 -193.8537252064612 11
1694489973198 -190.08438228172616 12
1694489973329 -186.39642720964997 13
1694489973462 -182.78802130383616 14
1694489973579 -179.25736849512538 15
1694489973715 -175.80271433012717 16
1694489973840 -172.42234499345545 17
1694489973985 -169.11458635310393 18
1694489974119 -165.87780302841284 19
1694489974257 -162.71039748008909 20
1694489974382 -159.61080912175655 21
1694489974495 -156.57751345252558 22
1694489974611 -153.60902121008152 23
1694489974730 -150.70387754380565 24
1694489974844 -147.86066120745227 25
1694489974962 -145.07798377091825 26
1694489975091 -142.35448885065074 27
1694489975211 -139.68885135825113 28
1694489975346 -137.0797767668431 29
1694489975458 -134.52600039478267 30
1694489975587 -132.02628670629898 31
1694489975713 -129.57942862866335 32
1694489975844 -127.18424688549507 33
1694489975971 -124.83958934581968 34
1694489976088 -122.54433038850689 35
1694489976243 -120.29737028172285 36
1694489976378 -118.09763457703994 37
1694489976501 -115.94407351785676 38
1694489976630 -113.83566146178866 39
1694489976753 -111.771396316697 40
1694489976884 -109.75029899003387 41
1694489977021 -107.7714128511861 42
1694489977138 -105.83380320651037 43
1694489977258 -103.93655678675796 44
1694489977381 -102.07878124659601 45
1694489977486 -100.25960467593711 46
1694489977616 -98.47817512279869 47
1694489977723 -96.73366012741725 48
1694489977876 -95.02524626735169 49
