1694489971502 169.1046181808103 0
1694489971636 165.74120517532532 1
1694489971783 162.4546771240396 2
1694489971924 159.23990083906645 3
1694489972058 156.09524495653994 4
1694489972182 153.01911601482666 5
1694489972305 150.00995760292707 6
1694489972444 147.06624948839038 7
1694489972592 144.18650676588757 8
1694489972716 141.36927902595184 9
1694489972844 138.6131495434068 10
1694489972964 135.91673448501425 11
1694489973085 133.27868213588576 12
1694489973234 130.69767214421088 13
1694489973367 128.1724147838679 14
1694489973492 125.7016502344916 15
1694489973614 123.28414787858343 16
1694489973743 120.91870561525941 17
1694489973878 118.60414919023998 18
1694489974022 116.33933154169651 19
1694489974154 114.12313216157744 20
1694489974295 111.95445647204662 21
1694489974416 109.83223521667446 22
1694489974533 107.75542386603212 23
1694489974649 105.72300203734609 24
1694489974772 103.73397292787953 25
1694489974888 101.78736276171436 26
1694489975008 99.88222024961581 27
1694489975129 98.0176160616689 28
1694489975253 96.19264231238333 29
1694489975387 94.40641205797112 30
1694489975500 92.6580588055078 31
1694489975616 90.94673603369485 32
1694489975756 89.27161672494826 33
1694489975883 87.63189290854446 34
1694489976010 86.02677521456059 35
1694489976137 84.45549243835364 36
1694489976279 82.91729111532777 37
1694489976421 81.41143510574584 38
1694489976542 79.93720518934687 39
1694489976670 78.4938986695368 40
1694489976788 77.0808289869249 41
1694489976929 75.6973253419848 42
1694489977050 74.34273232662318 43
1694489977172 73.01640956444487 44
1694489977298 71.71773135950824 45
1694489977419 70.4460863533692 46
1694489977527 69.20087719021755 47
1694489977651 67.98152018991344 48
1694489977765 66.7874450287367 49
