1694349179133 169.089027582395 0
1694349179337 136.9799840674329 1
1694349179560 111.20155989161432 2
1694349179770 90.29892081530303 3
1694349179973 73.34631529419393 4
1694349180216 59.598249753486726 5
1694349180436 48.44620563007715 6
1694349180665 39.39739834038338 7
1694349180923 32.05582703368487 8
1694349181171 26.097453707659373 9
1694349181363 21.2596976497506 10
1694349181573 17.332398024537827 11
1694349181775 14.14215753320241 12
1694349181990 11.55084632946594 13
1694349182176 9.445063512601521 14
1694349182371 7.732562551017357 15
1694349182599 6.340337710219079 16
1694349182813 5.207227724377597 17
1694349183002 4.2851770582155435 18
1694349183196 3.5340282374293195 19
1694349183390 2.92208964226273 20
1694349183604 2.423021943948328 21
1694349183790 2.0158706183487918 22
1694349184010 1.6833883941297552 23
1694349184231 1.4116702532351644 24
1694349184462 1.1894516473404282 25
1694349184686 1.0074601161612373 26
1694349184899 0.8583675421591426 27
1694349185117 0.7359495997088953 28
1694349185305 0.6354674882685973 29
1694349185502 0.5527060501025506 30
1694349185710 0.4846286988443657 31
1694349185913 0.42834785172712064 32
1694349186133 0.38194479698035766 33
1694349186316 0.34341208921926913 34
1694349186500 0.3115638964793787 35
1694349186726 0.28497891039146406 36
1694349186959 0.2629504899624382 37
1694349187147 0.244450027119843 38
1694349187327 0.22908290979733428 39
1694349187515 0.21608572430401543 40
1694349187727 0.20526576924232512 41
1694349187939 0.1960405654287534 42
1694349188121 0.18834682712607048 43
1694349188321 0.18172713650397235 44
1694349188537 0.17619995313418463 45
1694349188740 0.17139569959281292 46
1694349188946 0.1673832960450822 47
1694349189158 0.1638560581413283 48
1694349189397 0.16091289997330777 49
1694349189581 0.15829317542361246 50
1694349189774 0.1561124685258501 51
1694349189986 0.15414466681445824 52
1694349190192 0.15251341522657327 53
1694349190390 0.15101918063550301 54
1694349190577 0.14978817017679044 55
1694349190777 0.14864184311604442 56
1694349190999 0.14770551921812056 57
1694349191193 0.14681765191788343 58
1694349191390 0.14610057099482432 59
1694349191599 0.14540680085703458 60
1694349191799 0.1448544608287636 61
1694349192001 0.14430795818561182 62
1694349192200 0.1438805557342765 63
1694349192403 0.14344686473484236 64
1694349192619 0.1431150161092481 65
1694349192818 0.14276850456232845 66
1694349193012 0.14251028969810478 67
1694349193209 0.1422316859825344 68
1694349193462 0.14203058918264078 69
1694349193635 0.14180525782963918 70
1694349193827 0.14164871959492467 71
1694349194043 0.14146544211627896 72
1694349194230 0.14134383048903496 73
1694349194432 0.14119393437914357 74
1694349194627 0.14109980652506712 75
1694349194844 0.14097653620773995 76
1694349195060 0.14090410255503316 77
1694349195261 0.1408021600084421 78
1694349195457 0.14074689109967875 79
1694349195680 0.14086996366253576 80
1694349195915 0.14057281665373772 81
1694349196100 0.14067661065443354 82
1694349196311 0.14044868444021505 83
1694349196535 0.14053569556958814 84
1694349196772 0.14035835192070423 85
1694349196979 0.14043142795997635 86
1694349197179 0.14029149518186568 87
1694349197371 0.14035329841927446 88
1694349197578 0.14024133411273051 89
1694349197795 0.1402941442739607 90
1694349198004 0.14020329635245082 91
1694349198221 0.14024897524208324 92
1694349198422 0.14017421915374403 93
1694349198623 0.14021424528571763 94
1694349198819 0.1401518631238239 95
1694349199021 0.14018739079110623 96
1694349199205 0.14013460938224234 97
1694349199392 0.1401665307441308 98
1694349199583 0.14012126641683614 99
1694349199792 0.14015026751717846 100
1694349200014 0.14011094382696962 101
1694349200208 0.14013755154732774 102
1694349200401 0.14010296773502107 103
1694349200606 0.14012758752180846 104
1694349200821 0.14009682275952753 105
