1694491305808 -239.871658768061 0
1694491305912 -236.64023604259245 1
1694491306011 -233.45276875056243 2
1694491306111 -230.30787209287791 3
1694491306216 -227.20504470793415 4
1694491306335 -224.14394674592486 5
1694491306443 -221.12392986149882 6
1694491306547 -218.1446783793819 7
1694491306636 -215.2049082886821 8
1694491306734 -212.3049906364991 9
1694491306825 -209.4440486595979 10
1694491306926 -206.6214779305292 11
1694491307030 -203.83667903066416 12
1694491307125 -201.0892877336584 13
1694491307231 -198.37843296650118 14
1694491307332 -195.70468742684636 15
1694491307441 -193.06640358740592 16
1694491307553 -190.46372648475642 17
1694491307656 -187.89567024860204 18
1694491307758 -185.36212919988955 19
1694491307858 -182.86282391501499 20
1694491307963 -180.3973541614221 21
1694491308056 -177.96423062902224 22
1694491308150 -175.5642815988298 23
1694491308247 -173.19626259685174 24
1694491308343 -170.86012284450103 25
1694491308452 -168.55556373762556 26
1694491308559 -166.2816091133108 27
1694491308669 -164.03858408478945 28
1694491308775 -161.82495795979102 29
1694491308866 -159.64156166601865 30
1694491308968 -157.4876296520571 31
1694491309060 -155.3622717994026 32
1694491309154 -153.26580870795718 33
1694491309259 -151.19697747369378 34
1694491309362 -149.15632100436036 35
1694491309472 -147.14311117835084 36
1694491309589 -145.15656736556946 37
1694491309688 -143.19689017631083 38
1694491309780 -141.2634648750122 39
1694491309887 -139.3560896505918 40
1694491309996 -137.47411975448705 41
1694491310091 -135.61759798134324 42
1694491310196 -133.7858464424082 43
1694491310308 -131.97882055906516 44
1694491310409 -130.19596544168485 45
1694491310507 -128.43719223930495 46
1694491310599 -126.70176494472747 47
1694491310709 -124.98978580441661 48
1694491310807 -123.30079168236966 49
