1694490780495 -237.4599057064765 0
1694490780655 -232.753111028519 1
1694490780826 -228.13962558465707 2
1694490780952 -223.621744676036 3
1694490781082 -219.19336714501858 4
1694490781215 -214.85272011863734 5
1694490781335 -210.5980617706358 6
1694490781460 -206.42768490461563 7
1694490781598 -202.33991626479252 8
1694490781722 -198.33311586052992 9
1694490781851 -194.4056763043279 10
1694490781973 -190.55602216300048 11
1694490782102 -186.782609321777 12
1694490782231 -183.08392436107067 13
1694490782382 -179.4584839456616 14
1694490782489 -175.90483422604592 15
1694490782615 -172.4215502517098 16
1694490782766 -169.00723539608921 17
1694490782911 -165.66052079298345 18
1694490783031 -162.38006478419317 19
1694490783183 -159.16455237816015 20
1694490783311 -156.0126947193882 21
1694490783429 -152.92322856843154 22
1694490783548 -149.89491579223895 23
1694490783687 -146.92654286464776 24
1694490783808 -144.01692037682517 25
1694490783941 -141.16488255745887 26
1694490784060 -138.36928680250196 27
1694490784202 -135.62901321428262 28
1694490784329 -132.94296414979075 29
1694490784457 -130.31006377796007 30
1694490784579 -127.72985492417178 31
1694490784719 -125.20009749430919 32
1694490784843 -122.72038854929866 33
1694490784980 -120.28973464020117 34
1694490785116 -117.90716266021519 35
1694490785242 -115.57229944691755 36
1694490785371 -113.28303676536572 37
1694490785498 -111.03905188121028 38
1694490785626 -108.83944615254283 39
1694490785757 -106.68333937725838 40
1694490785895 -104.5704316161083 41
1694490786026 -102.49873945516461 42
1694490786160 -100.46800988733496 43
1694490786284 -98.47743001855389 44
1694490786406 -96.52675374162044 45
1694490786539 -94.61408818012386 46
1694490786663 -92.73923162855905 47
1694490786785 -90.90143385156938 48
1694490786898 -89.10049679170532 49
