1694490780402 169.09882768364741 0
1694490780542 165.75917240083604 1
1694490780701 162.48908269688752 2
1694490780861 159.283819879879 3
1694490780993 156.14414181313606 4
1694490781120 153.06667024843398 5
1694490781252 150.05017179320862 6
1694490781376 147.0934355146378 7
1694490781500 144.1952745656131 8
1694490781636 141.35452570508915 9
1694490781756 138.57004882801854 10
1694490781889 135.84072650465686 11
1694490782016 133.16546352905206 12
1694490782144 130.543186476534 13
1694490782262 127.97284327002507 14
1694490782412 125.45340275499538 15
1694490782528 122.9838542828903 16
1694490782645 120.56320730286123 17
1694490782805 118.19049096163363 18
1694490782950 115.86475371135049 19
1694490783073 113.58506292523127 20
1694490783226 111.35050452089116 21
1694490783344 109.1601825911673 22
1694490783468 107.01321904230232 23
1694490783588 104.90875323933847 24
1694490783721 102.84594165857827 25
1694490783846 100.82395754697093 26
1694490783969 98.84199058828624 27
1694490784098 96.89924657594042 28
1694490784237 94.99494709234155 29
1694490784369 93.12832919462396 30
1694490784493 91.29864510664481 31
1694490784619 89.5049151545742 32
1694490784758 87.74692465302135 33
1694490784883 86.02371200661432 34
1694490785017 84.33458741736708 35
1694490785156 82.67887454581468 36
1694490785276 81.05568479505048 37
1694490785412 79.46482897817201 38
1694490785531 77.90543487276842 39
1694490785663 76.376878574573 40
1694490785796 74.87854834805546 41
1694490785934 73.40963759782512 42
1694490786070 71.9699809171912 43
1694490786200 70.55878655305429 44
1694490786325 69.1754901932005 45
1694490786442 67.81934643397621 46
1694490786579 66.49020465872748 47
1694490786698 65.18733323367006 48
1694490786815 63.91021139080558 49
