1694490477995 -208.4428599640312 0
1694490478114 -179.50007194809703 1
1694490478220 -154.57588638380463 2
1694490478327 -133.11168263183166 3
1694490478439 -114.62497615017178 4
1694490478536 -98.70329648134471 5
1694490478639 -84.9896769461596 6
1694490478740 -73.17649142382636 7
1694490478839 -62.999257692277304 8
1694490478935 -54.23032310587047 9
1694490479031 -46.67557657073316 10
1694490479134 -40.165323761838884 11
1694490479237 -34.55477369492982 12
1694490479331 -29.720419357916253 13
1694490479418 -25.551307956231227 14
1694490479514 -21.958093304768486 15
1694490479619 -18.86018238334674 16
1694490479732 -16.187952237608105 17
1694490479837 -13.883728255282852 18
1694490479947 -11.89571283220226 19
1694490480053 -10.180946245010967 20
1694490480159 -8.700919067949341 21
1694490480268 -7.423465420263135 22
1694490480368 -6.3207314000794455 23
1694490480475 -5.368583892911505 24
1694490480583 -4.546000578651355 25
1694490480688 -3.8355436818573363 26
1694490480783 -3.2215630449848875 27
1694490480887 -2.690582143996518 28
1694490480995 -2.231543274815451 29
1694490481102 -1.834476951913293 30
1694490481203 -1.4909025824115254 31
1694490481302 -1.1935215814961113 32
1694490481415 -0.9360232268619082 33
1694490481517 -0.7127712705392779 34
1694490481618 -0.5194416445449266 35
1694490481720 -0.3516126134283404 36
1694490481819 -0.2060566975129734 37
1694490481910 -0.07972257140439876 38
1694490482014 0.03002885008421452 39
1694490482107 0.12548117558952732 40
1694490482210 0.20850159628640685 41
1694490482315 0.2807552974107209 42
1694490482417 0.34365159913039434 43
1694490482512 0.3984917474339321 44
1694490482607 0.44637490711520755 45
1694490482697 0.48815866896859894 46
1694490482784 0.5246862904004843 47
1694490482889 0.5566253839842688 48
1694490482994 0.584631811574714 49
