1694509817561 -238.09224244481274 0
1694509817786 -233.37718394319808 1
1694509817984 -228.75546830297074 2
1694509818196 -224.22532296016024 3
1694509818362 -219.78492971772548 4
1694509818551 -215.43250653000126 5
1694509818748 -211.16630678234174 6
1694509818926 -206.98461858594118 7
1694509819114 -202.8857640867033 8
1694509819299 -198.86809878787975 9
1694509819492 -194.9300108862032 10
1694509819690 -191.06992062124544 11
1694509819925 -187.286279637737 12
1694509820125 -183.57757036058985 13
1694509820346 -179.9423053823694 14
1694509820553 -176.37902686296826 15
1694509820734 -172.88630594123774 16
1694509820931 -169.46274215833904 17
1694509821119 -166.10696289258016 18
1694509821305 -162.81762280550998 19
1694509821477 -159.59340329904427 20
1694509821663 -156.43301198340433 21
1694509821862 -153.33518215565277 22
1694509822053 -150.29867228861403 23
1694509822240 -147.32226552997423 24
1694509822448 -144.4047692113558 25
1694509822646 -141.5450143671697 26
1694509822822 -138.74185526304834 27
1694509823007 -135.99416893366998 28
1694509823183 -133.30085472978666 29
1694509823350 -130.66083387427173 30
1694509823527 -128.07304902700804 31
1694509823697 -125.53646385844026 32
1694509823848 -123.05006263161818 33
1694509824008 -120.61284979256241 34
1694509824198 -118.2238495687864 35
1694509824365 -115.88210557581176 36
1694509824523 -113.58668043151829 37
1694509824687 -111.33665537817213 38
1694509824865 -109.13112991197892 39
1694509825074 -106.96922142001249 40
1694509825271 -104.85006482437156 41
1694509825448 -102.77281223342058 42
1694509825644 -100.73663259997397 43
1694509825823 -98.74123772537757 44
1694509825991 -96.78476522846243 45
1694509826183 -94.86697095182829 46
1694509826385 -92.98708740092867 47
1694509826565 -91.1448779585113 48
1694509826757 -89.33856417133096 49
