1694509817386 169.61071044499093 0
1694509817629 166.20672746377429 1
1694509817849 162.92989101152267 2
1694509818043 159.71793180330394 3
1694509818242 156.56961752634996 4
1694509818418 153.48368407999834 5
1694509818608 150.45889250928542 6
1694509818809 147.49402850359343 7
1694509818979 144.587901905868 8
1694509819170 141.73934623162066 9
1694509819349 138.94721819752087 10
1694509819545 136.21039725938613 11
1694509819756 133.52778515938263 12
1694509819985 130.8983054822526 13
1694509820185 128.3209032203879 14
1694509820406 125.79454434757373 15
1694509820609 123.3182154012292 16
1694509820789 120.89092307297483 17
1694509820987 118.51169380736161 18
1694509821170 116.17957340859775 19
1694509821358 113.89362665511433 20
1694509821532 111.65293692181298 21
1694509821716 109.45660580984237 22
1694509821908 107.30375278375332 23
1694509822108 105.1935148158853 24
1694509822300 103.12504603783994 25
1694509822511 101.0975173989002 26
1694509822699 99.11011633125678 27
1694509822875 97.1620464219055 28
1694509823069 95.2525270910831 29
1694509823227 93.38079327711061 30
1694509823401 91.5460951275167 31
1694509823580 89.74769769631543 32
1694509823737 87.98488064731625 33
1694509823897 86.25693796334494 34
1694509824063 84.56317766125862 35
1694509824255 82.90292151263837 36
1694509824415 81.27550477004704 37
1694509824569 79.68027589874023 38
1694509824740 78.11659631372297 39
1694509824928 76.58384012204414 40
1694509825133 75.08139387022504 41
1694509825329 73.60865629671963 42
1694509825505 72.16503808930561 43
1694509825690 70.74996164730848 44
1694509825872 69.36264603736173 45
1694509826043 68.0029744063817 46
1694509826247 66.67017916178149 47
1694509826435 65.36372749912658 48
1694509826613 64.08289742601957 49
