1694491448432 169.34901212942756 0
1694491448563 169.31513570535824 1
1694491448687 169.284653216026 2
1694491448821 169.25417618680905 3
1694491448968 169.2237046506475 4
1694491449127 169.19323860655047 5
1694491449280 169.16277805352755 6
1694491449409 169.13232299058853 7
1694491449543 169.10187341674336 8
1694491449679 169.07142933100215 9
1694491449813 169.04099073237526 10
1694491449947 169.01055761987314 11
1694491450086 168.9801299925066 12
1694491450213 168.94970784928628 13
1694491450346 168.91929118922343 14
1694491450481 168.88888001132912 15
1694491450607 168.85847431461482 16
1694491450730 168.828074098092 17
1694491450866 168.7976793607725 18
1694491450999 168.7672901016682 19
1694491451130 168.73690631979125 20
1694491451296 168.7065280141539 21
1694491451437 168.6761551837686 22
1694491451566 168.645787827648 23
1694491451690 168.6154259448049 24
1694491451812 168.58506953425234 25
1694491451954 168.55471859500344 26
1694491452084 168.5243731260716 27
1694491452214 168.49403312647027 28
1694491452366 168.46369859521332 29
1694491452499 168.4333695313144 30
1694491452623 168.40304593378778 31
1694491452746 168.37272780164764 32
1694491452877 168.3424151339083 33
1694491453000 168.31210792958447 34
1694491453129 168.2818061876909 35
1694491453270 168.25150990724256 36
1694491453440 168.2212190872545 37
1694491453576 168.19093372674214 38
1694491453691 168.1606538247208 39
1694491453812 168.13037938020634 40
1694491453942 168.10011039221453 41
1694491454074 168.06984685976133 42
1694491454215 168.039588781863 43
1694491454350 168.00933615753584 44
1694491454475 167.9790889857965 45
1694491454602 167.9488472656616 46
1694491454724 167.91861099614817 47
1694491454849 167.8883801762732 48
1694491454987 167.85815480505394 49
