1694508185961 -58.230749134629136 0
1694508186180 -20.502845099278133 1
1694508186423 -10.577437339343838 2
1694508186642 -7.450956775589761 3
1694508186853 -6.327637653789725 4
1694508187055 -5.8949394600815035 5
1694508187282 -5.724004302637193 6
1694508187494 -5.662048073441721 7
1694508187690 -5.618318334831064 8
1694508187901 -5.6047225743371945 9
1694508188108 -5.602812139627615 10
1694508188322 -5.609803807535923 11
1694508188520 -5.608290973908413 12
1694508188727 -5.599581477300014 13
1694508188935 -5.606096909523723 14
1694508189137 -5.602375863686215 15
1694508189350 -5.600187424229985 16
1694508189556 -5.6021156344420024 17
1694508189747 -5.6068142291802365 18
1694508189909 -5.6052121702953555 19
1694508190068 -5.612901837680085 20
1694508190239 -5.611564902744214 21
1694508190411 -5.602210391366322 22
1694508190589 -5.607432337955061 23
1694508190758 -5.605533351053852 24
1694508190919 -5.613713607179854 25
1694508191087 -5.613246625268909 26
1694508191255 -5.605556858349492 27
1694508191422 -5.604835974918621 28
1694508191580 -5.606462284271342 29
1694508191745 -5.609728954432005 30
1694508191908 -5.611624373433487 31
1694508192087 -5.601905392697151 32
1694508192271 -5.609016743427792 33
1694508192442 -5.614267619126937 34
1694508192607 -5.603935662349406 35
1694508192776 -5.60733932855576 36
1694508192940 -5.609742887992847 37
1694508193102 -5.609242639482822 38
1694508193268 -5.614127018374421 39
1694508193437 -5.610683008093872 40
1694508193601 -5.614761943765838 41
1694508193760 -5.622080986995907 42
1694508193923 -5.615598618410257 43
1694508194089 -5.599856082198883 44
1694508194259 -5.60258190316666 45
1694508194424 -5.602780503256181 46
1694508194584 -5.606872225013914 47
1694508194753 -5.612740306428615 48
1694508194918 -5.627025873822938 49
