1694508185813 44.218361699199676 0
1694508186036 15.735584396967859 1
1694508186273 8.423952438972936 2
1694508186507 5.806225090282885 3
1694508186712 4.956502912661406 4
1694508186918 5.305425755404676 5
1694508187123 4.414982181971508 6
1694508187357 4.494476988451538 7
1694508187559 4.899404721094048 8
1694508187765 5.04858065876648 9
1694508187971 4.788067711588321 10
1694508188183 4.52563508574458 11
1694508188387 4.636768078566901 12
1694508188590 5.106585785911691 13
1694508188791 4.788157708706529 14
1694508189004 5.466164955144822 15
1694508189210 4.977759491863663 16
1694508189418 4.804833646131456 17
1694508189625 4.650894206846888 18
1694508189801 4.853520436999077 19
1694508189963 4.498164604716276 20
1694508190127 5.256806407598719 21
1694508190299 5.008398407295195 22
1694508190472 4.896572777691998 23
1694508190648 4.684093540702549 24
1694508190812 4.712173040893637 25
1694508190976 4.76699836122254 26
1694508191145 5.214194180730827 27
1694508191313 4.65092505639563 28
1694508191477 4.867057876529473 29
1694508191636 5.007252500769565 30
1694508191798 4.482500311908192 31
1694508191964 5.129746960815487 32
1694508192151 4.950222604078663 33
1694508192329 4.720120494509069 34
1694508192499 4.803540933300146 35
1694508192671 4.91806926451505 36
1694508192835 4.718492675482672 37
1694508192994 4.857921690618213 38
1694508193161 4.834094264397345 39
1694508193329 4.717101057865417 40
1694508193492 4.705148811887663 41
1694508193655 4.668533200193974 42
1694508193819 4.95620333683086 43
1694508193977 5.14020188879535 44
1694508194147 4.996487831501756 45
1694508194315 4.986813264213785 46
1694508194479 4.696395282294738 47
1694508194643 4.59495792170675 48
1694508194811 4.525484478409465 49
