1694490757529 -242.61675513123288 0
1694490757659 -242.5676749921291 1
1694490757797 -242.51860471127003 2
1694490757964 -242.47029179736194 3
1694490758087 -242.42198851346515 4
1694490758226 -242.37369485765598 5
1694490758353 -242.3254108280112 6
1694490758472 -242.27713642260804 7
1694490758642 -242.22887163952404 8
1694490758794 -242.18061647683717 9
1694490758934 -242.13237093262583 10
1694490759060 -242.0841350049686 11
1694490759194 -242.03590869194463 12
1694490759321 -241.98769199163354 13
1694490759462 -241.939484902115 14
1694490759575 -241.8912874214694 15
1694490759709 -241.84309954777737 16
1694490759854 -241.7949212791199 17
1694490759998 -241.74675261357842 18
1694490760132 -241.69859354923477 19
1694490760271 -241.650444084171 20
1694490760403 -241.60230421646972 21
1694490760531 -241.554173944214 22
1694490760659 -241.506053265487 23
1694490760800 -241.45794217837255 24
1694490760950 -241.4098406809547 25
1694490761080 -241.36174877131785 26
1694490761200 -241.31366644754695 27
1694490761327 -241.26559370772725 28
1694490761448 -241.21753054994434 29
1694490761572 -241.16947697228423 30
1694490761700 -241.12143297283333 31
1694490761823 -241.07339854967844 32
1694490761945 -241.0253737009066 33
1694490762079 -240.97735842460554 34
1694490762211 -240.929352718863 35
1694490762340 -240.88135658176736 36
1694490762464 -240.83337001140734 37
1694490762608 -240.785393005872 38
1694490762721 -240.73742556325072 39
1694490762844 -240.68946768163343 40
1694490762994 -240.64151935911025 41
1694490763130 -240.59358059377192 42
1694490763261 -240.54565138370924 43
1694490763384 -240.4977317270137 44
1694490763497 -240.44982162177698 45
1694490763621 -240.40192106609126 46
1694490763778 -240.35403005804903 47
1694490763906 -240.30614859574317 48
1694490764073 -240.25827667726693 49
