1694490757442 169.38500586444914 0
1694490757569 169.350889834381 1
1694490757698 169.31678065755293 2
1694490757845 169.28267833259025 3
1694490758003 169.24910220456388 4
1694490758116 169.21553276984062 5
1694490758260 169.18197002708303 6
1694490758392 169.148413974954 7
1694490758519 169.11486461211666 8
1694490758691 169.0813219372344 9
1694490758827 169.04778594897093 10
1694490758969 169.0142566459902 11
1694490759100 168.98073402695636 12
1694490759234 168.94721809053397 13
1694490759359 168.91370883538767 14
1694490759499 168.88020626018258 15
1694490759619 168.8467103635839 16
1694490759750 168.81322114425717 17
1694490759897 168.7797386008682 18
1694490760038 168.74626273208318 19
1694490760173 168.71279353656834 20
1694490760306 168.67933101299025 21
1694490760444 168.64587516001595 22
1694490760565 168.61242597631244 23
1694490760698 168.57898346054722 24
1694490760842 168.5455476113879 25
1694490760988 168.51211842750246 26
1694490761118 168.47869590755917 27
1694490761237 168.44528005022642 28
1694490761361 168.41187085417295 29
1694490761489 168.37846831806783 30
1694490761608 168.3450724405803 31
1694490761742 168.31168322038 32
1694490761863 168.27830065613657 33
1694490761990 168.2449247465202 34
1694490762113 168.2115554902012 35
1694490762254 168.17819288585022 36
1694490762375 168.14483693213805 37
1694490762509 168.11148762773593 38
1694490762636 168.0781449713152 39
1694490762760 168.04480896154757 40
1694490762879 168.01147959710494 41
1694490763034 167.97815687665954 42
1694490763174 167.9448407988838 43
1694490763295 167.9115313624505 44
1694490763418 167.87822856603265 45
1694490763536 167.84493240830352 46
1694490763657 167.81164288793656 47
1694490763818 167.77836000360563 48
1694490763944 167.74508375398483 49
