1694251613537 27641.16990291262 0
1694251613720 22366.479033576263 1
1694251613887 18481.467927585094 2
1694251614035 15461.772915575697 3
1694251614240 13056.198347564556 4
1694251614458 11118.405097064513 5
1694251614661 9549.622789937548 6
1694251614863 8276.883644195406 7
1694251615053 7242.98254926295 8
1694251615212 6402.710293063568 9
1694251615379 5719.364108807795 10
1694251615566 5163.436998790632 11
1694251615759 4711.024720422669 12
1694251615953 4342.738468890217 13
1694251616124 4042.8416007611722 14
1694251616330 3798.5563747810734 15
1694251616508 3599.5043568415194 16
1694251616663 3437.2536432886773 17
1694251616846 3304.952082845179 18
1694251617001 3197.029970303336 19
1694251617159 3108.958952598578 20
1694251617337 3037.056457610981 21
1694251617521 2978.3438322736874 22
1694251617726 2930.361505156588 23
1694251617911 2891.127111851245 24
1694251618101 2859.0271105018987 25
1694251618248 2832.7477378336034 26
1694251618445 2811.218996843158 27
1694251618609 2793.5691734116895 28
1694251618802 2779.087883085084 29
1694251619006 2767.196037731016 30
1694251619193 2757.446338103604 31
1694251619355 2749.4252392381686 32
1694251619650 2742.8186739053626 33
1694251619842 2737.37044628131 34
1694251620012 2732.8714202028723 35
1694251620184 2729.1507809215577 36
1694251620382 2726.068943602875 37
1694251620578 2723.5117872515852 38
1694251620748 2721.3859618208576 39
1694251620901 2719.6150666168423 40
1694251621109 2718.136537002593 41
1694251621291 2716.8991072923486 42
1694251621478 2715.860742568397 43
1694251621678 2714.986952244549 44
1694251621867 2714.2494144925727 45
1694251622043 2713.6248538754858 46
1694251622219 2713.094125277919 47
1694251622375 2712.6414659577927 48
1694251622550 2712.2538846442376 49
1694251622730 2711.920662380818 50
1694251622921 2711.632944509641 51
1694251623127 2711.3834070127855 52
1694251623280 2711.1659835365167 53
1694251623434 2710.9756419542523 54
1694251623629 2710.808201384134 55
1694251623832 2710.66018225437 56
1694251623979 2710.5286833755163 57
1694251624163 2710.411281091573 58
1694251624345 2710.3059464884464 59
1694251624534 2710.210977377161 60
1694251624700 2710.1249423715394 61
1694251624866 2710.046634871127 62
1694251625022 2709.975035160664 63
1694251625199 2709.9092791641233 64
1694251625386 2709.8486326579255 65
1694251625555 2709.792469965557 66
1694251625750 2709.7402563334535 67
1694251625917 2709.691533333126 68
1694251626090 2709.6459067530004 69
1694251626248 2709.6030365403512 70
1694251626434 2709.5626284328337 71
1694251626641 2709.524426983932 72
1694251626805 2709.488209739576 73
1694251626983 2709.4537823665314 74
1694251627165 2709.4209745686985 75
1694251627355 2709.3896366564995 76
1694251627540 2709.3596366583656 77
1694251627738 2709.330857882891 78
1694251627917 2709.3031968562345 79
1694251628109 2709.2765615724957 80
1694251628278 2709.250870005637 81
1694251628447 2709.226048840345 82
1694251628626 2709.202032386601 83
1694251628805 2709.178761648676 84
1694251628972 2709.1561835242596 85
1694251629136 2709.1342501135086 86
1694251629329 2709.1111298780265 87
1694251629504 2709.0906489885874 88
1694251629665 2709.070736087205 89
1694251629843 2709.051300321685 90
1694251630019 2709.030705214106 91
1694251630191 2709.012299871443 92
1694251630384 2708.994352991567 93
1694251630566 2708.9753516729447 94
1694251630734 2708.958212312267 95
1694251630908 2708.941483813962 96
1694251631090 2708.9237164822134 97
1694251631277 2708.9076431584663 98
1694251631443 2708.891934341623 99
1694251631615 2708.8751715515814 100
1694251631799 2708.860008572699 101
1694251631976 2708.8451722017567 102
1694251632176 2708.829255915167 103
1694251632338 2708.8148849869235 104
1694251632518 2708.8008104074956 105
1694251632716 2708.785626857755 106
1694251632897 2708.771956964902 107
1694251633111 2708.758559068009 108
1694251633316 2708.7440235068207 109
1694251633502 2708.730983173454 110
1694251633673 2708.718194965546 111
1694251633867 2708.7042423815024 112
1694251634029 2708.6917743177946 113
1694251634197 2708.678419666067 114
1694251634381 2708.6662995161714 115
1694251634549 2708.654453027967 116
1694251634746 2708.6415066101586 117
1694251634910 2708.629918621951 118
1694251635086 2708.6185537488345 119
