1694490842827 0.833520537982952 0
1694490842964 0.8363011880188281 1
1694490843112 0.832807230489673 2
1694490843253 0.8308462470676814 3
1694490843396 0.8337215685469687 4
1694490843539 0.8341095387063441 5
1694490843690 0.819710298393652 6
1694490843849 0.8344722457580204 7
1694490844001 0.8345353346200397 8
1694490844142 0.8242112689071514 9
1694490844288 0.82851323492114 10
1694490844434 0.8281875226411727 11
1694490844572 0.8340211101545267 12
1694490844721 0.8306669426729186 13
1694490844869 0.8342099341594034 14
1694490845018 0.8307224137471797 15
1694490845173 0.8221573084292217 16
1694490845320 0.8308586158239102 17
1694490845457 0.8305043579026081 18
1694490845599 0.8337250968059424 19
1694490845746 0.8338479356254493 20
1694490845896 0.8341828106650164 21
1694490846065 0.8344524963599214 22
1694490846215 0.8360049653555215 23
1694490846347 0.8317067046988766 24
1694490846490 0.8202736968979567 25
1694490846631 0.8335012697634092 26
1694490846776 0.8245151257755211 27
1694490846925 0.8325603867428636 28
1694490847063 0.8300838414842271 29
1694490847195 0.8356383599118687 30
1694490847339 0.8343653990560994 31
1694490847480 0.8326637218916334 32
1694490847621 0.8203580848588177 33
1694490847764 0.8344097009562157 34
1694490847916 0.830750306974211 35
1694490848062 0.8344318173835474 36
1694490848225 0.833056193243192 37
1694490848374 0.8296689126860619 38
1694490848519 0.8357000677900965 39
1694490848667 0.8342645381013004 40
1694490848816 0.8362499252825731 41
1694490848964 0.8306003518408037 42
1694490849119 0.8358213488075803 43
1694490849267 0.8332748165913128 44
1694490849414 0.8341541701653306 45
1694490849550 0.8357003539297165 46
1694490849686 0.8355285446269385 47
1694490849832 0.8336840670503592 48
1694490849979 0.8266741299542645 49
