1694490842756 0.2343694432684787 0
1694490842906 0.019243060989484927 1
1694490843039 0.46464587834229615 2
1694490843189 0.02691771993634046 3
1694490843329 0.04390191007196412 4
1694490843474 0.007012347245993216 5
1694490843621 0.16550111468856954 6
1694490843770 0.22734556270162182 7
1694490843934 0.00971924563645223 8
1694490844081 0.006737471045434325 9
1694490844220 0.0014734444479254372 10
1694490844368 0.30158326426470544 11
1694490844511 0.00048440252226641977 12
1694490844644 0.07084912690983343 13
1694490844800 0.5896077924415961 14
1694490844950 0.08872867635006079 15
1694490845096 0.23566780984508257 16
1694490845253 0.3176438155228405 17
1694490845395 0.05506880381427949 18
1694490845536 0.091529238367315 19
1694490845678 0.0012910739458530038 20
1694490845828 0.1698994533253001 21
1694490845991 0.07583738299929546 22
1694490846144 0.14732325505696806 23
1694490846291 0.0035590849947920986 24
1694490846423 0.1708862319617044 25
1694490846562 0.002324875012326363 26
1694490846708 0.49478516404033496 27
1694490846855 0.3379627159981159 28
1694490847006 0.15545275488226262 29
1694490847136 0.013338451317871735 30
1694490847272 0.13180527907686268 31
1694490847417 0.054480534639507895 32
1694490847559 0.07344673866070199 33
1694490847698 5.5504848265699737e-05 34
1694490847845 0.10617142554637489 35
1694490847994 0.00919332820645165 36
1694490848153 0.1935320367290946 37
1694490848303 0.026279827462922727 38
1694490848451 0.230330596963899 39
1694490848598 0.14041394797131446 40
1694490848744 0.001907455410775925 41
1694490848895 0.37696126710902395 42
1694490849049 0.3574327784601917 43
1694490849197 0.08478431543838143 44
1694490849346 0.23342148256780718 45
1694490849492 0.11549129713117656 46
1694490849623 0.0234035935769058 47
1694490849763 0.000657695552802779 48
1694490849910 0.10253388811867084 49
