1694489639408 -242.83703768538314 0
1694489639502 -239.57906945279512 1
1694489639603 -236.36897042631236 2
1694489639706 -233.20569101502164 3
1694489639813 -230.0889629674426 4
1694489639921 -227.01852087748992 5
1694489640010 -223.9925254357344 6
1694489640107 -221.0112855737156 7
1694489640211 -218.0736310296162 8
1694489640316 -215.1790104726138 9
1694489640425 -212.32705820738695 10
1694489640527 -209.51682543870842 11
1694489640630 -206.74746848380798 12
1694489640730 -204.01863303010282 13
1694489640840 -201.329603020393 14
1694489640940 -198.6798338334874 15
1694489641034 -196.06895234274145 16
1694489641136 -193.4961028485237 17
1694489641227 -190.96040356721767 18
1694489641319 -188.46172135341814 19
1694489641419 -185.9995535597716 20
1694489641510 -183.57297427321168 21
1694489641597 -181.1820489778312 22
1694489641682 -178.82561592352678 23
1694489641782 -176.50306287600566 24
1694489641883 -174.2145923183272 25
1694489641983 -171.95902444643906 26
1694489642083 -169.73624628389095 27
1694489642182 -167.54540422537843 28
1694489642284 -165.3865243442513 29
1694489642392 -163.25870828031654 30
1694489642497 -161.1615985557516 31
1694489642592 -159.0947410586631 32
1694489642681 -157.05769412588413 33
1694489642777 -155.049862663137 34
1694489642868 -153.0711678950966 35
1694489642952 -151.12062978364747 36
1694489643054 -149.19834419041183 37
1694489643154 -147.3034709168252 38
1694489643256 -145.43589906833583 39
1694489643359 -143.59523457361382 40
1694489643453 -141.78076596525278 41
1694489643547 -139.99247718426025 42
1694489643648 -138.22946033657263 43
1694489643749 -136.49176280318434 44
1694489643851 -134.77884662611442 45
1694489643943 -133.09057718328458 46
1694489644028 -131.42613573534751 47
1694489644123 -129.78541252398827 48
1694489644225 -128.16826127582274 49
