1694510130189 -116.05880594929025 0
1694510130387 -54.488160804842686 1
1694510130600 -25.370955093603516 2
1694510130780 -11.595409323633495 3
1694510130966 -5.070376709837717 4
1694510131151 -1.982012725039957 5
1694510131358 -0.5175507549947342 6
1694510131587 0.17791876499179105 7
1694510131806 0.5091918627441832 8
1694510132023 0.6670409986345789 9
1694510132227 0.74308578912451 10
1694510132427 0.7795204573104992 11
1694510132616 0.797144880144247 12
1694510132820 0.8059933938591366 13
1694510132993 0.8102983915194745 14
1694510133158 0.8123320528736495 15
1694510133314 0.8134290520689629 16
1694510133480 0.8139544947561117 17
1694510133643 0.8143339424865046 18
1694510133800 0.8144859436804475 19
1694510133972 0.8145661290773893 20
1694510134135 0.8145892220932697 21
1694510134290 0.8146258776815544 22
1694510134444 0.8146327594516978 23
1694510134603 0.8146554687327409 24
1694510134780 0.8146558195772718 25
