1694510130094 81.37846311635806 0
1694510130285 37.731258692169234 1
1694510130510 15.899389698809982 2
1694510130691 7.571371781150428 3
1694510130879 2.873736233482779 4
1694510131062 2.721322192692313 5
1694510131254 0.6716113537160251 6
1694510131485 0.13651262722455235 7
1694510131701 0.2679187865640316 8
1694510131928 0.0002031770108854288 9
1694510132136 0.044315257306186226 10
1694510132341 0.008204403325334883 11
1694510132514 0.062450328464565254 12
1694510132722 0.0630246346499731 13
1694510132908 0.5309368475410644 14
1694510133081 0.01624790355511171 15
1694510133237 0.0006828446416980345 16
1694510133403 0.09392300316822978 17
1694510133562 0.04184928873240629 18
1694510133723 0.029193636884934596 19
1694510133898 0.014540606215309686 20
1694510134060 0.005934123425213285 21
1694510134215 0.2415232240884258 22
1694510134371 0.0772014956362849 23
1694510134523 0.012523997530605594 24
1694510134700 0.01930254474442583 25
