1694489794819 -232.20599819499705 0
1694489794977 -231.73953758352187 1
1694489795128 -231.27410401338236 2
1694489795305 -230.80969512936477 3
1694489795434 -230.34630858178033 4
1694489795557 -229.8839420264519 5
1694489795679 -229.42259312470128 6
1694489795824 -228.96225954333602 7
1694489795961 -228.50293895463625 8
1694489796101 -228.0446290363419 9
1694489796228 -227.58732747163953 10
1694489796349 -227.13103194914967 11
1694489796495 -226.67574016291363 12
1694489796637 -226.22144981238077 13
1694489796765 -225.76815860239566 14
1694489796901 -225.3158642431852 15
1694489797035 -224.86456445034594 16
1694489797198 -224.41425694483135 17
1694489797322 -223.9649394529389 18
1694489797453 -223.51660970629766 19
1694489797581 -223.06926544185532 20
1694489797702 -222.6229044018659 21
1694489797827 -222.17752433387687 22
1694489797955 -221.73312299071682 23
1694489798079 -221.28969813048266 24
1694489798205 -220.8472475165274 25
1694489798332 -220.40576891744746 26
1694489798484 -219.96526010707035 27
1694489798674 -219.5257188644421 28
1694489798845 -219.08714297381505 29
1694489798972 -218.64953022463544 30
1694489799093 -218.212878411531 31
1694489799220 -217.77718533429862 32
1694489799344 -217.34244879789242 33
1694489799478 -216.90866661241108 34
1694489799596 -216.47583659308575 35
1694489799720 -216.0439565602681 36
1694489799854 -215.6130243394179 37
1694489799980 -215.18303776109093 38
1694489800103 -214.75399466092705 39
1694489800238 -214.325892879638 40
1694489800364 -213.89873026299531 41
1694489800483 -213.47250466181856 42
1694489800608 -213.047213931963 43
1694489800747 -212.62285593430792 44
1694489800875 -212.19942853474473 45
1694489801045 -211.7769296041646 46
1694489801175 -211.35535701844742 47
1694489801306 -210.93470865844918 48
1694489801429 -210.51498240999058 49
