1694506917602 -1.0561667109894555 0
1694506918037 -1.3315023989885866 1
1694506918418 -1.119475525417525 2
1694506918837 -1.2417906217029806 3
1694506919254 -1.0656366626454616 4
1694506919622 -0.9743404232950779 5
1694506920087 -1.257264548669362 6
1694506920494 -1.3703630399435558 7
1694506920944 -1.271944516418067 8
1694506921381 -1.0366020486835108 9
1694506921762 -1.0170063362179693 10
1694506922164 -1.2128408063561604 11
1694506922552 -1.0399471143873225 12
1694506922936 -0.9061483882408601 13
1694506923339 -1.2615266608193294 14
1694506923720 -1.1367281904765418 15
1694506924103 -0.9589413926681003 16
1694506924510 -1.021783356896261 17
1694506924940 -1.0878039327581002 18
1694506925352 -1.0086453429420605 19
1694506925744 -1.1368087817346235 20
1694506926151 -1.062246954513696 21
1694506926582 -1.0846455808179383 22
1694506926947 -1.0222364079003428 23
1694506927360 -1.2338387712453178 24
1694506927795 -1.0174851938567158 25
1694506928197 -1.0750610829347473 26
1694506928591 -1.4418976020215153 27
1694506929003 -1.2105967699669504 28
1694506929379 -1.1016635013846763 29
1694506929816 -1.3365867584304056 30
1694506930193 -1.14262021991577 31
1694506930580 -1.0864718097185184 32
1694506930950 -1.0927408383182864 33
1694506931323 -1.2044274262438055 34
1694506931740 -0.9264199147513066 35
1694506932158 -1.0255650844940924 36
1694506932553 -1.1587415481896914 37
1694506932959 -1.1836845070309518 38
1694506933391 -0.8979190777380526 39
1694506933765 -1.1876154124472391 40
1694506934186 -1.516713796152514 41
1694506934583 -1.1356474821001679 42
1694506934979 -1.1635190744866106 43
1694506935363 -1.1875383081401414 44
1694506935778 -1.1021072879593379 45
1694506936183 -0.9355517787216163 46
1694506936585 -1.012426055802289 47
1694506937020 -1.2200888901673164 48
1694506937421 -1.0482450401520818 49
