1694506917365 1.3146599252759794 0
1694506917783 2.2674147514757 1
1694506918180 1.0748340417651983 2
1694506918603 0.8678734426023221 3
1694506918999 1.977091653145399 4
1694506919401 1.6136039403567466 5
1694506919795 3.213252557475528 6
1694506920256 1.5649005744050857 7
1694506920686 2.151382058260625 8
1694506921109 1.6701048922376738 9
1694506921560 1.7694971197526381 10
1694506921922 2.317954400669108 11
1694506922320 0.9530998801708728 12
1694506922698 4.9747667466045735 13
1694506923092 1.0620050498441982 14
1694506923486 1.6553858031262403 15
1694506923879 1.5663992776819178 16
1694506924272 1.699054141602608 17
1694506924686 2.396515887090435 18
1694506925095 1.1308358971823764 19
1694506925501 1.5257039530104448 20
1694506925925 1.470967759395373 21
1694506926319 1.41264784845608 22
1694506926729 1.0827428434244988 23
1694506927140 1.165603881654837 24
1694506927548 3.345678432959812 25
1694506927959 2.5932475193966096 26
1694506928377 0.48673772579107083 27
1694506928742 0.422865534951817 28
1694506929141 1.119466663255588 29
1694506929559 0.4005321191336117 30
1694506929969 1.3689284748792738 31
1694506930352 1.2280254644781876 32
1694506930737 1.3307421682190979 33
1694506931117 0.02361694811605057 34
1694506931482 1.470484914547715 35
1694506931939 1.3253045340136498 36
1694506932316 1.1053614061177863 37
1694506932722 0.7148019207515646 38
1694506933125 2.5462868474697937 39
1694506933542 1.1886138329341323 40
1694506933939 2.4853597519849053 41
1694506934348 1.6826553473410213 42
1694506934750 0.7497932964285153 43
1694506935141 0.7211851750911229 44
1694506935531 1.0983097532904675 45
1694506935949 0.636804169495852 46
1694506936355 2.6032314613288334 47
1694506936762 0.683949194565371 48
1694506937194 0.9555248087000152 49
