1694489833384 -241.23852007356857 0
1694489833536 -236.43985819968037 1
1694489833667 -231.7459192452327 2
1694489833834 -227.15432271579138 3
1694489833981 -222.6627434186334 4
1694489834107 -218.26891022029432 5
1694489834241 -213.97060477418052 6
1694489834377 -209.76566027832223 7
1694489834503 -205.65196026255083 8
1694489834648 -201.62743740440135 9
1694489834774 -197.69007237305738 10
1694489834908 -193.83789270067106 11
1694489835033 -190.0689716804095 12
1694489835164 -186.38142729059072 13
1694489835288 -182.77342114429018 14
1694489835414 -179.2431574638128 15
1694489835541 -175.78888207943893 16
1694489835664 -172.4088814518686 17
1694489835798 -169.10148171779994 18
1694489835977 -165.8650477580933 19
1694489836112 -162.69798228798402 20
1694489836247 -159.59872496881957 21
1694489836373 -156.5657515408114 22
1694489836495 -153.59757297630054 23
1694489836630 -150.69273465305102 24
1694489836752 -147.84981554709523 25
1694489836876 -145.06742744466615 26
1694489836992 -142.34421417276474 27
1694489837101 -139.6788508479183 28
1694489837240 -137.07004314269918 29
1694489837353 -134.51652656958134 30
1694489837483 -132.01706578172397 31
1694489837599 -129.57045389027928 32
1694489837735 -127.1755117978332 33
1694489837865 -124.83108754759535 34
1694489837990 -122.53605568796512 35
1694489838139 -120.28931665210798 36
1694489838269 -118.0897961521869 37
1694489838389 -115.9364445879001 38
1694489838516 -113.82823646898642 39
1694489838644 -111.76416985136633 40
1694489838776 -109.74326578659537 41
1694489838912 -107.76456778431405 42
1694489839044 -105.82714128738573 43
1694489839175 -103.93007315942197 44
1694489839305 -102.07247118440094 45
1694489839423 -100.25346357809228 46
1694489839551 -98.47219851100866 47
1694489839675 -96.72784364261007 48
1694489839799 -95.01958566649458 49
