1694489833292 169.08902758239503 0
1694489833431 165.72599766401987 1
1694489833565 162.43984264156873 2
1694489833703 159.225429971941 3
1694489833873 156.081128533693 4
1694489834019 153.00534510129094 5
1694489834141 149.9965234936734 6
1694489834278 147.05314370232864 7
1694489834419 144.17372104002555 8
1694489834553 141.35680530970785 9
1694489834686 138.6009799930721 10
1694489834814 135.90486145836115 11
1694489834942 133.26709818691754 12
1694489835067 130.68637001804993 13
1694489835196 128.1613874117782 14
1694489835325 125.69089072903236 15
1694489835455 123.27364952888989 16
1694489835579 120.90846188244777 17
1694489835702 118.59415370293323 18
1694489835836 116.3295780916677 19
1694489836015 114.11361469950752 20
1694489836159 111.94516910339358 21
1694489836285 109.82317219765119 22
1694489836408 107.74657959968967 23
1694489836531 105.71437106975984 24
1694489836659 103.72554994443547 25
1694489836786 101.77914258349291 26
1694489836908 99.87419782987035 27
1694489837027 98.00978648239678 28
1694489837142 96.18500078098687 29
1694489837273 94.39895390400606 30
1694489837396 92.650779477517 31
1694489837512 90.93963109612505 32
1694489837638 89.2646818551477 33
1694489837771 87.62512389383882 34
1694489837894 86.02016794940606 35
1694489838036 84.44904292156414 36
1694489838181 82.91099544737482 37
1694489838304 81.40528948612926 38
1694489838428 79.93120591403432 39
1694489838553 78.48804212847 40
1694489838684 77.07511166159149 41
1694489838817 75.6917438030535 42
1694489838951 74.3372832316407 43
1694489839084 73.01108965559328 44
1694489839211 71.7125374614207 45
1694489839339 70.44101537100303 46
1694489839464 69.19592610678257 47
1694489839589 67.97668606485468 48
1694489839713 66.78272499576963 49
