1694508559675 169.34901212942756 0
1694508559874 169.31513570535824 1
1694508560073 169.28126674291553 2
1694508560255 169.24740524038748 3
1694508560427 169.21355119606233 4
1694508560600 169.17970460822886 5
1694508560788 169.14586547517627 6
1694508560968 169.11203379519404 7
1694508561140 169.0782095665721 8
1694508561307 169.0443927876009 9
1694508561516 169.01058345657114 10
1694508561700 168.976781571774 11
1694508561886 168.942987131501 12
1694508562086 168.90920013404417 13
1694508562304 168.87542057769576 14
1694508562496 168.84164846074864 15
1694508562692 168.80788378149595 16
1694508562897 168.77412653823114 17
1694508563118 168.7403767292483 18
1694508563323 168.70663435284177 19
1694508563506 168.6728994073063 20
1694508563696 168.639171890937 21
1694508563864 168.60545180202953 22
1694508564056 168.57173913887976 23
1694508564253 168.53803389978418 24
1694508564455 168.50433608303942 25
1694508564665 168.4706456869427 26
1694508564832 168.43696270979163 27
1694508565008 168.40328714988408 28
1694508565182 168.36961900551847 29
1694508565368 168.33595827499357 30
1694508565532 168.30230495660854 31
1694508565724 168.2686590486629 32
1694508565912 168.23502054945666 33
1694508566094 168.2013894572901 34
1694508566250 168.1677657704641 35
1694508566437 168.1341494872797 36
1694508566632 168.10054060603855 37
1694508566828 168.06693912504255 38
1694508567001 168.03334504259408 39
1694508567178 167.99975835699587 40
1694508567354 167.9661790665511 41
1694508567527 167.93260716956328 42
1694508567695 167.89904266433632 43
1694508567874 167.86548554917465 44
1694508568051 167.831935822383 45
1694508568229 167.79839348226653 46
1694508568404 167.76485852713068 47
1694508568588 167.73133095528146 48
1694508568763 167.6978107650252 49
