1694509183004 -126.14507628315584 0
1694509183196 -64.54439311186475 1
1694509183387 -32.960808599226965 2
1694509183570 -16.74231013143071 3
1694509183748 -8.383188075239154 4
1694509183943 -4.055628114046292 5
1694509184127 -1.803275463556861 6
1694509184298 -0.6205126843719349 7
1694509184473 0.005206354478523911 8
1694509184651 0.34238316947842584 9
1694509184826 0.5263723556245898 10
1694509184998 0.6288274709072594 11
1694509185184 0.6876332224569167 12
1694509185374 0.7220127153188662 13
1694509185577 0.7428987928765933 14
1694509185743 0.7557090533939255 15
1694509185914 0.7637950698155919 16
1694509186087 0.7693010934350527 17
1694509186253 0.7729990646414403 18
1694509186446 0.7753061856506649 19
1694509186626 0.7769100746806636 20
1694509186805 0.7779315138858982 21
1694509186980 0.7788475068206471 22
1694509187143 0.7794006536977335 23
1694509187310 0.779962396341834 24
1694509187507 0.7802772830595037 25
1694509187691 0.7802221018648088 26
1694509187890 0.7805740724151666 27
1694509188063 0.7806568378659313 28
1694509188235 0.78071991349285 29
1694509188420 0.780579338006801 30
1694509188594 0.7807399161859185 31
1694509188767 0.7806960577488131 32
1694509188954 0.7808273404743937 33
1694509189153 0.7809301903660537 34
1694509189355 0.7808405069822237 35
1694509189548 0.7807798649178984 36
1694509189743 0.7806414966749625 37
1694509189927 0.7806443597027186 38
1694509190117 0.780825703037514 39
1694509190287 0.7808449102876851 40
1694509190461 0.7808536319953019 41
1694509190635 0.7807139236052867 42
1694509190801 0.780666943956113 43
1694509190969 0.7807092880021368 44
1694509191166 0.7808137643669643 45
1694509191332 0.780910866920992 46
1694509191499 0.7808783108335318 47
1694509191665 0.7808470073761535 48
1694509191825 0.7807596804156577 49
