1694509182920 87.700945741989 0
1694509183100 42.09862465766825 1
1694509183305 28.222587058851786 2
1694509183491 17.90980036207317 3
1694509183657 9.597975485970274 4
1694509183862 3.2244316081773596 5
1694509184041 4.158414144970084 6
1694509184222 0.27786561058301795 7
1694509184397 0.43683218522317524 8
1694509184572 1.1146511414585585 9
1694509184745 0.2887073290142316 10
1694509184915 0.0670844737971109 11
1694509185095 0.06601644008757118 12
1694509185288 0.09292542917536581 13
1694509185490 0.14488678406620234 14
1694509185664 0.10078049480923983 15
1694509185830 0.11382529197863209 16
1694509186001 4.710573753297097e-05 17
1694509186171 0.39846851033986946 18
1694509186358 0.12291591148344294 19
1694509186544 0.018380709055834235 20
1694509186725 0.16603558254302592 21
1694509186901 0.04831224307822933 22
1694509187065 0.010815281535701854 23
1694509187229 0.07928212636595341 24
1694509187416 0.014943263189182614 25
1694509187607 3.301608355179913e-05 26
1694509187809 0.06287405581644373 27
1694509187977 0.04269187983045392 28
1694509188153 0.002619867012589384 29
1694509188339 0.00021663154817426123 30
1694509188511 0.00026660006380438677 31
1694509188682 0.10270554697098123 32
1694509188873 0.2042847173436508 33
1694509189053 0.4054487894358779 34
1694509189266 0.07766645696407304 35
1694509189461 0.0476433393144356 36
1694509189656 0.13203312741832113 37
1694509189843 0.1706067066313406 38
1694509190030 0.024499828874088452 39
1694509190205 0.01523876770544643 40
1694509190381 0.003527573589717923 41
1694509190554 0.5299564936538818 42
1694509190721 0.3400840718704984 43
1694509190888 0.10253930067283225 44
1694509191083 0.019385333778863156 45
1694509191250 0.0805472270155096 46
1694509191417 0.023253542350584848 47
1694509191586 0.15352779545516496 48
1694509191750 0.09650891290838763 49
