1694509864607 -245.62702081488953 0
1694509864784 -245.58303097852163 1
1694509864957 -245.53904898035034 2
1694509865154 -245.49507486787337 3
1694509865323 -245.45110863967312 4
1694509865513 -245.40715029433304 5
1694509865677 -245.36319983043654 6
1694509865841 -245.31925724656745 7
1694509866001 -245.2753225413099 8
1694509866149 -245.23139571324802 9
1694509866336 -245.18747676096652 10
1694509866519 -245.1435656830502 11
1694509866699 -245.099662478084 12
1694509866860 -245.05576714465337 13
1694509867002 -245.01187968134383 14
1694509867142 -244.96800008674123 15
1694509867280 -244.92412835943162 16
1694509867441 -244.88026449800134 17
1694509867579 -244.83640850103708 18
1694509867719 -244.79256036712553 19
1694509867877 -244.74872009485392 20
1694509868029 -244.70488768280956 21
1694509868167 -244.66106312958001 22
1694509868319 -244.6172464337532 23
1694509868473 -244.5734375939172 24
1694509868668 -244.52963660866047 25
1694509868822 -244.48584347657155 26
1694509868973 -244.4420581962393 27
1694509869120 -244.3982807662529 28
1694509869253 -244.35451118520177 29
1694509869401 -244.3107494516755 30
1694509869530 -244.266995564264 31
1694509869683 -244.22324952155742 32
1694509869861 -244.17951132214614 33
1694509870036 -244.13578096462086 34
1694509870195 -244.0920584475724 35
1694509870337 -244.04834376959207 36
1694509870493 -244.0046369292712 37
1694509870672 -243.9609379252014 38
1694509870864 -243.91724675597465 39
1694509871025 -243.87356342018316 40
1694509871218 -243.82988791641935 41
1694509871365 -243.7862202432758 42
1694509871517 -243.74256039934556 43
1694509871681 -243.69890838322186 44
1694509871862 -243.65526419349797 45
1694509872003 -243.61162782876772 46
1694509872169 -243.567999287625 47
1694509872343 -243.52437856866405 48
1694509872513 -243.4807656704793 49
