1694506861664 -55.15795659359615 0
1694506861980 -15.683671372637793 1
1694506862274 -5.733665922475629 2
1694506862601 -2.7942053801269173 3
1694506862932 -1.7749319948026132 4
1694506863218 -1.3712899364967708 5
1694506863512 -1.2071017749913966 6
1694506863847 -1.1360386582309983 7
1694506864149 -1.106795422486056 8
1694506864426 -1.0932764021609542 9
1694506864759 -1.091317445442943 10
1694506865098 -1.0849746346536837 11
1694506865433 -1.0852426815380083 12
1694506865772 -1.0816714387242872 13
1694506866096 -1.0867399541008416 14
1694506866366 -1.082974677113143 15
1694506866655 -1.0830148378337707 16
1694506867004 -1.077679175385804 17
1694506867376 -1.0785052361802197 18
1694506867712 -1.0747214316896665 19
1694506868028 -1.0782613587030485 20
1694506868353 -1.0768703808957776 21
1694506868684 -1.0797576922803023 22
1694506869059 -1.0773909076455035 23
1694506869367 -1.0780459218766034 24
1694506869674 -1.0772396870691634 25
1694506869981 -1.0771475615773163 26
1694506870265 -1.0790512659591935 27
1694506870601 -1.0818347056956839 28
1694506870951 -1.0856896906957036 29
1694506871324 -1.0803735260169014 30
1694506871649 -1.0788106819561114 31
1694506871973 -1.0792265523905882 32
1694506872250 -1.083978637668595 33
1694506872537 -1.0820062262426853 34
1694506872852 -1.0822321944683542 35
1694506873171 -1.0803198136769825 36
1694506873460 -1.082960165576464 37
1694506873740 -1.081167099924103 38
1694506874054 -1.085506970189571 39
1694506874339 -1.0853645998471486 40
1694506874625 -1.0839120745750042 41
1694506874951 -1.0858552577374416 42
1694506875290 -1.0815128607558666 43
1694506875666 -1.0841717098603083 44
1694506876006 -1.0861394882604514 45
1694506876304 -1.0825855198593755 46
1694506876612 -1.0833157718689153 47
1694506876918 -1.0826462014881657 48
1694506877248 -1.0813929757206777 49
