1694506861470 46.209503884341444 0
1694506861791 10.62260734656144 1
1694506862107 3.312656413998216 2
1694506862412 3.3673840430695425 3
1694506862732 0.4801755997184122 4
1694506863061 1.0112633524635135 5
1694506863333 0.713011394475967 6
1694506863651 1.536548764467038 7
1694506863977 1.817588048134036 8
1694506864261 1.6931605126975293 9
1694506864560 2.2998358758117794 10
1694506864891 1.129377550829812 11
1694506865235 3.193434743612987 12
1694506865577 3.6071849846348023 13
1694506865914 1.1336185388866609 14
1694506866229 1.114679511550052 15
1694506866476 1.182667641806672 16
1694506866777 0.8269156480850337 17
1694506867148 0.4369695494890843 18
1694506867525 2.887632173108445 19
1694506867845 1.4566469554567885 20
1694506868151 1.657461985367158 21
1694506868487 2.325370244949469 22
1694506868817 1.6804097723965237 23
1694506869176 1.211664788804437 24
1694506869500 0.20118768333286902 25
1694506869811 2.4989155344687495 26
1694506870099 1.0490216509326065 27
1694506870390 2.2148474978994726 28
1694506870741 1.2881903366979266 29
1694506871089 0.7072751873898588 30
1694506871447 0.43263943669406385 31
1694506871787 2.7217655224216175 32
1694506872105 2.1462214696159654 33
1694506872367 1.4782735926141923 34
1694506872662 2.1993967338474913 35
1694506872985 0.07838068754627135 36
1694506873302 1.3675671746032574 37
1694506873569 3.8223108621312267 38
1694506873856 2.2030639440645543 39
1694506874183 0.9091375904403209 40
1694506874450 2.2874067638929178e-05 41
1694506874758 2.253399774074317 42
1694506875086 1.4853363203931935 43
1694506875435 1.0355904180571696 44
1694506875802 1.9783286962866813 45
1694506876154 0.6094938924066401 46
1694506876437 1.7419758128479006 47
1694506876746 1.0716583111943208 48
1694506877046 1.3342406343399946 49
