1694490941097 0.21998754301716755 0
1694490941256 0.010324701265219215 1
1694490941400 0.3318251512996984 2
1694490941538 0.10819698404115888 3
1694490941687 6.08323406781222e-06 4
1694490941827 0.06746375820990219 5
1694490941985 0.002703405436856729 6
1694490942142 0.05713114256991939 7
1694490942288 0.5346590894839853 8
1694490942428 1.1005920708208086 9
1694490942571 0.12056441142543112 10
1694490942716 0.010205183486554616 11
1694490942850 0.07815830063274047 12
1694490942993 8.951653621927351e-05 13
1694490943148 0.27032245560047896 14
1694490943291 0.21386193522464855 15
1694490943435 0.00020078553523222435 16
1694490943588 0.011696681235256226 17
1694490943733 0.2918691316462131 18
1694490943889 0.013288776563142122 19
1694490944036 0.016982293873065556 20
1694490944175 0.03094053093310688 21
1694490944320 0.7913851600820585 22
1694490944458 0.0006546351026934199 23
1694490944594 0.0010516386290823404 24
1694490944730 0.00029851855026376983 25
1694490944875 1.2789987611884053 26
1694490945018 0.019680367365606615 27
1694490945162 0.320298021074374 28
1694490945306 0.016115667821007096 29
1694490945468 0.13756772878027568 30
1694490945613 0.3712761552231955 31
1694490945743 0.16214942315131256 32
1694490945881 0.011680288160704017 33
1694490946022 0.4152549186249181 34
1694490946155 0.19146338526601062 35
1694490946297 0.28207062125831306 36
1694490946441 0.00029444895059363657 37
1694490946582 0.0017798375996900307 38
1694490946724 0.2884310250732294 39
1694490946868 0.005997055936886476 40
1694490947012 0.04590847005820968 41
1694490947160 0.14147952338015632 42
1694490947305 0.0016015288320823363 43
1694490947437 1.024488831354121 44
1694490947579 0.06387613578913343 45
1694490947729 0.35623090846046884 46
1694490947875 0.500876293170956 47
1694490948022 0.03941203633493571 48
1694490948176 0.0005888536499243293 49
