1694509091529 -116.7892849138617 0
1694509091706 -55.44936519413767 1
1694509091883 -26.24845338643752 2
1694509092054 -12.306897196644378 3
1694509092247 -5.62045776556512 4
1694509092415 -2.3933373304703256 5
1694509092584 -0.8207455031036681 6
1694509092753 -0.04578567346217577 7
1694509092940 0.34289428561296975 8
1694509093114 0.5411378204063283 9
1694509093280 0.6455364136363546 10
1694509093450 0.7013750113875822 11
1694509093648 0.7325693245332416 12
1694509093837 0.7507181846072913 13
1694509094017 0.7615248300086392 14
1694509094194 0.7684521754628278 15
1694509094364 0.7725270465146987 16
1694509094534 0.7753948598879287 17
1694509094705 0.7772421956980562 18
1694509094889 0.7783042838817853 19
1694509095074 0.7786240387524951 20
1694509095242 0.7792685652964638 21
1694509095412 0.7799415959849632 22
1694509095580 0.7803815657069832 23
1694509095775 0.7804942689297854 24
1694509095950 0.7805708704066032 25
1694509096122 0.7804755548588602 26
1694509096307 0.780354767119442 27
1694509096474 0.7802090495696833 28
1694509096640 0.7806679235359486 29
1694509096806 0.7805408708496069 30
1694509096971 0.7804569735415261 31
1694509097139 0.7804065288987937 32
1694509097304 0.780348729906354 33
1694509097492 0.7808246071925313 34
1694509097662 0.781015907544096 35
1694509097839 0.7809461914276841 36
1694509098016 0.7809513339017878 37
1694509098202 0.7810432479283171 38
1694509098374 0.7807382880804667 39
1694509098542 0.7805060509972022 40
1694509098719 0.7803645702572658 41
1694509098881 0.7804806407739724 42
1694509099067 0.7803544083593333 43
1694509099233 0.7806695922579616 44
1694509099424 0.7807513509875588 45
1694509099609 0.780887912498403 46
1694509099787 0.7808747887381923 47
1694509099958 0.7808390842162819 48
1694509100147 0.7808269032100486 49
