1694509091440 70.18631237849648 0
1694509091625 34.31156110693206 1
1694509091801 21.762767735630952 2
1694509091970 8.935448967356495 3
1694509092163 4.962451995579724 4
1694509092333 1.5843092210042653 5
1694509092505 1.864630894271873 6
1694509092670 0.6377647313912768 7
1694509092857 0.3871124392380646 8
1694509093033 0.11813081292361927 9
1694509093199 0.46349949304632443 10
1694509093367 0.054536249971768015 11
1694509093562 0.17555035889018092 12
1694509093750 0.4735070354972394 13
1694509093924 0.5088316830058331 14
1694509094112 0.01515780852821724 15
1694509094283 0.0034376941289302556 16
1694509094453 0.06632088721637933 17
1694509094623 0.022339256185322866 18
1694509094804 0.016277426038950608 19
1694509094994 0.4227263926458257 20
1694509095164 0.07893493223290583 21
1694509095327 0.4215474568906223 22
1694509095497 0.027610725029596946 23
1694509095681 0.0094041820486753 24
1694509095869 0.25132330850451323 25
1694509096040 0.002034692308999338 26
1694509096226 0.4852506169849441 27
1694509096394 0.009200338239313538 28
1694509096559 0.6252326436881704 29
1694509096727 0.3203002787421083 30
1694509096891 0.0004911929466867649 31
1694509097058 0.017158484803393652 32
1694509097223 0.0023332616992275835 33
1694509097406 0.2648120590166337 34
1694509097580 0.404851358101517 35
1694509097750 0.09696303313964205 36
1694509097934 0.0037401198706044337 37
1694509098120 0.0038797403272306397 38
1694509098297 0.0017004655003113867 39
1694509098460 0.7485996860037443 40
1694509098639 0.0009682642286397399 41
1694509098804 0.20122159895623712 42
1694509098985 0.12278735970022277 43
1694509099152 0.5494976732020939 44
1694509099342 0.2060891960947681 45
1694509099526 0.020595494541883516 46
1694509099708 0.1038001265859467 47
1694509099875 0.023813622292508205 48
1694509100059 0.08004429718393062 49
