1694508425379 -60.92141810606505 0
1694508425534 -21.489987497198637 1
1694508425676 -11.097218657363054 2
1694508425816 -7.813716567033044 3
1694508425952 -6.639847018537101 4
1694508426086 -6.182023675151066 5
1694508426228 -6.00826463894685 6
1694508426368 -5.9304521917924164 7
1694508426510 -5.890354789147545 8
1694508426648 -5.895382462421821 9
1694508426789 -5.894774548016043 10
1694508426928 -5.887634085497651 11
1694508427065 -5.876723420471305 12
1694508427206 -5.883128391526455 13
1694508427346 -5.886494536280066 14
1694508427486 -5.890871658337332 15
1694508427637 -5.88957883744521 16
1694508427792 -5.889041812467787 17
1694508427931 -5.893934619380782 18
1694508428057 -5.888578073473586 19
1694508428187 -5.885898105297789 20
1694508428325 -5.885962418409914 21
