1694508425284 43.968354434544295 0
1694508425436 15.682786826431041 1
1694508425581 8.32970489407755 2
1694508425728 6.38179243741689 3
1694508425863 5.617811252725562 4
1694508426002 4.858129415981027 5
1694508426135 4.680676970438245 6
1694508426276 5.084911806395751 7
1694508426416 4.891055234717008 8
1694508426559 4.362912135568892 9
1694508426696 4.752933049095185 10
1694508426840 4.923223671548468 11
1694508426980 5.3373643392931 12
1694508427113 4.897419081526325 13
1694508427253 4.699038611242176 14
1694508427394 4.789063885753079 15
1694508427540 4.808047069724488 16
1694508427689 5.146661776885759 17
1694508427840 4.960713233615269 18
1694508427972 4.49143956051547 19
1694508428097 5.029965149556358 20
1694508428235 4.77319016729159 21
