1694489810616 169.089027582395 0
1694489810740 169.0552299450877 1
1694489810864 169.02143974409177 2
1694489811023 168.9876569777033 3
1694489811189 168.95388164421888 4
1694489811321 168.92011374193547 5
1694489811453 168.88635326915042 6
1694489811602 168.85260022416136 7
1694489811726 168.81885460526647 8
1694489811870 168.7851164107643 9
1694489811999 168.75138563895376 10
1694489812131 168.71766228813422 11
1694489812270 168.6839463566054 12
1694489812410 168.6502378426674 13
1694489812530 168.6165367446207 14
1694489812661 168.58284306076627 15
1694489812791 168.5491567894055 16
1694489812909 168.51547792883997 17
1694489813032 168.48180647737186 18
1694489813159 168.4481424333038 19
1694489813277 168.41448579493849 20
1694489813434 168.38083656057938 21
1694489813572 168.34719472853013 22
1694489813701 168.31356029709482 23
1694489813832 168.27993326457806 24
1694489813988 168.24631362928469 25
1694489814154 168.21270138951988 26
1694489814304 168.17909654358957 27
1694489814446 168.1454990897996 28
1694489814560 168.11190902645666 29
1694489814691 168.07832635186753 30
1694489814805 168.04475106433947 31
1694489814921 168.01118316218023 32
1694489815044 167.97762264369788 33
1694489815175 167.94406950720085 34
1694489815301 167.910523750998 35
1694489815419 167.87698537339867 36
1694489815545 167.84345437271242 37
1694489815670 167.80993074724938 38
1694489815790 167.77641449531998 39
1694489815919 167.742905615235 40
1694489816046 167.7094041053058 41
1694489816177 167.67590996384394 42
1694489816305 167.6424231891615 43
1694489816433 167.60894377957086 44
1694489816561 167.5754717333849 45
1694489816680 167.54200704891682 46
1694489816807 167.50854972448022 47
1694489816935 167.47509975838912 48
1694489817057 167.44165714895792 49
