1694490420607 -200.62395771722285 0
1694490420718 -173.00884868822888 1
1694490420818 -149.19362359891954 2
1694490420904 -128.65526096787502 3
1694490421000 -110.94180982649792 4
1694490421096 -95.66290102859216 5
1694490421188 -82.48404495875432 6
1694490421291 -71.11531589001225 7
1694490421392 -61.30739753150066 8
1694490421494 -52.84554091430455 9
1694490421593 -45.544332636689376 10
1694490421681 -39.24322415833422 11
1694490421777 -33.8058039690581 12
1694490421876 -29.11210026787398 13
1694490421971 -25.0614645308567 14
1694490422075 -21.56398554356254 15
1694490422177 -18.544423936279536 16
1694490422269 -15.936539442963298 17
1694490422356 -13.684207046757523 18
1694490422448 -11.738971814573068 19
1694490422547 -10.05840458286556 20
1694490422652 -8.606040055090464 21
1694490422765 -7.350815255495073 22
1694490422875 -6.265920641686654 23
1694490422969 -5.327767141497942 24
1694490423069 -4.516453545785665 25
1694490423165 -3.814650041639018 26
1694490423266 -3.20743885729824 27
1694490423357 -2.682077727862208 28
1694490423443 -2.2271171051893943 29
1694490423527 -1.8330629370258595 30
1694490423628 -1.4917318556331591 31
1694490423734 -1.1959374223802235 32
1694490423835 -0.9394678236304048 33
1694490423937 -0.7170613936646295 34
1694490424041 -0.5240578474180773 35
1694490424141 -0.35654501665779126 36
1694490424245 -0.21104443155522934 37
1694490424347 -0.08462719560515652 38
1694490424444 0.02526335330051621 39
1694490424538 0.12091261581670443 40
1694490424633 0.204179315131653 41
1694490424737 0.2767175638958721 42
1694490424841 0.33990632702811974 43
1694490424941 0.3950458517901432 44
1694490425044 0.44314027175210946 45
1694490425143 0.4851967169714604 46
1694490425245 0.5219130657587673 47
1694490425346 0.5540416693386396 48
1694490425452 0.5821875321153609 49
