1694510728992 -228.5799344920475 0
1694510729207 -224.00761986754895 1
1694510729497 -219.5264437350702 2
1694510729730 -215.13458893886832 3
1694510729957 -210.83027456904435 4
1694510730141 -206.6117552381972 5
1694510730321 -202.47732037252177 6
1694510730511 -198.42529351706423 7
1694510730813 -194.4540316548489 8
1694510731103 -190.5619245396017 9
1694510731359 -186.74739404179755 10
1694510731585 -183.00889350776535 11
1694510731779 -179.34490713159005 12
1694510731974 -175.7539493395561 13
1694510732163 -172.2345641868811 14
1694510732351 -168.7853247664947 15
1694510732531 -165.40483262962206 16
1694510732753 -162.09171721793544 17
1694510732940 -158.84463530704332 18
1694510733169 -155.66227046109054 19
1694510733348 -152.54333249824703 20
1694510733537 -149.48655696686805 21
1694510733715 -146.4907046321124 22
1694510733890 -143.55456097281 23
1694510734117 -140.6769356883738 24
1694510734325 -137.8566622155552 25
1694510734536 -135.0925972548471 26
1694510734713 -132.38362030634107 27
1694510734891 -129.72863321484974 28
1694510735074 -127.12655972411025 29
1694510736372 -124.57634503988616 30
1694510736551 -122.07695540179111 31
1694510736739 -119.62737766365909 32
1694510736923 -117.22661888229162 33
1694510737113 -114.87370591441328 34
1694510737296 -112.56768502167283 35
1694510737500 -110.30762148352854 36
1694510737693 -108.09259921786028 37
1694510737898 -105.92172040915439 38
1694510738135 -103.79410514410955 39
1694510738326 -101.70889105451617 40
1694510738513 -99.66523296726308 41
1694510738696 -97.66230256133016 42
1694510738862 -95.6992880316267 43
1694510739059 -93.77539375953889 44
1694510739251 -91.88983999005276 45
1694510739444 -90.04186251532101 46
1694510739635 -88.23071236454494 47
1694510739857 -86.45565550004565 48
1694510740039 -84.71597251940065 49
