1694491353827 -242.1228281196216 0
1694491353953 -241.63665789965907 1
1694491354092 -241.15146061108734 2
1694491354249 -240.6672343061937 3
1694491354383 -240.1839770411664 4
1694491354515 -239.70168687608745 5
1694491354650 -239.2203618749245 6
1694491354820 -238.74000010552314 7
1694491354965 -238.260599639599 8
1694491355090 -237.7821585527302 9
1694491355217 -237.30467492434946 10
1694491355351 -236.8281468377363 11
1694491355475 -236.35257238000972 12
1694491355602 -235.87794964211997 13
1694491355730 -235.40427671884115 14
1694491355859 -234.93155170876364 15
1694491355991 -234.4597727142863 16
1694491356123 -233.98893784160862 17
1694491356261 -233.51904520072378 18
1694491356387 -233.0500929054102 19
1694491356514 -232.5820790732247 20
1694491356648 -232.11500182549426 21
1694491356779 -231.648859287309 22
1694491356928 -231.18364958751434 23
1694491357056 -230.71937085870368 24
1694491357205 -230.25602123721066 25
1694491357335 -229.7935988631017 26
1694491357496 -229.33210188016875 27
1694491357628 -228.87152843592156 28
1694491357756 -228.41187668158022 29
1694491357880 -227.95314477206816 30
1694491358003 -227.49533086600397 31
1694491358140 -227.03843312569472 32
1694491358280 -226.58244971712816 33
1694491358407 -226.12737880996545 34
1694491358541 -225.67321857753373 35
1694491358705 -225.21996719681894 36
1694491358878 -224.7676228484583 37
1694491359025 -224.31618371673315 38
1694491359172 -223.86564798956138 39
1694491359316 -223.41601385849063 40
1694491359446 -222.96727951869033 41
1694491359577 -222.51944316894514 42
1694491359708 -222.0725030116473 43
1694491359832 -221.62645725278927 44
1694491359961 -221.18130410195704 45
1694491360086 -220.7370417723224 46
1694491360208 -220.293668480636 47
1694491360345 -219.85118244722028 48
1694491360520 -219.4095818959619 49
