1694489939805 -241.5976239675972 0
1694489939922 -241.1127120344047 1
1694489940085 -240.62886714028 2
1694489940253 -240.1460868394718 3
1694489940387 -239.6643686919641 4
1694489940531 -239.1837102634626 5
1694489940665 -238.70410912538154 6
1694489940793 -238.2255628548296 7
1694489940946 -237.74806903459677 8
1694489941101 -237.27162525314063 9
1694489941237 -236.79622910457311 10
1694489941354 -236.32187818864693 11
1694489941478 -235.8485701107422 12
1694489941627 -235.37630248185303 13
1694489941757 -234.90507291857435 14
1694489941884 -234.43487904308853 15
1694489942014 -233.96571848315196 16
1694489942124 -233.4975888720822 17
1694489942244 -233.03048784874431 18
1694489942376 -232.56441305753813 19
1694489942498 -232.09936214838487 20
1694489942640 -231.635332776714 21
1694489942766 -231.1723226034502 22
1694489942900 -230.71032929500055 23
1694489943030 -230.24935052324113 24
1694489943152 -229.7893839655043 25
1694489943299 -229.33042730456572 26
1694489943442 -228.87247822863145 27
1694489943579 -228.4155344313248 28
1694489943704 -227.95959361167385 29
1694489943845 -227.50465347409835 30
1694489943960 -227.05071172839718 31
1694489944089 -226.59776608973522 32
1694489944214 -226.14581427863095 33
1694489944345 -225.69485402094364 34
1694489944482 -225.2448830478605 35
1694489944615 -224.7958990958844 36
1694489944727 -224.34789990682094 37
1694489944843 -223.9008832277658 38
1694489944962 -223.4548468110928 39
1694489945081 -223.0097884144405 40
1694489945222 -222.56570580070021 41
1694489945359 -222.12259673800375 42
1694489945503 -221.68045899971042 43
1694489945648 -221.23929036439503 44
1694489945770 -220.79908861583536 45
1694489945905 -220.35985154299988 46
1694489946028 -219.92157694003532 47
1694489946147 -219.4842626062545 48
1694489946269 -219.04790634612425 49
