1694508258529 -238.98438849181935 0
1694508258674 -235.41813959718053 1
1694508258814 -231.91025461981465 2
1694508258936 -228.45958891793813 3
1694508259070 -225.06532885833727 4
1694508259212 -221.7264859609582 5
1694508259350 -218.44216485321968 6
1694508259490 -215.2112927074685 7
1694508259628 -212.0331299578158 8
1694508259751 -208.9067437766479 9
1694508259888 -205.83117630841363 10
1694508260027 -202.80549122353614 11
1694508260163 -199.82909347397006 12
1694508260295 -196.90104508661787 13
1694508260431 -194.02046212942696 14
1694508260566 -191.1865143378195 15
1694508260706 -188.39851669786486 16
1694508260835 -185.6556642277312 17
1694508260971 -182.9571327148306 18
1694508261119 -180.30218745124137 19
1694508261260 -177.69011021376076 20
1694508261420 -175.12016709509632 21
1694508261558 -172.59157449641876 22
1694508261686 -170.10383159876068 23
1694508261819 -167.65603449272146 24
1694508261960 -165.2476713052963 25
1694508262098 -162.87796835574366 26
1694508262228 -160.54630750070461 27
1694508262360 -158.25210163605405 28
1694508262500 -155.9945981885522 29
1694508262636 -153.77332099671503 30
1694508262777 -151.58756666558645 31
1694508262935 -149.43681263669401 32
1694508263089 -147.32037967488986 33
1694508263233 -145.23772241672748 34
1694508263368 -143.18829933607597 35
1694508263507 -141.17148054662331 36
1694508263659 -139.1867955629293 37
1694508263816 -137.23367442060203 38
1694508263962 -135.31162911188102 39
1694508264119 -133.4201063856098 40
1694508264247 -131.5586128933524 41
1694508264400 -129.72659212431938 42
1694508264552 -127.92361801769087 43
1694508264713 -126.14915178258752 44
1694508264862 -124.4027374949961 45
1694508264992 -122.6840142544209 46
1694508265118 -120.99233598777387 47
1694508265243 -119.32732107167878 48
1694508265391 -117.68858447991137 49
