1694508258432 165.39031658079645 0
1694508258584 164.86494652393267 1
1694508258721 160.83903584187988 2
1694508258854 161.4509981885247 3
1694508258982 159.19287477078592 4
1694508259117 156.35805114977242 5
1694508259261 152.8124311247549 6
1694508259398 153.33568072112655 7
1694508259539 148.48900727320165 8
1694508259668 145.78056773940992 9
1694508259796 143.8877188838061 10
1694508259935 147.37892512400632 11
1694508260072 138.77468790912835 12
1694508260209 135.19484136902722 13
1694508260340 133.94998116485715 14
1694508260472 134.4080220036106 15
1694508260614 130.13058515352864 16
1694508260749 126.99410054459972 17
1694508260879 126.86865826275896 18
1694508261026 125.60787784458853 19
1694508261169 124.3005455649681 20
1694508261311 123.71560129013729 21
1694508261469 122.47084661256005 22
1694508261603 116.92668908248352 23
1694508261731 118.63180757906744 24
1694508261867 114.5143420282122 25
1694508262007 114.47641453142832 26
1694508262139 113.97250903210745 27
1694508262274 110.20882072805392 28
1694508262410 110.88965443548057 29
1694508262545 107.29293961970635 30
1694508262682 106.7844853123114 31
1694508262828 102.71634376565065 32
1694508262986 102.75928871102097 33
1694508263136 102.07550406459086 34
1694508263280 99.4123360770834 35
1694508263415 99.72495482134507 36
1694508263562 97.16458402473073 37
1694508263713 96.97020913588067 38
1694508263862 94.76774193780335 39
1694508264018 94.02908462220117 40
1694508264161 91.43882724415353 41
1694508264299 91.74408903311014 42
1694508264450 90.8391002515652 43
1694508264610 89.99032422989234 44
1694508264768 88.53369623938141 45
1694508264908 83.55186837732718 46
1694508265033 85.99141157756316 47
1694508265164 84.97282064226881 48
1694508265288 82.41093005580791 49
