1694489787224 169.08902758239503 0
1694489787404 168.75120333488871 1
1694489787589 168.41412198839976 2
1694489787800 168.07778184169376 3
1694489787971 167.7421811975206 4
1694489788113 167.40731836260525 5
1694489788250 167.07319164763794 6
1694489788381 166.7397993672651 7
1694489788501 166.40713984008002 8
1694489788626 166.07521138861316 9
1694489788750 165.74401233932306 10
1694489788875 165.41354102258714 11
1694489789034 165.08379577269207 12
1694489789154 164.75477492782477 13
1694489789301 164.4264768300631 14
1694489789441 164.09889982536666 15
1694489789567 163.77204226356758 16
1694489789694 163.4459024983612 17
1694489789827 163.1204788872972 18
1694489789975 162.7957697917702 19
1694489790133 162.47177357701088 20
1694489790273 162.14848861207662 21
1694489790452 161.82591326984274 22
1694489790609 161.50404592699311 23
1694489790838 161.18288496401158 24
1694489791021 160.8624287651724 25
1694489791175 160.5426757185318 26
1694489791323 160.22362421591868 27
1694489791449 159.90527265292573 28
1694489791588 159.58761942890067 29
1694489791707 159.2706629469371 30
1694489791838 158.95440161386583 31
1694489791962 158.63883384024598 32
1694489792082 158.3239580403561 33
1694489792232 158.00977263218536 34
1694489792357 157.69627603742484 35
1694489792489 157.3834666814586 36
1694489792630 157.07134299335524 37
1694489792749 156.75990340585872 38
1694489792875 156.44914635537998 39
1694489793009 156.13907028198835 40
1694489793133 155.82967362940246 41
1694489793249 155.520954844982 42
1694489793372 155.21291237971883 43
1694489793522 154.90554468822862 44
1694489793637 154.59885022874192 45
1694489793753 154.29282746309613 46
1694489793874 153.98747485672632 47
1694489794028 153.68279087865722 48
1694489794166 153.37877400149443 49
