1694489763706 -241.23852007356857 0
1694489763858 -236.43502068787922 1
1694489763985 -231.7364554297658 2
1694489764114 -227.1404365426069 3
1694489764255 -222.6446318556828 4
1694489764409 -218.24676347433774 5
1694489764542 -213.9446065012036 6
1694489764675 -209.73598778774596 7
1694489764812 -205.6187847154113 8
1694489764933 -201.59092400567081 9
1694489765062 -197.65038055827404 10
1694489765205 -193.79517631704024 11
1694489765355 -190.02337916253353 12
1694489765482 -186.33310183098163 13
1694489765600 -182.7225008588145 14
1694489765738 -179.18977555221298 15
1694489765874 -175.73316698107314 16
1694489766001 -172.35095699680554 17
1694489766114 -169.04146727340236 18
1694489766244 -165.8030583712195 19
1694489766373 -162.63412882293306 20
1694489766512 -159.53311424114383 21
1694489766635 -156.49848644711358 22
1694489766762 -153.52875262013268 23
1694489766881 -150.62245446702664 24
1694489767006 -147.77816741132438 25
1694489767119 -144.99449980162004 26
1694489767244 -142.27009213867214 27
1694489767367 -139.60361632079494 28
1694489767490 -136.99377490710734 29
1694489767619 -134.4393003982146 30
1694489767751 -131.93895453390874 31
1694489767884 -129.49152760748322 32
1694489768019 -127.09583779626723 33
1694489768137 -124.75073050799395 34
1694489768271 -122.45507774262677 35
1694489768399 -120.20777746927595 36
1694489768523 -118.00775301784786 37
1694489768657 -115.8539524850759 38
1694489768786 -113.74534815459224 39
1694489768913 -111.6809359307066 40
1694489769041 -109.6597347855664 41
1694489769167 -107.6807862193808 42
1694489769294 -105.74315373339792 43
1694489769415 -103.84592231533291 44
1694489769534 -101.98819793695085 45
1694489769670 -100.16910706351618 46
1694489769800 -98.38779617482643 47
1694489769922 -96.64343129755598 48
1694489770038 -94.93519754864066 49
