1694507388052 -5.7140823254372 0
1694507388328 -5.692046494337877 1
1694507388597 -5.702714594501244 2
1694507388888 -5.67001798662724 3
1694507389194 -5.558187769204481 4
1694507389477 -5.577190844914652 5
1694507389761 -5.881053219329973 6
1694507390041 -5.813933166517536 7
1694507390307 -5.726015160898351 8
1694507390600 -5.949743606146673 9
1694507390884 -5.574091893094632 10
1694507391149 -6.398206921129482 11
1694507391417 -5.93440799395119 12
1694507391678 -5.4221138377326685 13
1694507391961 -6.045691627877562 14
1694507392262 -5.739952411432316 15
1694507392574 -5.665198384460966 16
1694507392837 -5.51577847163385 17
1694507393126 -5.811165936897142 18
1694507393409 -5.786914415876065 19
1694507393740 -5.993250993216696 20
1694507394015 -5.722976501015389 21
1694507394254 -5.600634550580403 22
1694507394491 -5.625540635858901 23
1694507394724 -5.818243508012051 24
1694507394968 -5.398993566163317 25
1694507395233 -5.677606816122179 26
1694507395477 -5.839778966378941 27
1694507395723 -5.648013329693414 28
1694507395974 -5.452748345835582 29
1694507396233 -5.746867715730747 30
1694507396520 -5.746449972918102 31
1694507396791 -5.297647306190494 32
1694507397027 -5.459812202228783 33
1694507397267 -5.383305268165588 34
1694507397513 -5.52289288839908 35
1694507397767 -5.514011200170369 36
1694507398015 -5.565464298235232 37
1694507398242 -5.656378791617984 38
1694507398483 -5.976399903089696 39
1694507398719 -5.630045104940948 40
1694507398965 -5.516071244627032 41
1694507399254 -5.763874074126689 42
1694507399608 -5.738578794305858 43
1694507399951 -5.621823906048065 44
1694507400315 -5.603013608230223 45
1694507400674 -5.525491791861162 46
1694507401042 -6.135736875082284 47
1694507401407 -6.051314839761061 48
1694507401718 -5.9054121141724965 49
