1694507387919 4.197438972671513 0
1694507388188 3.6216108279415256 1
1694507388462 5.675903811979087 2
1694507388743 5.572454389212939 3
1694507389043 5.098524591287988 4
1694507389334 6.617745902739013 5
1694507389630 6.236902216436901 6
1694507389897 3.8353916292664096 7
1694507390172 6.209675852663677 8
1694507390439 4.533262190690238 9
1694507390741 7.516627889399894 10
1694507391012 5.7760010753093365 11
1694507391283 5.328673409709484 12
1694507391543 4.91745770666398 13
1694507391812 5.983256711056091 14
1694507392098 6.363618083805649 15
1694507392426 7.121803707620296 16
1694507392708 7.249240381205369 17
1694507392979 3.5828126798660183 18
1694507393264 2.7328576887765736 19
1694507393564 4.047895383723296 20
1694507393879 3.9072422656066053 21
1694507394139 4.491085776156323 22
1694507394368 2.4563585381897592 23
1694507394611 3.414927891802763 24
1694507394849 1.5998624104044885 25
1694507395103 4.841697425928604 26
1694507395352 7.752516582825804 27
1694507395610 3.7940893430664273 28
1694507395854 9.67411211299692 29
1694507396108 3.9975279329690454 30
1694507396391 7.165527066714863 31
1694507396660 5.891635677267854 32
1694507396907 3.939372894980659 33
1694507397151 7.447673194846362 34
1694507397390 9.211188323944612 35
1694507397645 4.797381642151166 36
1694507397908 6.026104038793032 37
1694507398133 4.424186726405935 38
1694507398383 4.44523424941618 39
1694507398611 4.581800516190221 40
1694507398853 4.511856932107335 41
1694507399101 2.4138045797532177 42
1694507399431 6.501597794424752 43
1694507399775 3.5969734192286738 44
1694507400130 3.3889399461885303 45
1694507400498 6.2955216822057585 46
1694507400873 2.389696219920704 47
1694507401217 10.458777555828572 48
1694507401576 4.0328604437750375 49
