1694509547854 169.4281063198635 0
1694509548013 169.08916366678721 1
1694509548205 168.75375537775187 2
1694509548386 168.4189961330491 3
1694509548542 168.0849239472784 4
1694509548684 167.7515178093678 5
1694509548843 167.41877638828527 6
1694509549016 167.08667868321737 7
1694509549225 166.75526271739514 8
1694509549393 166.42450749135705 9
1694509549576 166.09441168469334 10
1694509549770 165.76495430845588 11
1694509549940 165.4361733940254 12
1694509550098 165.1080479536645 13
1694509550251 164.780576677501 14
1694509550431 164.45373858856289 15
1694509550595 164.1275717259038 16
1694509550748 163.80205511362288 17
1694509550907 163.47718745230122 18
1694509551088 163.15294777705253 19
1694509551279 162.82937413413137 20
1694509551473 162.5064455595844 21
1694509551632 162.18416076436245 22
1694509551797 161.862498795773 23
1694509551937 161.54149770680462 24
1694509552097 161.22113654556074 25
1694509552299 160.90141403327917 26
1694509552457 160.58230922956812 27
1694509552626 160.2638601936874 28
1694509552783 159.94604598590564 29
1694509552952 159.62886533766542 30
1694509553116 159.31229732098078 31
1694509553264 158.9963800009256 32
1694509553445 158.68109245003998 33
1694509553639 158.36643340989008 34
1694509553802 158.0523819649997 35
1694509553977 157.7389761858037 36
1694509554134 157.42619515721938 37
1694509554287 157.11403763085517 38
1694509554464 156.80248270384746 39
1694509554634 156.49156845154397 40
1694509554824 156.18127397134293 41
1694509554998 155.87159802481503 42
1694509555170 155.56251972181047 43
1694509555339 155.2540771421463 44
1694509555515 154.9462493958042 45
1694509555688 154.63903525423763 46
1694509555885 154.3324138401104 47
1694509556063 154.02642323727 48
1694509556225 153.72104256838293 49
