1694491550619 -245.51330280165757 0
1694491550747 -245.02619756635465 1
1694491550912 -244.54005602415148 2
1694491551054 -244.05487631711816 3
1694491551186 -243.57065654166558 4
1694491551333 -243.0873947979734 5
1694491551483 -242.6050891899819 6
1694491551609 -242.12373782538486 7
1694491551740 -241.6433388156219 8
1694491551891 -241.1638902758709 9
1694491552049 -240.68539032504097 10
1694491552197 -240.2078370857649 11
1694491552327 -239.73122868439165 12
1694491552458 -239.25556325097926 13
1694491552619 -238.78083891928728 14
1694491552760 -238.30705382676948 15
1694491552896 -237.83420611456674 16
1694491553040 -237.36229392749942 17
1694491553163 -236.89131541406033 18
1694491553301 -236.42126872640742 19
1694491553426 -235.95215202035635 20
1694491553545 -235.48396345537353 21
1694491553669 -235.0167011945686 22
1694491553794 -234.55036340468752 23
1694491553919 -234.08494825610504 24
1694491554059 -233.62045392281772 25
1694491554204 -233.1568785824369 26
1694491554346 -232.694220416181 27
1694491554471 -232.2324776088692 28
1694491554602 -231.77164834891346 29
1694491554731 -231.31173082831205 30
1694491554852 -230.85272324264213 31
1694491554994 -230.39462379105274 32
1694491555141 -229.93743067625763 33
1694491555269 -229.48114210452843 34
1694491555398 -229.02575628568735 35
1694491555530 -228.5712714331005 36
1694491555661 -228.11768576367038 37
1694491555790 -227.66499749782926 38
1694491555919 -227.2132048595322 39
1694491556045 -226.7623060762496 40
1694491556169 -226.31229937896103 41
1694491556300 -225.86318300214765 42
1694491556445 -225.41495518378528 43
1694491556574 -224.967614165338 44
1694491556690 -224.5211581917508 45
1694491556806 -224.07558551144265 46
1694491556924 -223.63089437630003 47
1694491557044 -223.18708304166964 48
1694491557172 -222.7441497663518 49
