1694491550523 168.99377369224817 0
1694491550656 168.65614374670147 1
1694491550794 168.32256009301568 2
1694491550957 167.98963668270062 3
1694491551091 167.6573722426026 4
1694491551221 167.32576546830205 5
1694491551373 166.99481505796194 6
1694491551519 166.66451971232237 7
1694491551647 166.33487813469554 8
1694491551774 166.00588903096065 9
1694491551935 165.6775511095587 10
1694491552092 165.3498630814877 11
1694491552237 165.0228236602972 12
1694491552375 164.69643156208363 13
1694491552506 164.37068550548503 14
1694491552665 164.04558421167602 15
1694491552803 163.72112640436288 16
1694491552942 163.3973108097785 17
1694491553075 163.07413615667738 18
1694491553207 162.75160117633064 19
1694491553335 162.42970460252084 20
1694491553461 162.10844517153748 21
1694491553579 161.78782162217158 22
1694491553706 161.46783269571085 23
1694491553829 161.14847713593494 24
1694491553963 160.82975368911022 25
1694491554092 160.5116611039851 26
1694491554255 160.1941981317849 27
1694491554382 159.87736352620723 28
1694491554506 159.56115604341673 29
1694491554643 159.2455744420405 30
1694491554771 158.93061748316308 31
1694491554895 158.61628393032154 32
1694491555038 158.30257254950075 33
1694491555181 157.98948210912855 34
1694491555309 157.67701138007075 35
1694491555439 157.36515913562627 36
1694491555568 157.05392415152278 37
1694491555695 156.74330520591124 38
1694491555830 156.4333010793615 39
1694491555961 156.1239105548576 40
1694491556086 155.81513241779257 41
1694491556204 155.50696545596406 42
1694491556346 155.1994084595694 43
1694491556483 154.89246022120093 44
1694491556608 154.58611953584108 45
1694491556731 154.28038520085792 46
1694491556847 153.9752560160001 47
1694491556962 153.67073078339257 48
1694491557092 153.36680830753136 49
