1694510754910 -245.70578264504937 0
1694510755093 -245.21335153295186 1
1694510755279 -244.72190458842815 2
1694510756991 -244.23143984390987 3
1694510757164 -243.741955335763 4
1694510757335 -243.25344910428007 5
1694510757528 -242.7659191936725 6
1694510757706 -242.27936365206233 7
1694510757888 -241.79378053147494 8
1694510758060 -241.30916788783077 9
1694510758224 -240.82552378093774 10
1694510758409 -240.34284627448375 11
1694510758582 -239.8611334360282 12
1694510758772 -239.38038333699504 13
1694510758959 -238.90059405266453 14
1694510759129 -238.42176366216566 15
1694510759314 -237.94389024846853 16
1694510759495 -237.4669718983765 17
1694510759695 -236.99100670251886 18
1694510759894 -236.5159927553427 19
1694510760093 -236.04192815510575 20
1694510760298 -235.5688110038684 21
1694510760477 -235.09663940748626 22
1694510760675 -234.62541147560248 23
1694510760878 -234.15512532164036 24
1694510761085 -233.68577906279566 25
1694510761271 -233.2173708200289 26
1694510761454 -232.74989871805812 27
1694510761639 -232.28336088535121 28
1694510761834 -231.81775545411855 29
1694510762029 -231.3530805603052 30
1694510762214 -230.88933434358364 31
1694510762397 -230.42651494734656 32
1694510762605 -229.964620518699 33
1694510762755 -229.5036492084512 34
1694510762970 -229.04359917111094 35
1694510763155 -228.58446856487646 36
1694510763334 -228.12625555162876 37
1694510763497 -227.66895829692456 38
1694510763690 -227.2125749699886 39
1694510763869 -226.75710374370664 40
1694510764062 -226.30254279461792 41
1694510764260 -225.8488903029079 42
1694510764451 -225.39614445240102 43
1694510764631 -224.9443034305533 44
1694510764810 -224.49336542844532 45
1694510764995 -224.0433286407746 46
1694510765211 -223.5941912658488 47
1694510765381 -223.1459515055781 48
1694510765559 -222.69860756546834 49
