1694510754780 169.12224970285178 0
1694510754968 168.7843526538131 1
1694510755142 168.44713120325233 2
1694510755335 168.1105840002603 3
1694510757043 167.77470969662963 4
1694510757211 167.43950694684864 5
1694510757390 167.10497440809664 6
1694510757581 166.77111074023813 7
1694510757755 166.43791460581758 8
1694510757939 166.105384670054 9
1694510758108 165.77351960083573 10
1694510758285 165.44231806871483 11
1694510758462 165.1117787469021 12
1694510758636 164.78190031126147 13
1694510758822 164.45268144030487 14
1694510759007 164.12412081518696 15
1694510759181 163.7962171196995 16
1694510759366 163.46896904026661 17
1694510759549 163.14237526593908 18
1694510759751 162.81643448838932 19
1694510759953 162.4911454019061 20
1694510760150 162.1665067033892 21
1694510760347 161.84251709234428 22
1694510760539 161.51917527087772 23
1694510760741 161.19647994369134 24
1694510760940 160.8744298180772 25
1694510761140 160.55302360391246 26
1694510761324 160.2322600136542 27
1694510761502 159.91213776233425 28
1694510761695 159.59265556755406 29
1694510761903 159.27381214947957 30
1694510762082 158.95560623083594 31
1694510762262 158.63803653690272 32
1694510762463 158.32110179550844 33
1694510762653 158.00480073702576 34
1694510762803 157.68913209436616 35
1694510763023 157.37409460297496 36
1694510763208 157.05968700082644 37
1694510763382 156.74590802841834 38
1694510763546 156.43275642876736 39
1694510763745 156.1202309474036 40
1694510763923 155.80833033236587 41
1694510764117 155.49705333419658 42
1694510764326 155.1863987059367 43
1694510764503 154.87636520312083 44
1694510764684 154.5669515837722 45
1694510764859 154.25815660839754 46
1694510765059 153.94997903998237 47
1694510765259 153.6424176439858 48
1694510765430 153.33547118833582 49
