1694510375989 -53.937496162799434 0
1694510376130 -11.362738492210337 1
1694510376266 -1.9034521150644714 2
1694510376397 0.2011208156292652 3
1694510376531 0.6727939083942838 4
1694510376668 0.7805881804943404 5
1694510376820 0.806140996734182 6
1694510376944 0.8122779999141962 7
1694510377063 0.8141139236372524 8
1694510377176 0.814527970844199 9
1694510377284 0.8147560138302528 10
1694510377396 0.8147589284379159 11
1694510377512 0.8146155577825311 12
1694510377631 0.8146067534658572 13
1694510377745 0.8147394235002653 14
1694510377860 0.8146783609781298 15
1694510377976 0.8145619852955042 16
1694510378084 0.8145620288598712 17
