1694510226760 -123.08927455188453 0
1694510226929 -62.2547201151115 1
1694510227102 -31.280231737519372 2
1694510227276 -15.507726656633238 3
1694510227430 -7.477294205767469 4
1694510227586 -3.389825131715794 5
1694510227772 -1.3082987610926522 6
1694510227956 -0.24942435708967636 7
1694510228106 0.28859174840053614 8
1694510228269 0.5619715722187533 9
1694510228447 0.7007965541507476 10
1694510228603 0.7711554313249898 11
1694510228757 0.806656982898962 12
1694510228927 0.8244466127149443 13
1694510229078 0.8335453519278921 14
1694510229253 0.8380474368128946 15
1694510229431 0.840231820765696 16
1694510229582 0.8413037908844767 17
1694510229744 0.8418024448035735 18
1694510229914 0.8420598610472606 19
1694510230078 0.8421490345444396 20
1694510230239 0.8421720933588841 21
1694510230407 0.8421434606688304 22
1694510230573 0.8421372018860372 23
1694510230748 0.8421251683934767 24
1694510230937 0.842094856011506 25
1694510231120 0.8420946171282699 26
