1694510226685 74.82398227242163 0
1694510226856 44.97788885989514 1
1694510227027 26.487680868356556 2
1694510227198 13.174097029836085 3
1694510227355 4.002288367515351 4
1694510227511 2.9278827545585626 5
1694510227696 1.3855930390616142 6
1694510227879 1.3589601413482395 7
1694510228035 0.025587251711161996 8
1694510228192 0.22538964985084653 9
1694510228369 0.015311340613229269 10
1694510228531 0.01861782479223244 11
1694510228684 0.016345061668380966 12
1694510228840 0.02452907596236554 13
1694510229005 0.0007587314381491005 14
1694510229179 0.17214410402039154 15
1694510229358 0.0002898116273794348 16
1694510229509 0.000625330873103259 17
1694510229661 0.026502558331501412 18
1694510229830 0.001362441120777468 19
1694510229997 0.013896469687040997 20
1694510230161 7.369896409079706e-06 21
1694510230327 0.04253087449317033 22
1694510230489 0.14633504151650986 23
1694510230664 0.025119807646295792 24
1694510230857 0.1695993640290002 25
1694510231028 0.19751042838359414 26
