1694510467661 -211.85471357014092 0
1694510467801 -182.5165180489078 1
1694510467935 -157.2275818865998 2
1694510468064 -135.429464223087 3
1694510468190 -116.63963027065573 4
1694510468305 -100.44270899948519 5
1694510468429 -86.48067377050629 6
1694510468549 -74.44531938785516 7
1694510468663 -64.07046171000157 8
1694510468777 -55.127246352594014 9
1694510468889 -47.41767691587832 10
1694510469004 -40.77214271041556 11
1694510469119 -35.04283379284231 12
1694510469234 -30.103120853434966 13
1694510469364 -25.845353574988795 14
1694510469477 -22.174334971957038 15
1694510469591 -19.009528521785597 16
1694510469718 -16.281189240266766 17
1694510469846 -13.928650079895958 18
1694510469974 -11.90033448927122 19
1694510470100 -10.151654577670929 20
1694510470222 -8.643846572950997 21
1694510470352 -7.343800557990999 22
1694510470484 -6.222769801102641 23
1694510470620 -5.256335074847806 24
1694510470756 -4.4228544171025534 25
1694510470886 -3.7040168434559053 26
1694510471016 -3.0841382801254307 27
1694510471148 -2.5495076717118272 28
1694510471275 -2.088463015409031 29
1694510471405 -1.6907928605752462 30
1694510471533 -1.3478781521112797 31
1694510471659 -1.0520537113595512 32
1694510471794 -0.7968067660895339 33
1694510471925 -0.5766354060489078 34
1694510472055 -0.3867347831517234 35
1694510472189 -0.2228945036824228 36
1694510472320 -0.08153982585257924 37
1694510472452 0.04043971668960644 38
1694510472591 0.14576931389044034 39
1694510472723 0.23664205032746455 40
1694510472866 0.3151227525602315 41
1694510472999 0.3828119155149631 42
1694510473131 0.44125435871272645 43
1694510473261 0.49173558124640016 44
1694510473392 0.5353063829537537 45
1694510473534 0.5729550728424138 46
1694510473668 0.6054928271340623 47
1694510473801 0.6335855882278558 48
1694510473929 0.6578710421255961 49
