1694510467556 143.66764845846788 0
1694510467709 126.73690775277707 1
1694510467848 109.64012544449076 2
1694510467978 93.59469083184895 3
1694510468108 81.78359883040036 4
1694510468231 70.57534255341432 5
1694510468349 59.692426770218056 6
1694510468471 52.805792501363946 7
1694510468586 44.352868437980895 8
1694510468703 38.378688041767035 9
1694510468816 33.38578506366059 10
1694510468928 27.241624665235438 11
1694510469045 23.50395606806498 12
1694510469158 22.24693567636124 13
1694510469274 17.567186001412345 14
1694510469403 15.884903413219988 15
1694510469517 13.926150821413152 16
1694510469628 11.414826609967216 17
1694510469761 10.434576473468404 18
1694510469889 8.711820098230143 19
1694510470017 7.3915066447727416 20
1694510470140 6.546026210985972 21
1694510470265 5.791716142644845 22
1694510470399 5.148488814123064 23
1694510470529 4.419501084829569 24
1694510470670 3.47518625804073 25
1694510470798 3.3474661709707947 26
1694510470933 2.868399212736978 27
1694510471063 2.4859701829038956 28
1694510471190 2.3022429697296016 29
1694510471318 1.9310860070940021 30
1694510471453 1.6399562132204795 31
1694510471576 1.3576096403197007 32
1694510471709 1.2470640127809853 33
1694510471839 1.1443782568911771 34
1694510471968 0.9601841259414631 35
1694510472101 0.7067112784351707 36
1694510472234 0.7295676758869362 37
1694510472366 0.6357988137007604 38
1694510472502 0.6555929998231093 39
1694510472637 0.4746732220183611 40
1694510472772 0.513774977692695 41
1694510472914 0.3656600761895224 42
1694510473044 0.3587558029052603 43
1694510473175 0.30187913058167753 44
1694510473306 0.3193308814328421 45
1694510473437 0.36287870294407193 46
1694510473579 0.2815349198101556 47
1694510473715 0.28981318463465494 48
1694510473843 0.17691602104791632 49
