1694507511406 -8.077059987372802 0
1694507511776 -5.957611465324509 1
1694507512126 -6.52379878944287 2
1694507512438 -5.743390213022315 3
1694507512762 -5.816704237033663 4
1694507513133 -5.860113577978355 5
1694507513498 -5.950582106741614 6
1694507513876 -6.037127484637725 7
1694507514224 -6.356655714581085 8
1694507514576 -5.714770620329988 9
1694507514941 -5.895848049443402 10
1694507515283 -5.965522262858394 11
1694507515656 -5.82621059476089 12
1694507516027 -6.203959719159764 13
1694507516349 -5.9752084561247365 14
1694507516734 -5.697364127653497 15
1694507517068 -5.86094902465542 16
1694507517422 -5.826640082936154 17
1694507517800 -5.7283757095111465 18
1694507518178 -6.06540507093538 19
1694507518552 -5.843137398079746 20
1694507518908 -5.940058173659496 21
1694507519273 -6.204407593295331 22
1694507519569 -5.761366535806702 23
1694507519982 -6.115023254986417 24
1694507520362 -5.965015487169102 25
1694507520778 -5.732363435844059 26
1694507521172 -6.641781548520434 27
1694507521520 -5.8359042075679595 28
1694507521924 -5.6871512463086455 29
1694507522317 -5.811172974966623 30
1694507522748 -6.050723429524488 31
1694507523128 -5.8288378323753856 32
1694507523483 -5.8100531444141525 33
1694507523848 -5.928003896578318 34
1694507524239 -5.719448087271935 35
1694507524610 -6.1257593322148 36
1694507524993 -5.889113201655882 37
1694507525374 -5.88409829318117 38
1694507525723 -6.000288089121728 39
1694507526044 -5.925047276242595 40
1694507526346 -7.188726589381277 41
1694507526626 -6.154272806032243 42
1694507526888 -6.115674172287009 43
1694507527166 -5.842630329224055 44
1694507527431 -6.006224612233287 45
1694507527710 -5.763521199976344 46
1694507528021 -5.76668012691154 47
1694507528288 -5.97573245843844 48
1694507528545 -5.6193199101829725 49
