1694508276822 -58.314524270929326 0
1694508276955 -20.5259741119003 1
1694508277088 -10.59893780646704 2
1694508277231 -7.454436320615187 3
1694508277383 -6.328724963529755 4
1694508277532 -5.8960392660130285 5
1694508277684 -5.728225843825163 6
1694508277831 -5.6596596914194235 7
1694508277979 -5.620263791326349 8
1694508278119 -5.615536662650985 9
1694508278263 -5.600860631531028 10
1694508278404 -5.596197894375244 11
1694508278539 -5.607451888359066 12
1694508278682 -5.61211119065452 13
1694508278817 -5.608901661167252 14
1694508278982 -5.614176405869682 15
1694508279125 -5.617638521960625 16
1694508279265 -5.614509340615634 17
1694508279403 -5.608249312160442 18
1694508279538 -5.607887660395275 19
1694508279684 -5.607164217352719 20
1694508279808 -5.60726951606128 21
1694508279926 -5.603952856774258 22
1694508280045 -5.596143734483841 23
1694508280163 -5.603132730495798 24
1694508280291 -5.605001792087857 25
1694508280414 -5.605096513593619 26
1694508280538 -5.60249727965829 27
1694508280668 -5.59889348811616 28
1694508280792 -5.606704511622093 29
1694508280913 -5.608688862760401 30
1694508281039 -5.60556520574433 31
1694508281174 -5.610110694019774 32
1694508281303 -5.605091167922962 33
1694508281426 -5.6128549113475925 34
1694508281552 -5.615540318484913 35
1694508281679 -5.61438493300449 36
1694508281804 -5.618949368429501 37
1694508281928 -5.61148395396668 38
1694508282054 -5.61812434466749 39
1694508282177 -5.626826986874768 40
1694508282301 -5.621615376563036 41
1694508282427 -5.61597052602771 42
1694508282553 -5.61112838377382 43
1694508282674 -5.611718519054079 44
1694508282793 -5.611326971555424 45
1694508282913 -5.611421059395318 46
1694508283035 -5.609563108341159 47
1694508283157 -5.613107182394372 48
1694508283291 -5.614077200912751 49
