1694508276731 44.00577730186279 0
1694508276865 15.852484237129376 1
1694508277002 8.171229973055304 2
1694508277128 6.004381537229091 3
1694508277286 5.758548843738087 4
1694508277429 5.389505919802812 5
1694508277591 4.807035874483472 6
1694508277737 4.701365884539808 7
1694508277878 4.5709541648975 8
1694508278026 4.970951827991839 9
1694508278169 4.8975685362700405 10
1694508278310 5.106141480917069 11
1694508278448 4.612813198632903 12
1694508278589 4.682740588604701 13
1694508278730 4.7138812507611485 14
1694508278872 4.774536307755118 15
1694508279032 4.913531624796152 16
1694508279171 4.994914807675509 17
1694508279312 4.7169783995063 18
1694508279449 4.785709346953461 19
1694508279590 4.658620428906027 20
1694508279728 4.7655749074142 21
1694508279848 4.718918885952003 22
1694508279968 5.047064566117713 23
1694508280086 4.569867738759208 24
1694508280207 4.880220776859961 25
1694508280333 4.832206347266698 26
1694508280458 5.056388898251998 27
1694508280579 4.742914271270906 28
1694508280711 5.103398487708459 29
1694508280832 4.89851833443702 30
1694508280956 4.672808969297327 31
1694508281086 5.107863729920379 32
1694508281218 4.662997007902814 33
1694508281344 4.8424278543851695 34
1694508281467 4.428399946229542 35
1694508281595 4.755751370218979 36
1694508281723 4.501529289021039 37
1694508281847 4.557535631009316 38
1694508281974 4.711350897605284 39
1694508282099 4.767655578541095 40
1694508282219 4.804881260564901 41
1694508282342 4.928230486434663 42
1694508282469 4.815083141542377 43
1694508282591 5.099176885774923 44
1694508282717 4.8095861185470055 45
1694508282835 4.6650468117306465 46
1694508282955 4.849443901297543 47
1694508283075 4.759416364428851 48
1694508283199 5.08353625808233 49
