1694509440915 38.78497013312527 0
1694509441079 9.212342390079964 1
1694509441225 2.116770522636053 2
1694509441379 0.6254570898704401 3
1694509441526 0.18559420158524198 4
1694509441674 0.16406541433673782 5
1694509441824 0.21767228345711517 6
1694509441957 0.15722966124276128 7
1694509442092 0.22464759169102164 8
1694509442219 0.15197280004538027 9
1694509442344 0.1318587007936662 10
1694509442471 0.11156961568128451 11
1694509442598 0.0829892401411823 12
1694509442721 0.1241021448887564 13
1694509442837 0.18309614461571677 14
1694509442977 0.1696151137938644 15
1694509443118 0.10808307000055706 16
1694509443234 0.16101483491280083 17
1694509443360 0.14520426585952714 18
1694509443483 0.11880168881187764 19
1694509443617 0.16031988967128843 20
1694509443745 0.1955086281603686 21
1694509443870 0.22810637381800633 22
1694509443995 0.14338740701397737 23
1694509444124 0.1640180388636481 24
1694509444246 0.2228741524327408 25
1694509444368 0.1696623088318008 26
