1694509216876 -51.68977406898352 0
1694509217001 -11.219224301668387 1
1694509217126 -2.0469876902265174 2
1694509217249 0.0817208612056135 3
1694509217380 0.5988741721356259 4
1694509217503 0.7356562964669475 5
1694509217626 0.777035669327699 6
1694509217749 0.7910142306712887 7
1694509217867 0.7954428674391181 8
1694509217995 0.7971397035665427 9
1694509218120 0.798397369271059 10
1694509218243 0.7985679725406111 11
1694509218383 0.7987304251517322 12
1694509218522 0.7988502896913502 13
1694509218643 0.7990525972469988 14
1694509218770 0.7984150428800467 15
1694509218893 0.7991371471286299 16
1694509219016 0.7989811721078374 17
1694509219138 0.7993613243250652 18
1694509219264 0.7981537053814934 19
1694509219388 0.7985755388942213 20
1694509219516 0.7987865942371438 21
1694509219640 0.7985784185343142 22
1694509219761 0.7980724485166384 23
1694509219880 0.7995075858972229 24
1694509219999 0.7982402906502479 25
1694509220123 0.7989422582495896 26
1694509220243 0.7992553488015355 27
1694509220366 0.7996656873632741 28
1694509220503 0.8000219360560201 29
1694509220635 0.7988928435437186 30
1694509220757 0.7990828111859456 31
1694509220877 0.7986274523942597 32
1694509220998 0.7987617581726458 33
1694509221124 0.7982788182706064 34
1694509221245 0.7984150083998839 35
1694509221371 0.7984321681316768 36
1694509221504 0.7989118060079863 37
1694509221634 0.7992828363498936 38
1694509221759 0.8001327130083613 39
1694509221886 0.7996233837683462 40
1694509222005 0.7982832729029802 41
1694509222127 0.7997058063386475 42
1694509222251 0.7990671748167392 43
1694509222375 0.7983372061679364 44
1694509222493 0.7987233657079486 45
1694509222620 0.7990589134836783 46
1694509222753 0.7984648404989692 47
1694509222886 0.798318459652297 48
1694509223010 0.7992621427005102 49
