1694509216788 39.10424197272355 0
1694509216922 8.963490743587085 1
1694509217043 2.4059830974190692 2
1694509217167 0.7317454210267964 3
1694509217294 0.2593204472235 4
1694509217421 0.11181974500847744 5
1694509217548 0.13122297770141272 6
1694509217669 0.17601712330492109 7
1694509217789 0.14856396520839069 8
1694509217908 0.1704669873833453 9
1694509218036 0.08466712890080168 10
1694509218163 0.19518854230292587 11
1694509218293 0.12476970708005174 12
1694509218435 0.1435760188692083 13
1694509218562 0.16337264425593612 14
1694509218686 0.09085398539647639 15
1694509218812 0.13724855701978245 16
1694509218934 0.11470846751158965 17
1694509219057 0.10793855085259495 18
1694509219181 0.10692844081913211 19
1694509219307 0.14225770808332508 20
1694509219429 0.10230652449924676 21
1694509219561 0.1457564141950512 22
1694509219679 0.16176034515069632 23
1694509219802 0.12035702082284418 24
1694509219922 0.1344151726806036 25
1694509220042 0.12326697924157601 26
1694509220163 0.1754579738405008 27
1694509220285 0.1683792430260252 28
1694509220408 0.11649731514806506 29
1694509220548 0.1616307563144015 30
1694509220679 0.156679602974645 31
1694509220798 0.13250879412449723 32
1694509220919 0.2355170978218606 33
1694509221042 0.17721200577099894 34
1694509221165 0.13814314245600048 35
1694509221288 0.14365010342624654 36
1694509221413 0.1149347952158414 37
1694509221553 0.1580812299482441 38
1694509221676 0.14479802467184902 39
1694509221802 0.11718871622206324 40
1694509221927 0.1530615608981789 41
1694509222048 0.11583960318397585 42
1694509222170 0.16910332374942494 43
1694509222293 0.14674693707506767 44
1694509222415 0.12822346389846667 45
1694509222535 0.1710095552058357 46
1694509222664 0.1268758199212366 47
1694509222796 0.11099900070525894 48
1694509222926 0.2270523828896522 49
