1694510506719 -239.77044089128995 0
1694510506851 -236.54064586735763 1
1694510506983 -233.35402685046583 2
1694510507143 -230.21036605644676 3
1694510507279 -227.10863204637752 4
1694510507407 -224.04877454029779 5
1694510507538 -221.0298289805303 6
1694510507679 -218.05159920898748 7
1694510507820 -215.11338018114765 8
1694510507950 -212.21469118066133 9
1694510508087 -209.35469168553038 10
1694510508218 -206.5330330786204 11
1694510508352 -203.74925139968062 12
1694510508484 -201.00304406544976 13
1694510508623 -198.29364608301643 14
1694510508760 -195.6204523997276 15
1694510508893 -192.9833813033216 16
1694510509030 -190.38148645188068 17
1694510509173 -187.8148153354651 18
1694510509327 -185.28228079008346 19
1694510509463 -182.78400231527417 20
1694510509595 -180.31923090608586 21
1694510509726 -177.8871545056658 22
1694510509865 -175.48840895672586 23
1694510510000 -173.1214297818067 24
1694510510140 -170.7863997126025 25
1694510510271 -168.48247948425131 26
1694510510403 -166.209819487361 27
1694510510540 -163.96758594070243 28
1694510510678 -161.75520819464097 29
1694510510810 -159.57259183754906 30
1694510510945 -157.41952332979187 31
1694510511077 -155.29529308718006 32
1694510511220 -153.1992244470335 33
1694510511358 -151.13162705449133 34
1694510511493 -149.09159051012338 35
1694510511624 -147.07903693716682 36
1694510511759 -145.09357938514097 37
1694510511897 -143.13462605410888 38
1694510512040 -141.2019996605984 39
1694510512178 -139.29545066053063 40
1694510512312 -137.4143192636073 41
1694510512437 -135.55851651708724 42
1694510512568 -133.72751530274743 43
1694510512702 -131.92122726599254 44
1694510512838 -130.13912293868287 45
1694510512965 -128.3810063947033 46
1694510513093 -126.6463912635521 47
1694510513221 -124.93502412639378 48
1694510513355 -123.24668901081381 49
