1694510506631 161.90209919784056 0
1694510506764 161.42278074849136 1
1694510506895 162.87995528722186 2
1694510507039 158.6331542573076 3
1694510507193 163.2171469834305 4
1694510507323 157.892827436202 5
1694510507452 157.71593299259104 6
1694510507582 154.82153060539795 7
1694510507729 149.30764494116735 8
1694510507862 146.2713782114088 9
1694510507991 146.85130487084515 10
1694510508132 146.68269436861246 11
1694510508266 146.98479502486538 12
1694510508397 142.8273387717817 13
1694510508529 138.26413314340354 14
1694510508674 140.28125532321562 15
1694510508806 134.90698073843666 16
1694510508938 136.27226278212098 17
1694510509078 129.83254324413255 18
1694510509225 132.89373227442297 19
1694510509376 126.55066178778482 20
1694510509507 125.2816310984779 21
1694510509641 130.01979316958693 22
1694510509772 117.78554126865927 23
1694510509912 119.76315533944062 24
1694510510046 116.61791618246089 25
1694510510184 118.61188029642268 26
1694510510317 114.51445860159893 27
1694510510452 111.9704928638045 28
1694510510590 114.54515004125409 29
1694510510723 114.17919426928074 30
1694510510858 106.5872489838486 31
1694510510990 104.95696299218436 32
1694510511124 108.34704998040196 33
1694510511263 104.85811643985087 34
1694510511403 104.964424355987 35
1694510511538 104.08344416690652 36
1694510511669 100.23300522983776 37
1694510511808 99.83264229990462 38
1694510511943 100.24943838140028 39
1694510512091 95.54107480765688 40
1694510512226 95.70953276840895 41
1694510512355 94.55685876464361 42
1694510512482 95.54701581647305 43
1694510512615 92.74059501041656 44
1694510512746 90.30635430569878 45
1694510512882 89.53045499238806 46
1694510513008 90.22717349281602 47
1694510513137 90.32106152601229 48
1694510513272 88.76832289297626 49
