1694491457375 169.20931396300372 0
1694491457513 165.84382470017297 1
1694491457644 162.54532272817468 2
1694491457807 159.31247461976875 3
1694491457931 156.14397349283936 4
1694491458069 153.03853848189323 5
1694491458206 149.9949142200821 6
1694491458368 147.01187033153815 7
1694491458500 144.08820093381902 8
1694491458625 141.22272415025944 9
1694491458752 138.41428163203318 10
1694491458873 135.66173808973156 11
1694491459000 132.9639808342688 12
1694491459156 130.31991932692898 13
1694491459285 127.72848473837223 14
1694491459436 125.18862951642167 15
1694491459563 122.69932696245641 16
1694491459698 120.25957081623926 17
1694491459838 117.86837484901095 18
1694491459996 115.5247724646865 19
1694491460120 113.2278163089921 20
1694491460260 110.97657788638476 21
1694491460392 108.77014718459931 22
1694491460526 106.60763230667118 23
1694491460660 104.48815911028603 24
1694491460787 102.4108708543101 25
1694491460913 100.37492785235872 26
1694491461038 98.37950713326222 27
1694491461180 96.42380210829249 28
1694491461320 94.50702224501532 29
1694491461431 92.62839274763634 30
1694491461559 90.78715424371165 31
1694491461684 88.98256247709618 32
1694491461808 87.21388800700548 33
1694491461952 85.4804159130696 34
1694491462098 83.78144550625915 35
1694491462282 82.11629004556708 36
1694491462410 80.48427646033146 37
1694491462541 78.88474507808671 38
1694491462664 77.31704935783353 39
1694491462806 75.78055562861928 40
1694491462952 74.2746428333235 41
1694491463080 72.79870227754435 42
1694491463212 71.3521373834849 43
1694491463357 69.93436344873952 44
1694491463492 68.54480740988276 45
1694491463605 67.18290761076513 46
1694491463738 65.848113575422 47
1694491463862 64.53988578550393 48
1694491463999 63.25769546213818 49
