1694509405397 -242.95705062555513 0
1694509405570 -239.3585738281655 1
1694509405724 -235.8154156324533 2
1694509405891 -232.32562571562613 3
1694509406068 -228.88746756214894 4
1694509406258 -225.49961636742623 5
1694509406440 -222.16205772758738 6
1694509406617 -218.87391946836715 7
1694509406788 -215.63456395869844 8
1694509406962 -212.44336786226881 9
1694509407127 -209.29952879474936 10
1694509407286 -206.201997181526 11
1694509407458 -203.15106218812116 12
1694509407659 -200.1446549933341 13
1694509407861 -197.18295409442123 14
1694509408033 -194.26488231146666 15
1694509408196 -191.3902492372336 16
1694509408367 -188.5580703447004 17
1694509408519 -185.7679752120087 18
1694509408675 -183.01916320963196 19
1694509408824 -180.31111181522866 20
1694509408998 -177.64303504761835 21
1694509409173 -175.01444655649954 22
1694509409351 -172.42492617552773 23
1694509409525 -169.87358176136863 24
1694509409679 -167.36015231339752 25
1694509409850 -164.88410428639554 26
1694509410014 -162.44473515398653 27
1694509410155 -160.04135989770904 28
1694509410288 -157.67351330888945 29
1694509410425 -155.34109206023757 30
1694509410567 -153.0428892804187 31
1694509410703 -150.77890989261914 32
1694509410829 -148.54811373038902 33
1694509410960 -146.35025957396036 34
1694509411091 -144.185132038579 35
1694509411226 -142.05183066568193 36
1694509411372 -139.95030600130065 37
1694509411503 -137.87982324392584 38
1694509411637 -135.84016737421786 39
1694509411760 -133.8303332953754 40
1694509411890 -131.85045806378193 41
1694509412035 -129.90017810474092 42
1694509412166 -127.97858969819208 43
1694509412290 -126.08518977350765 44
1694509412412 -124.21992227477926 45
1694509412535 -122.38233812207882 46
1694509412665 -120.5716495728573 47
1694509412820 -118.78812589058359 48
1694509412967 -117.03091861641565 49
