1694509405278 167.85448190366844 0
1694509405459 166.5221904133314 1
1694509405622 164.03418317407505 2
1694509405782 157.55223918627829 3
1694509405955 157.1235138941244 4
1694509406125 154.782893113514 5
1694509406331 151.56608649040422 6
1694509406499 156.35558752149228 7
1694509406679 147.04071963011805 8
1694509406845 146.95762779572095 9
1694509407016 146.85279070506635 10
1694509407181 140.8105768502445 11
1694509407339 132.26984504779364 12
1694509407529 141.02862071013294 13
1694509407724 136.55160711907686 14
1694509407915 133.8531259214031 15
1694509408091 132.21119453948324 16
1694509408266 133.3345887352161 17
1694509408426 125.44961334472907 18
1694509408567 132.17576662443594 19
1694509408726 124.06053525021893 20
1694509408876 123.09044578906983 21
1694509409060 121.05288976318701 22
1694509409234 117.57468605397221 23
1694509409417 117.22743046005552 24
1694509409580 117.72517663131747 25
1694509409742 112.65168531938188 26
1694509409908 110.85372697700207 27
1694509410064 104.29381243871956 28
1694509410196 106.08122497198592 29
1694509410337 105.56483242634268 30
1694509410476 101.92409670860407 31
1694509410614 101.6287382985158 32
1694509410749 102.96741308342497 33
1694509410874 100.1223433372631 34
1694509411004 104.37567270282386 35
1694509411138 98.90795632616037 36
1694509411283 97.397809577213 37
1694509411415 93.3266559017892 38
1694509411555 93.31638531611321 39
1694509411677 95.91150507346438 40
1694509411803 92.77641760157196 41
1694509411943 86.63624638183269 42
1694509412079 86.8575596496084 43
1694509412209 88.00556742182452 44
1694509412335 84.44702269534532 45
1694509412451 83.57418383399938 46
1694509412578 86.87189467980629 47
1694509412714 82.47020810508302 48
1694509412875 81.14098349993921 49
