1694490803327 -242.5570979059476 0
1694490803500 -242.07901479150084 1
1694490803679 -241.6017998457338 2
1694490803803 -241.1255261658487 3
1694490803929 -240.65019189059805 4
1694490804059 -240.17579516316616 5
1694490804180 -239.7023341304126 6
1694490804293 -239.2298069428643 7
1694490804408 -238.75821175470895 8
1694490804540 -238.28754672378747 9
1694490804715 -237.8178100115866 10
1694490804835 -237.34899978323196 11
1694490804964 -236.88111420748072 12
1694490805104 -236.4141514567143 13
1694490805231 -235.94810970693152 14
1694490805345 -235.48298713774096 15
1694490805478 -235.01878193235424 16
1694490805599 -234.55549227757865 17
1694490805735 -234.09311636381 18
1694490805861 -233.63165238502575 19
1694490805987 -233.17109853877753 20
1694490806114 -232.71145302618453 21
1694490806241 -232.2527140519261 22
1694490806365 -231.79487982423464 23
1694490806489 -231.33794855488892 24
1694490806622 -230.88191845920667 25
1694490806771 -230.42678775603773 26
1694490806905 -229.9725546677573 27
1694490807026 -229.5192174202584 28
1694490807153 -229.06677424294537 29
1694490807277 -228.61522336872682 30
1694490807412 -228.1645630340085 31
1694490807532 -227.71479147868652 32
1694490807664 -227.26590694614043 33
1694490807799 -226.8179076832264 34
1694490807930 -226.37079194027 35
1694490808057 -225.92455797105987 36
1694490808182 -225.47920403284024 37
1694490808308 -225.03472838630458 38
1694490808453 -224.5911292955886 39
1694490808608 -224.14840502826326 40
1694490808762 -223.70655385532825 41
1694490808895 -223.26557405120502 42
1694490809027 -222.82546389373007 43
1694490809151 -222.38622166414805 44
1694490809279 -221.94784564710528 45
1694490809400 -221.51033413064272 46
1694490809520 -221.07368540618947 47
1694490809647 -220.63789776855594 48
1694490809775 -220.20296951592698 49
