1694490803220 169.64567855530572 0
1694490803377 169.30415212199097 1
1694490803546 168.97191056928887 2
1694490803719 168.64027242476033 3
1694490803843 168.30928847232968 4
1694490803968 167.9789574180162 5
1694490804097 167.64927797092128 6
1694490804217 167.32024884270245 7
1694490804331 166.9918687475683 8
1694490804448 166.66413640227339 9
1694490804587 166.33705052611313 10
1694490804753 166.01060984091896 11
1694490804869 165.6848130710532 12
1694490805007 165.35965894340393 13
1694490805145 165.03514618738018 14
1694490805263 164.71127353490675 15
1694490805389 164.3880397204194 16
1694490805508 164.06544348085976 17
1694490805639 163.74348355567028 18
1694490805768 163.42215868678954 19
1694490805900 163.10146761864704 20
1694490806031 162.7814090981584 21
1694490806154 162.46198187472038 22
1694490806277 162.14318470020586 23
1694490806407 161.8250163289593 24
1694490806529 161.50747551779142 25
1694490806656 161.19056102597446 26
1694490806817 160.87427161523735 27
1694490806938 160.5586060497608 28
1694490807067 160.24356309617258 29
1694490807192 159.9291415235423 30
1694490807311 159.61534010337704 31
1694490807452 159.30215760961607 32
1694490807574 158.98959281862645 33
1694490807702 158.67764450919782 34
1694490807839 158.36631146253796 35
1694490807968 158.05559246226775 36
1694490808098 157.7454862944164 37
1694490808224 157.43599174741686 38
1694490808354 157.12710761210084 39
1694490808496 156.81883268169423 40
1694490808653 156.51116575181217 41
1694490808797 156.2041056204545 42
1694490808934 155.89765108800094 43
1694490809069 155.5918009572064 44
1694490809190 155.28655403319618 45
1694490809316 154.98190912346135 46
1694490809435 154.67786503785425 47
1694490809562 154.3744205885833 48
1694490809687 154.07157459020885 49
