1694509666458 169.08902758239503 0
1694509666667 169.0552299450877 1
1694509666860 169.02510110352512 2
1694509667050 168.99494934992336 3
1694509667242 168.96480071133936 4
1694509667453 168.93465999639488 5
1694509667658 168.90452445539344 6
1694509667848 168.87439431643782 7
1694509668031 168.84426728919811 8
1694509668206 168.81414818076155 9
1694509668390 168.78403424247364 10
1694509668580 168.75392570235104 11
1694509668815 168.72382255941997 12
1694509669019 168.69372252425896 13
1694509669217 168.6636304020587 14
1694509669431 168.63354344524998 15
1694509669648 168.60346188175998 16
1694509669849 168.5733857106158 17
1694509670009 168.54331264329917 18
1694509670185 168.5132474831063 19
1694509670358 168.48318748355217 20
1694509670529 168.45313287247447 21
1694509670684 168.4230813622173 22
1694509670886 168.39303775425915 23
1694509671063 168.36299930315496 24
1694509671249 168.33296623665655 25
1694509671410 168.30293855379244 26
1694509671602 168.2729139678129 27
1694509671779 168.24289727830484 28
1694509671960 168.21288574090548 29
1694509672124 168.18287958327744 30
1694509672313 168.1528788044502 31
1694509672484 168.122881118575 32
1694509672645 168.0928913233489 33
1694509672818 168.06290667549064 34
1694509672998 168.03292740257353 35
1694509673156 168.00295121960949 36
1694509673333 167.97298292248146 37
1694509673486 167.94301976894602 38
1694509673647 167.91306198649082 39
1694509673825 167.88310957414694 40
1694509674010 167.85316024783003 41
1694509674169 167.82321880153611 42
1694509674339 167.7932824941016 43
1694509674504 167.763351552925 44
1694509674664 167.73342597703828 45
1694509674833 167.7035034832561 46
1694509675026 167.67358886368902 47
1694509675224 167.64367937825233 48
1694509675435 167.6137752542557 49
