1694507690694 -6.353092582852911 0
1694507691074 -5.598195665323519 1
1694507691451 -5.569454002691427 2
1694507691809 -5.595882450968682 3
1694507692185 -5.549916010678806 4
1694507692534 -5.734294707120225 5
1694507692891 -5.618561958624298 6
1694507693247 -5.620974499721892 7
1694507693615 -5.608590627993683 8
1694507693986 -5.609598486088046 9
1694507694306 -5.589249737527651 10
1694507694637 -5.586938931615106 11
1694507694938 -5.621068474995228 12
1694507695342 -5.52702508025457 13
1694507695750 -5.559304046918038 14
1694507696156 -5.637891506638765 15
1694507696577 -5.663274127966989 16
1694507696995 -5.552314061509956 17
1694507697373 -5.583227303702707 18
1694507697749 -5.660835867620746 19
1694507698116 -5.541099755984628 20
1694507698517 -5.589505970595107 21
1694507698902 -5.617861224744612 22
1694507699303 -5.599959439743794 23
1694507699695 -5.600860997680175 24
1694507700085 -5.683830093469733 25
1694507700505 -5.642607975079105 26
1694507700900 -5.591357468501256 27
1694507701227 -5.651042456301422 28
1694507701555 -5.600286057580418 29
1694507701869 -5.601088386128207 30
1694507702160 -5.5266304543580915 31
1694507702471 -5.622406219222624 32
1694507702747 -5.592436355332852 33
1694507702994 -5.605138920150271 34
1694507703242 -5.583104652704352 35
1694507703487 -5.594180904473704 36
1694507703763 -5.64092076569746 37
1694507704018 -5.652317744997116 38
1694507704289 -5.747319580435115 39
1694507704569 -5.600846154093524 40
1694507704815 -5.6154705557438085 41
1694507705067 -5.6443432725943286 42
1694507705304 -5.5752887496535335 43
1694507705552 -5.619288889203051 44
1694507705806 -5.5832200911709835 45
1694507706072 -5.636192165740683 46
1694507706397 -5.589428446192711 47
1694507706789 -5.620310415908393 48
1694507707173 -5.596170321263323 49
