1694509029480 0.7814293374211108 0
1694509029675 0.7614906138004016 1
1694509029847 0.7974572565525021 2
1694509030044 0.768942930192096 3
1694509030212 0.7550072154147877 4
1694509030387 0.7530323019718723 5
1694509030577 0.7838486117826824 6
1694509030759 0.7906641528541731 7
1694509030945 0.7609268628192982 8
1694509031139 0.7727271051131209 9
1694509031308 0.7831312141711441 10
1694509031480 0.8052391349820471 11
1694509031658 0.7782166754266358 12
1694509031842 0.7756304633392942 13
1694509032006 0.7739343613288738 14
1694509032174 0.7944514503121232 15
1694509032367 0.766756407673495 16
1694509032532 0.7735406049012031 17
1694509032712 0.7747355414776875 18
1694509032877 0.7689717591338918 19
1694509033044 0.7663473131653586 20
1694509033216 0.7840004705406289 21
1694509033403 0.7811598321703087 22
1694509033597 0.780106425724589 23
1694509033769 0.7927867863136872 24
1694509033933 0.7927974246117645 25
1694509034105 0.7517300604156952 26
1694509034275 0.7778115073745384 27
1694509034462 0.7746543260151111 28
1694509034651 0.7780253294573264 29
1694509034839 0.7718533108451786 30
1694509035019 0.7621056808254485 31
1694509035204 0.7659181536176769 32
1694509035373 0.7943923134739588 33
1694509035546 0.7774550321473815 34
1694509035716 0.7701977154186981 35
1694509035885 0.7578234533717321 36
1694509036058 0.7926415659276524 37
1694509036246 0.7803042915142089 38
1694509036413 0.754904186742607 39
1694509036585 0.7793803665647366 40
1694509036765 0.7576894220402884 41
1694509036928 0.7549558366229103 42
1694509037111 0.7781667270615099 43
1694509037276 0.7703673279949793 44
1694509037442 0.7974965237938612 45
1694509037608 0.7413737301681038 46
1694509037808 0.7732964421796317 47
1694509037971 0.7837520646908084 48
1694509038137 0.7805610167351287 49
