1694509029388 0.18022060689726818 0
1694509029571 0.031977728223046564 1
1694509029762 0.2774121154439069 2
1694509029948 0.44133357228473297 3
1694509030139 4.1402611228125664e-05 4
1694509030305 0.3010882717046689 5
1694509030501 0.08237238600384283 6
1694509030679 0.30021569351263905 7
1694509030869 0.19982584950260338 8
1694509031058 0.24126457352845587 9
1694509031229 0.09304080768617326 10
1694509031396 0.13212078444281788 11
1694509031574 0.03059053609345348 12
1694509031760 0.019051383130036247 13
1694509031929 0.01104735883504092 14
1694509032092 0.0059019061762948105 15
1694509032274 0.03859482353153607 16
1694509032457 0.06878509431184968 17
1694509032630 0.10718572208808043 18
1694509032799 0.058410196242674864 19
1694509032964 0.746100392959718 20
1694509033133 0.06124422073394361 21
1694509033319 0.21664186538012706 22
1694509033506 0.03232392402612949 23
1694509033685 0.1675627691962875 24
1694509033854 0.03080767736664498 25
1694509034026 0.025987876471647058 26
1694509034196 0.07526595511204816 27
1694509034371 0.021130591503619983 28
1694509034560 0.11803448934451369 29
1694509034758 0.014119921966259816 30
1694509034942 0.05227920600386874 31
1694509035124 0.04410749881035255 32
1694509035292 1.2420010543585993 33
1694509035470 0.003920337165315914 34
1694509035633 0.054850976980072755 35
1694509035805 0.004250207660771644 36
1694509035978 0.5987530728125632 37
1694509036168 0.022646915823526594 38
1694509036332 0.031527159888750794 39
1694509036500 0.13457459667285548 40
1694509036679 0.07668746459151933 41
1694509036852 0.15681072081414654 42
1694509037032 0.04713141619185836 43
1694509037199 0.2961022825323717 44
1694509037363 0.45477344537975434 45
1694509037528 0.06476159980847303 46
1694509037726 0.010755571505167719 47
1694509037894 0.1784802316039771 48
1694509038055 0.16903300862064172 49
