1694508936738 0.06818503594737003 0
1694508936908 0.04163342939705803 1
1694508937094 0.1281651503532335 2
1694508937293 0.0629512956259931 3
1694508937486 0.059784419691025284 4
1694508937670 0.020067724313334874 5
1694508937859 0.13917172696276725 6
1694508938030 0.09150342845709551 7
1694508938198 0.0076262546123163355 8
1694508938402 0.09829139471542273 9
1694508938584 0.002713503920598886 10
1694508938763 0.005880214503553048 11
1694508938949 0.03982091599981535 12
1694508939128 0.06929066618463625 13
1694508939338 0.4668961832153628 14
1694508939517 0.35353686077908725 15
1694508939701 0.21375697529553608 16
1694508939875 0.04157095648899116 17
1694508940063 0.126851725314022 18
1694508940233 0.07104205549162862 19
1694508940404 0.09250505194583519 20
1694508940573 0.05133184988924578 21
1694508940747 0.05896124114920331 22
1694508940924 0.02723955371513133 23
1694508941086 0.07404103310445609 24
1694508941257 0.023610927978814273 25
1694508941427 0.15184802325328306 26
1694508941590 0.1441585214502848 27
1694508941768 0.038811912145971184 28
1694508941951 0.6121234100099584 29
1694508942126 0.7089879834650984 30
1694508942323 0.6608310106407518 31
1694508942511 0.015584687980335642 32
1694508942686 0.3763217350077067 33
1694508942860 0.12269192808571303 34
1694508943026 0.07644609430546931 35
1694508943192 0.44528477919959836 36
1694508943359 0.16123499611177822 37
1694508943549 0.0516772539420869 38
1694508943722 0.10284969058008481 39
1694508943907 0.5176959404111925 40
1694508944113 0.1550214849538381 41
1694508944287 0.29902196532415154 42
1694508944453 2.1757510013866587e-06 43
1694508944646 0.011367024209705324 44
1694508944827 0.3655531601655299 45
1694508944992 0.09162810639133631 46
1694508945158 0.068879904619066 47
1694508945327 0.02133612591158909 48
1694508945493 0.030227672376793583 49
