1694491078520 0.7052872697091519 0
1694491078657 0.8413363640811613 1
1694491078795 0.8418430368051498 2
1694491078952 0.8412287024048495 3
1694491079094 0.8424496332188018 4
1694491079245 0.8405673052359273 5
1694491079384 0.8402632397458105 6
1694491079525 0.8422005025831605 7
1694491079671 0.8417135480783252 8
1694491079822 0.841681950959415 9
1694491079964 0.8423276243868032 10
1694491080112 0.841665449489931 11
1694491080266 0.8417761968322894 12
1694491080420 0.8427586217552654 13
1694491080565 0.8426097133484999 14
1694491080716 0.8419639935105832 15
1694491080862 0.8423238596338373 16
1694491081003 0.8417407688387215 17
1694491081139 0.8415372996455079 18
1694491081286 0.8405359361946928 19
1694491081431 0.842389832974463 20
1694491081578 0.8414009749298261 21
1694491081714 0.8420107570246119 22
1694491081857 0.8424448112224443 23
1694491082002 0.8410994865699906 24
1694491082146 0.8425699778833455 25
1694491082299 0.8421809882950071 26
1694491082438 0.8426785006209733 27
1694491082580 0.8403980158573308 28
1694491082727 0.8421555941865049 29
1694491082872 0.8424816920768761 30
1694491083017 0.8417352930737806 31
1694491083167 0.841966173798418 32
1694491083344 0.8412672092562347 33
1694491083481 0.8420479807648144 34
1694491083631 0.842373009411667 35
1694491083778 0.841042222063715 36
1694491083929 0.8421441555584415 37
1694491084074 0.8415237815123188 38
1694491084221 0.8423158110565938 39
1694491084351 0.8419569115335647 40
1694491084489 0.8418763424373701 41
1694491084620 0.8415333333487555 42
1694491084766 0.8418892315082996 43
1694491084913 0.8421827825080607 44
1694491085054 0.841563997827686 45
1694491085194 0.8411726971877133 46
1694491085335 0.8406680993791317 47
1694491085480 0.8424357937559658 48
1694491085626 0.8422996049830273 49
