1694510098049 0.6710361091933912 0
1694510098232 0.813782149715889 1
1694510098416 0.8135424190360858 2
1694510098598 0.8152849419210154 3
1694510098778 0.8145158477365504 4
1694510098976 0.8146232270174675 5
1694510099148 0.8132936374371417 6
1694510099333 0.8121747757278619 7
1694510099525 0.813456509089787 8
1694510099721 0.8147405663537235 9
1694510099930 0.8155190536379888 10
1694510100126 0.8147133707113942 11
1694510100332 0.8133036292401006 12
1694510100511 0.8145353181177495 13
1694510100705 0.8147489042363699 14
1694510100881 0.8156652152797265 15
1694510101088 0.8151332824940032 16
1694510101259 0.8152761087185849 17
1694510101434 0.8148364518886643 18
1694510101627 0.8120286315451568 19
1694510101809 0.8143703203311655 20
1694510102006 0.813070068018947 21
1694510102200 0.8136685969236933 22
1694510102377 0.8150786112055073 23
1694510102554 0.813968228203709 24
1694510102754 0.8152031901024783 25
1694510102930 0.8143109915656705 26
1694510103099 0.8142530615395577 27
1694510103281 0.8150451841796402 28
1694510103446 0.8145279421283066 29
1694510103604 0.8146679462314181 30
1694510103774 0.8136066040051617 31
1694510103930 0.8142178154266597 32
1694510104098 0.8153118091835587 33
1694510104282 0.814948967378152 34
1694510104444 0.8138021454777864 35
1694510104605 0.814007416264729 36
1694510104764 0.814242400655272 37
1694510104919 0.8134959454915586 38
1694510105106 0.8140524637880493 39
1694510105258 0.8155763277039036 40
1694510105446 0.8150864755778617 41
1694510105622 0.8138549195596436 42
1694510105776 0.8135095418937428 43
1694510105927 0.8138877276605136 44
1694510106082 0.8141869350499812 45
1694510106241 0.8119242354537441 46
1694510106429 0.8154104512813214 47
1694510106615 0.8153064510230797 48
1694510106788 0.8135671910035274 49
