1694510097961 0.05400074080350506 0
1694510098139 0.3567400449381197 1
1694510098328 0.0050133369765222886 2
1694510098511 0.00523550895326477 3
1694510098692 0.13201153748368202 4
1694510098889 0.04737022284970066 5
1694510099062 0.21114933462152485 6
1694510099252 0.031623841298163785 7
1694510099440 0.2413781891778728 8
1694510099634 0.007313799017988515 9
1694510099839 0.00017840496130251362 10
1694510100038 0.01955521382047027 11
1694510100238 0.09361248370913175 12
1694510100421 0.4086686192136946 13
1694510100611 0.07289617499615471 14
1694510100792 0.04055641933023448 15
1694510101000 0.046823029562218815 16
1694510101175 0.1362320039109105 17
1694510101350 2.466541912693534e-05 18
1694510101523 0.00020106572536260936 19
1694510101720 0.09054955053667853 20
1694510101920 0.3949117772289085 21
1694510102112 0.0434837323908418 22
1694510102286 0.17174382000810456 23
1694510102470 0.018707740080705342 24
1694510102668 0.2331456988444506 25
1694510102850 0.06734655538940883 26
1694510103024 0.032150439268955014 27
1694510103207 0.09902913704210328 28
1694510103367 0.14766936656293284 29
1694510103528 0.09705699659487418 30
1694510103699 0.033556347687297344 31
1694510103856 0.04297613141669212 32
1694510104024 0.008231204796052301 33
1694510104203 0.0008827629563238624 34
1694510104366 0.19144980218560717 35
1694510104526 0.13987707733770677 36
1694510104688 0.09411825367036777 37
1694510104846 0.3612671556596629 38
1694510105032 0.04062519080276952 39
1694510105186 0.022922652604203404 40
1694510105369 0.033799268609738274 41
1694510105544 0.0045127974246230015 42
1694510105701 0.032751907836538446 43
1694510105856 0.0004157140353954214 44
1694510106008 0.3128457622328574 45
1694510106167 0.15150067325552513 46
1694510106349 0.0013645516606668213 47
1694510106534 0.05476986528547205 48
1694510106708 0.14610893507869674 49
