1694510698025 -242.56123674970982 0
1694510698217 -242.51738297410145 1
1694510698405 -242.47353705171807 2
1694510698598 -242.42969902992485 3
1694510698797 -242.38586890729727 4
1694510698992 -242.34204668241148 5
1694510699205 -242.29823235384382 6
1694510699406 -242.25442592017095 7
1694510699611 -242.21062737996994 8
1694510699805 -242.16683673181788 9
1694510699999 -242.12305397429225 10
1694510700216 -242.07927910597078 11
1694510700430 -242.03551212543135 12
1694510700648 -241.9917530312522 13
1694510700864 -241.94800182201178 14
1694510701064 -241.90425849628892 15
1694510701290 -241.86052305266253 16
1694510701488 -241.81679548971178 17
1694510701702 -241.7730758060163 18
1694510701908 -241.72936400015573 19
1694510702098 -241.68566007071018 20
1694510702289 -241.64196401625986 21
1694510702470 -241.5982758353853 22
1694510702663 -241.5545955266672 23
1694510702869 -241.51092308868678 24
1694510703059 -241.46725852002515 25
1694510703245 -241.42360181926387 26
1694510703470 -241.3799529849849 27
1694510703701 -241.3363120157701 28
1694510703936 -241.29267891020186 29
1694510704140 -241.2490536668628 30
1694510704354 -241.2054362843357 31
1694510704539 -241.16182676120357 32
1694510704738 -241.11822509604985 33
1694510704938 -241.0746312874581 34
1694510705124 -241.03104533401213 35
1694510705295 -240.9874672342961 36
1694510705496 -240.94389698689432 37
1694510705674 -240.90033459039134 38
1694510705864 -240.85678004337217 39
1694510706065 -240.8132333444219 40
1694510706255 -240.76969449212578 41
1694510706452 -240.72616348506952 42
1694510706639 -240.68264032183907 43
1694510706793 -240.63912500102052 44
1694510706974 -240.5956175212002 45
1694510707126 -240.55211788096491 46
1694510707294 -240.50862607890141 47
1694510707457 -240.46514211359698 48
1694510707638 -240.42166598363892 49
