1694490387067 -239.01128357297915 0
1694490387169 -235.46625351369448 1
1694490387270 -231.9740324787626 2
1694490387376 -228.53363508196747 3
1694490387477 -225.1442619067706 4
1694490387565 -221.80517460518075 5
1694490387680 -218.51559903620054 6
1694490387766 -215.27483600810427 7
1694490387859 -212.08211138762164 8
1694490387970 -208.93699557292973 9
1694490388074 -205.83834830660442 10
1694490388161 -202.78571813205775 11
1694490388255 -199.77830879649983 12
1694490388344 -196.81543247134846 13
1694490388450 -193.8965472703483 14
1694490388537 -191.0210841080432 15
1694490388637 -188.18815903568776 16
1694490388736 -185.3971099592321 17
1694490388823 -182.64754501621695 18
1694490388911 -179.9389565988179 19
1694490389012 -177.27027686457023 20
1694490389128 -174.64133420894674 21
1694490389250 -172.051382191442 22
1694490389369 -169.49982846545956 23
1694490389492 -166.98607780448697 24
1694490389610 -164.50981089040025 25
1694490389707 -162.07006727809255 26
1694490389809 -159.6664448240389 27
1694490389914 -157.29848603912748 28
1694490390048 -154.96564325176894 29
1694490390174 -152.6676125645498 30
1694490390276 -150.40333539459544 31
1694490390381 -148.1726348155728 32
1694490390488 -145.97501051553857 33
1694490390620 -143.810129445313 34
1694490390760 -141.6771979915736 35
1694490390880 -139.57590143768851 36
1694490390984 -137.50586135153037 37
1694490391086 -135.46636951364977 38
1694490391187 -133.45716397051922 39
1694490391285 -131.47767116836005 40
1694490391402 -129.5275870424968 41
1694490391528 -127.6063462284695 42
1694490391646 -125.71363794427624 43
1694490391736 -123.84897411096914 44
1694490391836 -122.01193955022036 45
1694490391954 -120.20216829901719 46
1694490392089 -118.41911369916153 47
1694490392197 -116.66250885587408 48
1694490392305 -114.93193376366854 49
