1694490387012 166.433419726793 0
1694490387102 173.2174642593942 1
1694490387204 159.10710673125698 2
1694490387307 154.64173835822407 3
1694490387409 156.81494402355352 4
1694490387507 156.97874594882418 5
1694490387603 150.6366295661019 6
1694490387709 148.18161353576616 7
1694490387796 148.58009953587256 8
1694490387895 141.31221116628868 9
1694490388006 142.08986384423125 10
1694490388106 137.88674655199156 11
1694490388197 137.3601355435486 12
1694490388284 140.16031269003753 13
1694490388379 134.6259870721243 14
1694490388481 131.13976427566624 15
1694490388571 132.25164345685 16
1694490388672 136.41371066623896 17
1694490388768 129.58176746493163 18
1694490388853 122.67809776276141 19
1694490388945 128.55102662815221 20
1694490389049 120.30388283875081 21
1694490389173 118.15055201252896 22
1694490389293 117.82606588408055 23
1694490389411 115.59315270156317 24
1694490389539 115.86251663086205 25
1694490389645 111.8146375217189 26
1694490389743 111.955423079972 27
1694490389839 110.03614874779826 28
1694490389957 106.95373696711783 29
1694490390098 107.71174576470739 30
1694490390206 108.13241787628876 31
1694490390310 106.1717508873517 32
1694490390416 104.81018431978664 33
1694490390537 101.4885000518561 34
1694490390665 99.53621860451008 35
1694490390806 96.72266611395189 36
1694490390915 92.33773459310179 37
1694490391018 96.27674184500879 38
1694490391120 94.61675186001312 39
1694490391222 92.54174740679329 40
1694490391321 93.3958444983614 41
1694490391445 90.68307188628165 42
1694490391572 88.61148733880647 43
1694490391679 90.96826542727531 44
1694490391772 82.22019038538103 45
1694490391874 85.3861517415538 46
1694490391999 82.842066579216 47
1694490392127 81.25401388536123 48
1694490392235 84.74504273920475 49
