1694510741384 -237.4181388279825 0
1694510741566 -232.67226374177713 1
1694510741774 -228.02092946844684 2
1694510741979 -223.46225211182903 3
1694510742198 -218.9943853352905 4
1694510742369 -214.61551961232786 5
1694510742558 -210.32388149213713 6
1694510742768 -206.11773287985125 7
1694510742956 -201.99537033115345 8
1694510743132 -197.9551243609782 9
1694510743316 -193.99535876601806 10
1694510743495 -190.1144699607611 11
1694510743684 -186.3108863267871 12
1694510743872 -182.58306757505804 13
1694510744089 -178.9295041209432 14
1694510744291 -175.34871647172378 15
1694510744496 -171.83925462632763 16
1694510744692 -168.39969748704993 17
1694510744873 -165.02865228301928 18
1694510745041 -161.72475400517558 19
1694510745225 -158.48666485252846 20
1694510745415 -155.3130736894713 21
1694510745602 -152.20269551393002 22
1694510745798 -149.154270936129 23
1694510745987 -146.16656566776348 24
1694510746188 -143.238370021369 25
1694510746400 -140.368498419685 26
1694510746606 -137.5557889148121 27
1694510746808 -134.79910271696792 28
1694510746991 -132.09732373264936 29
1694510747174 -129.44935811201333 30
1694510747363 -126.85413380529143 31
1694510747579 -124.31060012805882 32
1694510747775 -121.81772733517947 33
1694510747964 -119.37450620325485 34
1694510748145 -116.97994762140631 35
1694510748314 -114.63308219022403 36
1694510748484 -112.33295982872016 37
1694510748687 -110.07864938912552 38
1694510748866 -107.86923827937338 39
1694510749063 -105.70383209311716 40
1694510749235 -103.58155424713081 41
1694510749470 -101.50154562594493 42
1694510749645 -99.46296423357376 43
1694510749852 -97.46498485219178 44
1694510750067 -95.50679870762048 45
1694510750237 -93.58761314149005 46
1694510750446 -91.70665128994182 47
1694510750644 -89.86315176874157 48
1694510750892 -88.05636836467518 49
