1694510741254 169.10138439172798 0
1694510741437 165.73564775194333 1
1694510741626 162.43697517059164 2
1694510741825 159.2040296899442 3
1694510742053 156.03550102319272 4
1694510742245 152.93010502191066 5
1694510742418 149.88658315416092 6
1694510742635 146.90370199303655 7
1694510742820 143.98025271542505 8
1694510743003 141.11505061079245 9
1694510743191 138.30693459978608 10
1694510743374 135.55476676245928 11
1694510743550 132.8574318759258 12
1694510743732 130.21383696125517 13
1694510743921 127.62291083942335 14
1694510744146 125.0836036961385 15
1694510744352 122.59488665536318 16
1694510744551 120.15575136135962 17
1694510744746 117.76520956908708 18
1694510744922 115.4222927427845 19
1694510745094 113.12605166257411 20
1694510745284 110.87555603892613 21
1694510745466 108.66989413482672 22
1694510745658 106.5081723954952 23
1694510745857 104.38951508549971 24
1694510746041 102.31306393312289 25
1694510746243 100.27797778183283 26
1694510746460 98.283432248717 27
1694510746663 96.32861938973979 28
1694510746862 94.41274737168735 29
1694510747043 92.53504015066578 30
1694510747224 90.69473715702159 31
1694510747431 88.89109298655619 32
1694510747640 87.123377097908 33
1694510747833 85.3908735159795 34
1694510748013 83.69288054128769 35
1694510748196 82.02871046511993 36
1694510748359 80.39768929037878 37
1694510748539 78.7991564580022 38
1694510748741 77.23246457884768 39
1694510748921 75.6969791709307 40
1694510749113 74.192078401911 41
1694510749319 72.7171528367211 42
1694510749520 71.27160519023485 43
1694510749703 69.85485008487464 44
1694510749913 68.46631381305926 45
1694510750119 67.1054341043947 46
1694510750294 65.771659897514 47
1694510750505 64.46445111647247 48
1694510750704 63.183278451607755 49
