1694251958690 27174.864077669903 0
1694251958897 21017.474271795167 1
1694251959067 17046.56743655763 2
1694251959217 14181.992049685 3
1694251959370 11984.537460000467 4
1694251959558 10246.706444367079 5
1694251959746 8852.503825179077 6
1694251959907 7726.376426094483 7
1694251960069 6813.701915736725 8
1694251960264 6072.631645488882 9
1694251960437 5470.167858429531 10
1694251960609 4980.10912582257 11
1694251960775 4581.011005523756 12
1694251960949 4255.751633094802 13
1694251961132 3990.485011532965 14
1694251961337 3773.9990386122577 15
1694251961500 3597.3615882508016 16
1694251961643 3453.0200826586643 17
1694251961815 3335.032637782321 18
1694251961981 3238.4783010007263 19
1694251962143 3159.4088379560485 20
1694251962330 3094.612774839863 21
1694251962482 3041.476054613484 22
1694251962651 2997.8694824743316 23
1694251962834 2962.0576775897016 24
1694251963017 2932.625345107851 25
1694251963206 2908.417523022609 26
1694251963350 2888.491118665634 27
1694251963488 2872.07557434806 28
1694251963657 2858.540921225448 29
1694251963840 2847.3718169624894 30
1694251964019 2838.146433181229 31
1694251964193 2830.519276260889 32
1694251964365 2824.2072003236362 33
1694251964527 2818.978012549625 34
1694251964700 2814.641184991863 35
1694251964872 2811.040279147082 36
1694251965032 2808.0467639612352 37
1694251965223 2805.5549681393218 38
1694251965388 2803.4779563443285 39
1694251965550 2801.7441583240807 40
1694251965721 2800.294611979121 41
1694251965877 2799.0807073139918 42
1694251966049 2798.062339254395 43
1694251966246 2797.2063943957164 44
1694251966419 2796.4855106268465 45
1694251966560 2795.8770598545875 46
1694251966716 2795.362313229392 47
1694251966892 2794.9257557399883 48
1694251967068 2794.55452312395 49
1694251967221 2794.237938993962 50
1694251967392 2793.967134116283 51
1694251967553 2793.7347330698376 52
1694251967727 2793.5345962002425 53
1694251967930 2793.3616069755967 54
1694251968113 2793.2114966415124 55
1694251968322 2793.080699536017 56
1694251968483 2792.9662336211836 57
1694251968636 2792.865601766663 58
1694251968817 2792.776710120936 59
1694251969006 2792.697800561586 60
1694251969165 2792.627394752796 61
1694251969349 2792.564247778277 62
1694251969502 2792.5073096786386 63
1694251969665 2792.455693518126 64
1694251969841 2792.408648848569 65
1694251970040 2792.3655396378454 66
1694251970205 2792.3258258940114 67
1694251970350 2792.2890483509705 68
1694251970521 2792.254815692313 69
1694251970715 2792.2227938811184 70
1694251970881 2792.192697238565 71
1694251971068 2792.1642809759983 72
1694251971213 2792.1373349360933 73
1694251971374 2792.1116783407188 74
1694251971530 2792.087155377833 75
1694251971701 2792.063631488339 76
1694251971891 2792.0409902375027 77
1694251972057 2792.0191306750567 78
1694251972216 2791.99796510433 79
1694251972399 2791.977417194093 80
1694251972575 2791.957420377926 81
1694251972732 2791.9379164950974 82
1694251972900 2791.9188546345576 83
1694251973125 2791.9001901500133 84
1694251973299 2791.8818838192587 85
1694251973471 2791.8639011253676 86
1694251973624 2791.846211640938 87
1694251973769 2791.828788499637 88
1694251973952 2791.8116079418282 89
1694251974103 2791.7946489231413 90
1694251974270 2791.777892776625 91
1694251974446 2791.761322920588 92
1694251974605 2791.7449246054757 93
1694251974781 2791.728684694129 94
1694251974934 2791.7125914706758 95
1694251975102 2791.696634474012 96
1694251975297 2791.6808043524206 97
