1694489717587 -58.33857130304946 0
1694489717686 -20.526327650045868 1
1694489717771 -10.606786093629452 2
1694489717870 -7.461801431872917 3
1694489717979 -6.329122648388838 4
1694489718085 -5.902255889913305 5
1694489718186 -5.7318172272324075 6
1694489718292 -5.6583225730161315 7
1694489718384 -5.632798675212961 8
1694489718476 -5.618078846185927 9
1694489718571 -5.614538656949152 10
1694489718663 -5.616924280484826 11
1694489718764 -5.606453662515413 12
1694489718861 -5.613131663513791 13
1694489718949 -5.602404785488242 14
1694489719043 -5.601832869745443 15
1694489719127 -5.597461663554133 16
1694489719229 -5.610314263360336 17
1694489719320 -5.604921463679199 18
1694489719406 -5.607744677958121 19
1694489719492 -5.611050804292675 20
1694489719591 -5.608202006992445 21
1694489719691 -5.614197970018707 22
1694489719783 -5.610488469181497 23
1694489719881 -5.606202161726013 24
1694489719976 -5.607825394464966 25
1694489720083 -5.611904839867045 26
1694489720175 -5.60497923350413 27
1694489720275 -5.6076271276863725 28
1694489720386 -5.610252264600892 29
1694489720489 -5.614758235810397 30
1694489720591 -5.606929356290009 31
1694489720690 -5.6069065660874715 32
