1694489717521 43.58914864393059 0
1694489717621 16.43956395144445 1
1694489717717 8.717524897133865 2
1694489717805 6.000824552297795 3
1694489717905 5.407239992949333 4
1694489718021 4.704139395508092 5
1694489718114 4.906967246764727 6
1694489718222 4.452936366895757 7
1694489718325 5.008313587967453 8
1694489718413 4.75963500017797 9
1694489718510 5.169194338407508 10
1694489718600 4.482610678109557 11
1694489718698 5.280525454216774 12
1694489718801 4.759389561315255 13
1694489718892 5.537901059920643 14
1694489718979 4.433262064543234 15
1694489719071 5.225823340811097 16
1694489719162 4.819361319471222 17
1694489719264 4.8590996305921035 18
1694489719350 4.513877876297437 19
1694489719435 4.82515094118087 20
1694489719525 5.07397300830162 21
1694489719626 4.634978283338094 22
1694489719725 4.633364532194776 23
1694489719816 4.989711076406922 24
1694489719912 4.559488084735517 25
1694489720011 4.783913071152395 26
1694489720114 4.874352646208051 27
1694489720208 4.561486232967571 28
1694489720312 4.688713225628785 29
1694489720423 4.914805469788169 30
1694489720524 4.894948412498921 31
1694489720625 4.698195408179019 32
