1694508998623 -125.92049301358428 0
1694508998825 -64.41907208779712 1
1694508999012 -32.90212169115609 2
1694508999198 -16.71192183397709 3
1694508999386 -8.365735661170163 4
1694508999581 -4.048297620078073 5
1694508999754 -1.8010056380761061 6
1694508999921 -0.6209683394604346 7
1694509000080 0.004842045456022626 8
1694509000272 0.34199781243371785 9
1694509000433 0.52578139194037 10
1694509000603 0.6285351995260577 11
1694509000764 0.687379088479353 12
1694509000929 0.7217688442015298 13
1694509001100 0.7429621260131578 14
1694509001268 0.7560424588246445 15
1694509001434 0.7643242748294223 16
1694509001629 0.7696255494646562 17
1694509001815 0.7732627624842383 18
1694509001979 0.7756001452995176 19
1694509002149 0.7772636777459823 20
1694509002312 0.7782689101509114 21
1694509002477 0.7791220180494378 22
1694509002644 0.7796256802307948 23
1694509002808 0.7798793450108377 24
1694509003005 0.7802042207396903 25
1694509003170 0.7802891274289803 26
1694509003345 0.7804902823301103 27
1694509003502 0.7807599798641967 28
1694509003685 0.780745710611287 29
1694509003876 0.780671837669769 30
1694509004038 0.7806260196483821 31
1694509004210 0.7805994608095306 32
1694509004381 0.7804973204509981 33
1694509004545 0.780585515867611 34
1694509004717 0.7807387375430602 35
1694509004885 0.7808592815962208 36
1694509005051 0.7809046653210325 37
1694509005233 0.7808373337296175 38
1694509005398 0.780986320462116 39
1694509005570 0.7806864676554043 40
1694509005753 0.7806666410916665 41
1694509005924 0.780658469315656 42
1694509006101 0.7806342570698935 43
1694509006268 0.7807385603478111 44
1694509006436 0.7809327421273925 45
1694509006598 0.7809972379133145 46
1694509006766 0.7809869014454864 47
1694509006933 0.7809632831429074 48
1694509007097 0.7808880388565127 49
