1694508998526 82.50479383152556 0
1694508998718 48.424215460771684 1
1694508998922 22.79227018107594 2
1694508999106 7.080798954786035 3
1694508999288 6.55112100805297 4
1694508999487 2.73338285199786 5
1694508999671 2.4542327520245304 6
1694508999841 0.35835384399115383 7
1694509000004 0.6955554824790069 8
1694509000190 0.3938041657105248 9
1694509000358 0.31658516185592667 10
1694509000523 0.37653908291332355 11
1694509000687 0.0010769828814554956 12
1694509000849 0.0021775153978208016 13
1694509001011 0.005399797015294808 14
1694509001188 9.484133506619588e-05 15
1694509001358 0.018770696574910567 16
1694509001531 0.12136261958426488 17
1694509001736 0.4170243527330142 18
1694509001905 0.108712026602995 19
1694509002069 0.12293809570440435 20
1694509002233 0.10774206242322029 21
1694509002397 0.009033482929958567 22
1694509002563 5.909636892869669e-05 23
1694509002729 0.1819601506805663 24
1694509002925 0.37535180237273247 25
1694509003092 0.047048900352719615 26
1694509003265 0.012569941298280386 27
1694509003428 0.38610485708028214 28
1694509003607 0.25517404468864735 29
1694509003791 0.3729524209709718 30
1694509003961 0.022198852837677994 31
1694509004129 0.04198620527454706 32
1694509004302 0.26725564462853424 33
1694509004466 7.021011525226205e-06 34
1694509004638 0.380759808995195 35
1694509004803 0.02667377512661945 36
1694509004971 0.017909866988604195 37
1694509005151 0.21753002128232815 38
1694509005318 0.0025928737029936757 39
1694509005485 0.14483369614448185 40
1694509005670 0.14707799990426249 41
1694509005840 0.004432011919560517 42
1694509006018 0.13903968636066036 43
1694509006189 0.10596101373243332 44
1694509006355 0.24795026145775606 45
1694509006520 0.01155723511682218 46
1694509006687 0.037883069822526476 47
1694509006854 0.002885456079586947 48
1694509007017 0.2515866051349088 49
