1694490472567 -200.09810545943859 0
1694490472659 -172.29720450427433 1
1694490472750 -148.3574779165846 2
1694490472838 -127.74289341957112 3
1694490472939 -109.98897294956477 4
1694490473043 -94.69940387107206 5
1694490473161 -81.5297587107577 6
1694490473260 -70.18679352737868 7
1694490473358 -60.415379843680846 8
1694490473459 -51.99739846833776 9
1694490473561 -44.74538755052616 10
1694490473659 -38.496029810970334 11
1694490473761 -33.110594288270406 12
1694490473856 -28.469434470973713 13
1694490473958 -24.46899356097422 14
1694490474061 -21.02036953778861 15
1694490474155 -18.047039250288933 16
1694490474260 -15.483268812037046 17
1694490474346 -13.272394993771437 18
1694490474438 -11.365280590373626 19
1694490474540 -9.72006167686852 20
1694490474653 -8.300559108148228 21
1694490474750 -7.075421367661635 22
1694490474837 -6.017918483624843 23
1694490474939 -5.104759709032895 24
1694490475025 -4.316279303349658 25
1694490475115 -3.63513555384091 26
1694490475214 -3.046685714848268 27
1694490475301 -2.5381124666486685 28
1694490475403 -2.0983689055652106 29
1694490475506 -1.717936143115823 30
1694490475617 -1.3889865745437855 31
1694490475727 -1.1042038370534009 32
1694490475835 -0.8576751276764258 33
1694490475943 -0.6440802763020492 34
1694490476046 -0.45900739702456406 35
1694490476151 -0.29853657432046865 36
1694490476269 -0.1593880657102511 37
1694490476376 -0.03865383157351898 38
1694490476484 0.0662338745438894 39
1694490476592 0.15742340000729105 40
1694490476688 0.23670564456276844 41
1694490476781 0.3056549778976766 42
1694490476879 0.36572563196622454 43
1694490476978 0.41800709630922284 44
1694490477068 0.4636223537036409 45
1694490477154 0.5034236268875207 46
1694490477258 0.538188739329774 47
1694490477350 0.5685510780021619 48
1694490477451 0.5951568880152958 49
