1694509361245 -51.71995145082077 0
1694509361408 -11.220706414877798 1
1694509361563 -2.0441933283579785 2
1694509361727 0.08327169011820201 3
1694509361890 0.6005182604819977 4
1694509362038 0.7366508725337069 5
1694509362184 0.7759287958021299 6
1694509362331 0.7893715451448513 7
1694509362480 0.7956704065823593 8
1694509362640 0.7962723715910504 9
1694509362800 0.7969275746157831 10
1694509362964 0.7982283670094565 11
1694509363117 0.7988621027764765 12
1694509363272 0.7981022793673453 13
1694509363427 0.7982977492467263 14
1694509363588 0.798832124234856 15
1694509363737 0.7998424604915975 16
1694509363893 0.7986111164767968 17
1694509364040 0.798539234422469 18
1694509364184 0.7987333450795879 19
1694509364319 0.7995371359637674 20
1694509364467 0.7993246071566805 21
1694509364616 0.7993196733561542 22
1694509364762 0.7994519357247323 23
1694509364900 0.7992895015117372 24
1694509365024 0.7990803119467746 25
1694509365148 0.7986331001749175 26
1694509365273 0.7988587715220062 27
1694509365399 0.8001760866232481 28
1694509365517 0.7988156806863721 29
1694509365657 0.799626422414547 30
1694509365793 0.7986845527604851 31
1694509365929 0.7979364230785984 32
1694509366058 0.7979453670351048 33
1694509366184 0.7984135620440511 34
1694509366312 0.7996053973334019 35
1694509366436 0.7990491812910541 36
1694509366562 0.798432507551915 37
1694509366682 0.7990197096610114 38
1694509366801 0.7994806168059335 39
1694509366937 0.8001343110961252 40
1694509367066 0.7984930994439734 41
1694509367191 0.7993476486314071 42
1694509367310 0.7990012766249976 43
1694509367429 0.7994836021541761 44
1694509367548 0.7988748701875152 45
1694509367679 0.7988035428439135 46
1694509367822 0.7987564450347114 47
1694509367983 0.8002551953926124 48
1694509368125 0.7987406786422172 49
