1694491171101 -212.07369089926522 0
1694491171206 -182.70485046312962 1
1694491171315 -157.38891247208863 2
1694491171418 -135.5678712122427 3
1694491171524 -116.75708092248912 4
1694491171625 -100.54386518973457 5
1694491171723 -86.56722550542901 6
1694491171812 -74.51957067283514 7
1694491171906 -64.13442739850845 8
1694491172014 -55.181832362989056 9
1694491172121 -47.464593363339795 10
1694491172232 -40.81180103427384 11
1694491172339 -35.07678900156117 12
1694491172446 -30.132386704984057 13
1694491172562 -25.870151629695307 14
1694491172665 -22.19552525075652 15
1694491172767 -19.02765374622829 16
1694491172874 -16.296695018661406 17
1694491172965 -13.94204762567223 18
1694491173065 -11.911885605964258 19
1694491173167 -10.161751094497433 20
1694491173274 -8.652605687219483 21
1694491173381 -7.35129058767407 22
1694491173484 -6.229211032346242 23
1694491173586 -5.261675415555262 24
1694491173683 -4.427420852206798 25
1694491173785 -3.708002028825854 26
1694491173875 -3.0875254370095098 27
1694491173964 -2.552506733201877 28
1694491174060 -2.091131810585292 29
1694491174171 -1.693061894548276 30
1694491174278 -1.3498221914192148 31
1694491174390 -1.053696132770284 32
1694491174498 -0.7983107362345301 33
1694491174605 -0.5779122985722045 34
1694491174708 -0.38780291632638253 35
1694491174800 -0.22377310106282455 36
1694491174905 -0.08223028700012724 37
1694491175007 0.039867075733261426 38
1694491175095 0.14526441310186 39
1694491175191 0.23617070395105533 40
1694491175280 0.3147165059683791 41
1694491175376 0.3824902561397421 42
1694491175474 0.4409820336321326 43
1694491175579 0.49149101808357165 44
1694491175682 0.5350986314960859 45
1694491175776 0.5728001299369243 46
1694491175877 0.6053541963038767 47
1694491175971 0.6334495738886088 48
1694491176070 0.6577317751091769 49
