1694491171031 142.56065276480905 0
1694491171137 127.34467343017859 1
1694491171244 110.43902722582314 2
1694491171350 93.50007582817373 3
1694491171452 84.44301584818831 4
1694491171555 69.14464183928699 5
1694491171660 62.07557192769372 6
1694491171753 52.3364506554524 7
1694491171843 43.985493872143444 8
1694491171940 38.59569334293213 9
1694491172051 32.50207362362657 10
1694491172156 28.364020700127174 11
1694491172271 24.193692368965948 12
1694491172375 22.421963778057883 13
1694491172480 18.495870466727705 14
1694491172597 16.396010377657486 15
1694491172701 13.801109525648235 16
1694491172801 11.556185341003818 17
1694491172903 9.83859414569973 18
1694491172999 8.795946013595907 19
1694491173101 7.4417275357671135 20
1694491173204 6.106096469138788 21
1694491173314 5.74917753868606 22
1694491173416 5.013053211650931 23
1694491173519 4.446735187249261 24
1694491173620 3.7201659442544432 25
1694491173717 2.9878770928832923 26
1694491173816 2.988642158601451 27
1694491173905 2.1458556590302007 28
1694491173993 1.9650740680202905 29
1694491174095 2.005664513897293 30
1694491174207 1.572597535234854 31
1694491174317 1.4107277058741239 32
1694491174427 1.1390719082754364 33
1694491174534 1.1497485768927846 34
1694491174639 0.9496887282865217 35
1694491174738 0.8642521836901639 36
1694491174835 0.8223351429074716 37
1694491174941 0.7971856337468717 38
1694491175038 0.5834601319278131 39
1694491175126 0.44032202742432086 40
1694491175223 0.6469550064859368 41
1694491175310 0.45596680974596676 42
1694491175406 0.41705263624163874 43
1694491175509 0.28158887689005446 44
1694491175614 0.24043358260893882 45
1694491175717 0.3377385598193858 46
1694491175811 0.26217336043510464 47
1694491175912 0.24291372331421238 48
1694491176004 0.1764216817609671 49
