1694510474460 147.7603374090901 0
1694510474602 126.19806755597686 1
1694510474732 108.73692114170152 2
1694510474870 94.27475820905926 3
1694510475021 79.75607199765616 4
1694510475156 70.0512053679972 5
1694510475291 59.25612010418454 6
1694510475424 53.69832329592795 7
1694510475556 44.79228219330174 8
1694510475692 37.92180443786754 9
1694510475826 33.87370077319686 10
1694510475958 29.253828997540587 11
1694510476094 24.75757714565092 12
1694510476221 21.601064321782452 13
1694510476355 18.49323649604384 14
1694510476489 15.679480345841839 15
1694510476628 14.028612481298687 16
1694510476759 12.534143432266857 17
1694510476896 10.255653433075578 18
1694510477032 8.91136311334708 19
1694510477168 8.00071686454564 20
1694510477306 6.0087158817690005 21
1694510477437 5.528700160507588 22
1694510477570 4.964059744179671 23
1694510477706 4.445182149650887 24
1694510477839 3.985801955922925 25
1694510477964 2.9746006950460777 26
1694510478087 2.57301790012384 27
1694510478218 2.486192087549609 28
1694510478349 1.8098325804909066 29
1694510478479 1.8967292152982818 30
1694510478608 1.5617131365620687 31
1694510478742 1.547907687503322 32
1694510478875 1.0335635245241985 33
1694510479007 0.990459109460706 34
1694510479141 1.0115737985169189 35
1694510479276 0.9073849906470244 36
1694510479421 0.6051539602437529 37
1694510479553 0.7148231471884033 38
1694510479688 0.5733502204868517 39
1694510479830 0.5248978958349159 40
1694510479959 0.4512501395266715 41
1694510480086 0.3723302454486198 42
1694510480217 0.32902248256290273 43
1694510480354 0.31885048913961606 44
1694510480497 0.285776972866826 45
1694510480633 0.23878516073047254 46
1694510480774 0.25224408409159976 47
1694510480920 0.2042326543802817 48
1694510481067 0.16038155925755723 49
