1694491215692 -53.05830667140582 0
1694491215805 -11.063861579010322 1
1694491215906 -1.7814608823738647 2
1694491216004 0.2668170001241993 3
1694491216094 0.7160833503378892 4
1694491216194 0.8155357911557095 5
1694491216307 0.8368650253658301 6
1694491216413 0.8414284263226942 7
1694491216514 0.8421324901671056 8
1694491216619 0.8421945965681071 9
1694491216712 0.8420592915244364 10
1694491216811 0.8419742399015417 11
1694491216916 0.8419591496170861 12
1694491217029 0.8420945205369204 13
1694491217141 0.8421230340260659 14
1694491217248 0.8421222425109345 15
