1694491215618 39.66867834346839 0
1694491215734 8.65940939293995 1
1694491215839 2.19931275568129 2
1694491215939 0.6276707485181767 3
1694491216035 0.20302098675398475 4
1694491216127 0.14253728011085348 5
1694491216234 0.06935377143582044 6
1694491216344 0.0708950664661659 7
1694491216452 0.08523562346662748 8
1694491216549 0.15847503588129627 9
1694491216651 0.06334623115334868 10
1694491216745 0.11775024993464504 11
1694491216844 0.09454999622961562 12
1694491216955 0.1410706143101578 13
1694491217067 0.0669399237827785 14
1694491217177 0.10075590451807953 15
