1694507935325 -5.737758197726581 0
1694507935577 -5.791051314437861 1
1694507935833 -5.6432175233641475 2
1694507936057 -5.619240782696191 3
1694507936305 -5.625601594670028 4
1694507936565 -5.861675561306994 5
1694507936798 -5.635518721118936 6
1694507937027 -5.5682809599491 7
1694507937275 -5.454922375490142 8
1694507937524 -5.818067832725366 9
1694507937770 -5.664786279890331 10
1694507938043 -5.721309419460284 11
1694507938305 -5.591728406814178 12
1694507938606 -5.4141617540957885 13
1694507938881 -5.683134859275994 14
1694507939136 -6.16827980457783 15
1694507939391 -5.613103578432942 16
1694507939671 -5.853136921085863 17
1694507939933 -5.838352063511376 18
1694507940224 -5.891483786138213 19
1694507940503 -5.931128805584021 20
1694507940811 -5.6517948119607535 21
1694507941073 -5.505112015357915 22
1694507941334 -5.569245451287538 23
1694507941595 -5.628200641185947 24
1694507941851 -5.439457815287854 25
1694507942102 -5.3992483748830375 26
1694507942368 -5.668181584465078 27
1694507942654 -5.6237812221423225 28
1694507942923 -5.766460716323461 29
1694507943191 -5.597911863605638 30
1694507943457 -5.626032975679333 31
1694507943721 -6.026863547068415 32
1694507943995 -5.70872755905292 33
1694507944254 -5.531706526742629 34
1694507944521 -5.787915322612211 35
1694507944786 -6.262938511635678 36
1694507945066 -5.4843929661063004 37
1694507945339 -5.442873837696658 38
1694507945614 -5.824708297937615 39
1694507945884 -5.778806265296181 40
1694507946141 -5.749565945934439 41
1694507946409 -5.566982633534509 42
1694507946673 -5.776613760337571 43
1694507946944 -5.740218665582532 44
1694507947212 -5.615197170421673 45
1694507947491 -5.602320235265518 46
1694507947763 -5.65684162657333 47
1694507948035 -5.515471093887122 48
1694507948288 -5.837244433913212 49
