1694507935212 4.348908621968175 0
1694507935463 4.665348509593195 1
1694507935728 6.4694085371451715 2
1694507935948 6.488121435531356 3
1694507936201 10.00335271030565 4
1694507936455 6.594304402774924 5
1694507936691 9.645567583391513 6
1694507936919 3.363215134133857 7
1694507937170 3.237726514341312 8
1694507937410 4.785090052268036 9
1694507937664 1.240962153980984 10
1694507937906 3.642171323264144 11
1694507938170 2.008777045938346 12
1694507938445 1.2512967976149434 13
1694507938741 2.7849871500642105 14
1694507939005 5.695422987092419 15
1694507939260 5.688091761805716 16
1694507939533 4.269726966413312 17
1694507939800 2.842230157189629 18
1694507940084 4.073411663950617 19
1694507940370 7.256371192853984 20
1694507940664 8.212501171950407 21
1694507940940 6.2780137638488425 22
1694507941211 4.148589414368281 23
1694507941473 6.265388300855108 24
1694507941739 5.465248424582633 25
1694507941974 6.4729295805787155 26
1694507942236 4.593701320099295 27
1694507942509 4.340492600466804 28
1694507942794 5.019832739695057 29
1694507943044 6.337515041532059 30
1694507943331 3.0880536490637835 31
1694507943583 3.743394290436514 32
1694507943854 3.72537040708761 33
1694507944140 3.7146841153041628 34
1694507944385 6.367935707032039 35
1694507944655 3.2770386269452727 36
1694507944924 5.711660622317497 37
1694507945198 2.90382376538987 38
1694507945469 1.3305988204502097 39
1694507945746 9.10152530729618 40
1694507946013 4.494400891691426 41
1694507946274 8.29562227030197 42
1694507946541 3.8744029187146194 43
1694507946808 7.422163330903085 44
1694507947073 4.673394388091023 45
1694507947353 2.607500797707938 46
1694507947636 10.14634219204519 47
1694507947910 4.8705417908053175 48
1694507948172 3.3699996564625883 49
