1694489756402 -238.9985371072939 0
1694489756503 -235.7859953190516 1
1694489756596 -232.6208541979589 2
1694489756691 -229.5021152995758 3
1694489756806 -226.42947109589028 4
1694489756911 -223.40228274566348 5
1694489757018 -220.4191136414764 6
1694489757125 -217.47994059329665 7
1694489757216 -214.58408563806825 8
1694489757320 -211.73054809009247 9
1694489757417 -208.91888631496425 10
1694489757507 -206.14859767277835 11
1694489757599 -203.41849320164982 12
1694489757685 -200.72874477906024 13
1694489757785 -198.07822056210506 14
1694489757886 -195.46637901040373 15
1694489757982 -192.89275759833203 16
1694489758066 -190.35654657550802 17
1694489758156 -187.85731033072167 18
1694489758255 -185.39463286392788 19
1694489758361 -182.96787118314512 20
1694489758460 -180.57625841723157 21
1694489758544 -178.21947010412921 22
1694489758631 -175.89714712877017 23
1694489758729 -173.60822754426005 24
1694489758815 -171.35253846747727 25
1694489758905 -169.12963138532 26
1694489759004 -166.93913763775618 27
1694489759107 -164.78029845624005 28
1694489759215 -162.65261088781807 29
1694489759321 -160.55568227065527 30
1694489759425 -158.48925429646724 31
1694489759524 -156.45245544036433 32
1694489759617 -154.44500780170534 33
1694489759714 -152.4666412809403 34
1694489759816 -150.51681895674324 35
1694489759917 -148.5949062231335 36
1694489760021 -146.70088237404923 37
1694489760129 -144.83360290192755 38
1694489760237 -142.99361085061648 39
1694489760345 -141.17977399599448 40
1694489760457 -139.3920543019703 41
1694489760561 -137.62996538771324 42
1694489760664 -135.89307190220524 43
1694489760765 -134.18103015641233 44
1694489760867 -132.493474652098 45
1694489760980 -130.8300910611406 46
1694489761081 -129.1904391215379 47
1694489761175 -127.57417339138357 48
1694489761271 -125.98105530635355 49
