1694489756337 167.2325340707452 0
1694489756437 165.000680898955 1
1694489756534 162.60358989383695 2
1694489756632 164.66514946348533 3
1694489756730 161.00151514316124 4
1694489756842 153.66867577351692 5
1694489756948 156.0056454679556 6
1694489757055 155.7354877563068 7
1694489757154 148.51479707617418 8
1694489757253 148.69719923938456 9
1694489757355 147.1695165853764 10
1694489757450 140.23122153986785 11
1694489757536 144.92963516239254 12
1694489757630 138.69438536663756 13
1694489757718 136.76517721623918 14
1694489757820 134.48485683965455 15
1694489757921 132.73916992568465 16
1694489758010 133.11673994843963 17
1694489758096 132.80074104716118 18
1694489758189 129.02711465192024 19
1694489758292 125.18792347494038 20
1694489758397 125.57536758305301 21
1694489758491 124.80083166864566 22
1694489758574 120.96755708940965 23
1694489758664 122.34289963387145 24
1694489758759 122.90801363883894 25
1694489758848 121.27213556072387 26
1694489758939 115.48165584852697 27
1694489759038 113.17370741810475 28
1694489759143 113.39072499672179 29
1694489759250 112.00970761341931 30
1694489759356 108.01990186093818 31
1694489759459 107.3516166016813 32
1694489759558 108.8963878190533 33
1694489759649 105.61856903289708 34
1694489759749 103.70322236890117 35
1694489759850 103.3110941460882 36
1694489759951 98.86181331487214 37
1694489760059 106.92616541886018 38
1694489760167 99.0982300373478 39
1694489760272 99.50700491530861 40
1694489760385 99.12863770253853 41
1694489760493 96.48926928548744 42
1694489760597 96.70007726202296 43
1694489760698 95.15772517309345 44
1694489760801 93.7842292359792 45
1694489760909 91.01437556024771 46
1694489761015 89.57713077447508 47
1694489761115 87.3746837427883 48
1694489761204 84.86371945968895 49
