1694490055233 0.7994177223017813 0
1694490055375 0.7542774789282642 1
1694490055513 0.7838481502230128 2
1694490055663 0.8217238648879215 3
1694490055818 0.6830080350408475 4
1694490055978 0.7839358822543068 5
1694490056117 0.7944797993834046 6
1694490056252 0.7972984048001679 7
1694490056388 0.7843969784386063 8
1694490056527 0.8097667146814408 9
1694490056678 0.8001718733831542 10
1694490056824 0.7772512084309667 11
1694490056985 0.765532461234959 12
1694490057137 0.8117868155027925 13
1694490057272 0.8083508068815147 14
1694490057418 0.793619718542347 15
1694490057563 0.7772235451287455 16
1694490057713 0.812864088708516 17
1694490057860 0.7829656284252032 18
1694490058007 0.816742313083823 19
1694490058152 0.8004056406321859 20
1694490058289 0.7788260654320497 21
1694490058435 0.79301050749897 22
1694490058572 0.788725912353398 23
1694490058717 0.7899338116481367 24
1694490058871 0.8115813882078331 25
1694490059008 0.8177482715535874 26
1694490059156 0.7700724923925981 27
1694490059293 0.8010024166744447 28
1694490059431 0.8151575739702133 29
1694490059571 0.7947745493129017 30
1694490059718 0.769891456611787 31
1694490059851 0.7936143271320075 32
1694490059997 0.7831263313172121 33
1694490060149 0.7694004045909266 34
1694490060300 0.7810378008981137 35
1694490060449 0.8295333776957787 36
1694490060598 0.7882335303501725 37
1694490060743 0.7718889099026631 38
1694490060892 0.7840708399217442 39
1694490061035 0.7506015256333736 40
1694490061179 0.7910250812747761 41
1694490061333 0.7777540445669454 42
1694490061473 0.7851082460585663 43
1694490061611 0.7904753610478487 44
1694490061749 0.7955873558448148 45
1694490061889 0.8107783552194849 46
1694490062038 0.8071588390058686 47
1694490062173 0.8044025922892504 48
1694490062315 0.8106076135038082 49
