1694490055170 0.03344877896747696 0
1694490055312 0.039603771113253125 1
1694490055451 0.0018682483901816338 2
1694490055592 0.6808567112479261 3
1694490055743 0.16439920265190514 4
1694490055910 0.03826032529488096 5
1694490056058 0.011652274159384121 6
1694490056192 0.012084818021385023 7
1694490056328 0.007124395076282079 8
1694490056462 0.2728777301533568 9
1694490056606 0.25138486775467234 10
1694490056756 0.0797733295452068 11
1694490056916 0.003672264508375009 12
1694490057068 0.011778347916856313 13
1694490057211 0.024650546669080314 14
1694490057351 0.0006663651090749899 15
1694490057493 0.07542502533409756 16
1694490057642 0.0024356258537003733 17
1694490057791 1.0073247845157582 18
1694490057942 0.10185069818811793 19
1694490058087 0.04985658735762362 20
1694490058230 0.05293371709530929 21
1694490058369 0.16694430846735261 22
1694490058510 0.2767863848190214 23
1694490058649 0.007005318977313634 24
1694490058800 0.005519172667452801 25
1694490058952 0.04150731853588864 26
1694490059088 0.5010616428490243 27
1694490059231 0.6217775667486112 28
1694490059373 0.013023159486804424 29
1694490059504 0.018020092022980376 30
1694490059650 0.006726654399210927 31
1694490059796 0.001091863550496259 32
1694490059931 0.37050433337211625 33
1694490060078 0.10474887110192231 34
1694490060233 0.017945894449196993 35
1694490060379 0.028423342478318576 36
1694490060533 0.11357461558011409 37
1694490060676 0.05729579492096972 38
1694490060822 0.0008019493875867377 39
1694490060972 0.007803955629791366 40
1694490061112 0.0031181687834494526 41
1694490061262 0.5547110392624298 42
1694490061411 0.005501634777412478 43
1694490061553 0.22393187895296898 44
1694490061685 0.20066963541964394 45
1694490061829 0.1127507524236952 46
1694490061967 0.0006996545629067544 47
1694490062113 0.12671131499431484 48
1694490062249 0.2575864071623816 49
