1694489574325 -211.99984798377923 0
1694489574422 -183.01308729621528 1
1694489574524 -158.37793595593186 2
1694489574636 -137.41352298429072 3
1694489574748 -119.54848855826752 4
1694489574855 -104.30275971295012 5
1694489574955 -91.27322584687698 6
1694489575058 -80.12006062238396 7
1694489575159 -70.55665313092268 8
1694489575263 -62.34235477410623 9
1694489575371 -55.275017723510494 10
1694489575473 -49.18203639255503 11
1694489575586 -43.92039202592152 12
1694489575692 -39.36776551388246 13
1694489575811 -35.42099364481571 14
1694489575923 -31.99257622463194 15
1694489576022 -29.00823756559322 16
1694489576137 -26.405664739160404 17
1694489576251 -24.13093283501631 18
1694489576360 -22.138916257426867 19
1694489576444 -20.390991991260776 20
1694489576527 -18.854155765079188 21
1694489576616 -17.500275374476 22
1694489576702 -16.305299385841558 23
1694489576793 -15.24830190921783 24
1694489576890 -14.311611376667432 25
1694489576990 -13.48048932835413 26
1694489577092 -12.741332871154867 27
1694489577183 -12.082852480919794 28
1694489577279 -11.495653813924804 29
1694489577393 -10.970999398895 30
1694489577499 -10.50135454252466 31
1694489577618 -10.080465266849163 32
1694489577737 -9.702917090045819 33
1694489577848 -9.363506077449237 34
1694489577960 -9.058208151756022 35
1694489578070 -8.783177340223636 36
1694489578178 -8.535494811597285 37
1694489578273 -8.31197475953525 38
1694489578375 -8.1100235143504 39
1694489578474 -7.9274211670309835 40
1694489578576 -7.762114173909438 41
1694489578680 -7.6124577030544085 42
1694489578782 -7.476955428956616 43
1694489578882 -7.353893291868406 44
1694489578990 -7.24245709715399 45
1694489579094 -7.140993916083852 46
1694489579194 -7.049092350429062 47
1694489579294 -6.965454273264569 48
1694489579396 -6.8895048466705715 49
