1694489574263 145.23511229562325 0
1694489574360 120.6988107097093 1
1694489574456 107.16056206000496 2
1694489574563 95.94536651577968 3
1694489574673 83.38188350336685 4
1694489574785 73.31073832818309 5
1694489574888 62.83798375122721 6
1694489574992 55.40007890522075 7
1694489575093 49.36955349546798 8
1694489575193 44.01755922682392 9
1694489575301 37.806388732550474 10
1694489575407 34.663428443295324 11
1694489575511 31.420099617927182 12
1694489575621 27.62727863014188 13
1694489575733 24.665084136084563 14
1694489575847 22.64484720582316 15
1694489575960 20.2428722333869 16
1694489576060 18.546335170826428 17
1694489576176 16.45058215249478 18
1694489576292 15.55185085853893 19
1694489576389 14.360222319579554 20
1694489576473 13.289279889382835 21
1694489576557 12.095703473341612 22
1694489576645 11.444044298520561 23
1694489576731 10.357628022291504 24
1694489576827 10.71533031633923 25
1694489576920 8.93647457770228 26
1694489577023 9.327288673750175 27
1694489577125 9.545348261389565 28
1694489577217 8.368108377930763 29
1694489577316 8.281943000601494 30
1694489577428 7.85807751012174 31
1694489577538 7.723953707514171 32
1694489577656 7.228842614917772 33
1694489577773 7.260384457091624 34
1694489577885 7.233306176946034 35
1694489578000 7.3757178513994 36
1694489578109 5.962425205792561 37
1694489578211 6.378123495448013 38
1694489578308 6.4069518716080855 39
1694489578407 6.273026380003361 40
1694489578508 5.965581883241473 41
1694489578610 5.886200611640407 42
1694489578716 5.852729770485597 43
1694489578816 5.892151469796735 44
1694489578916 5.350499716643355 45
1694489579025 5.881060534873042 46
1694489579127 5.359718584209142 47
1694489579229 5.668020113159504 48
1694489579332 5.396439823602769 49
