1694509676207 169.42810631986353 0
1694509676390 169.39419676687865 1
1694509676573 169.3639705566149 2
1694509676755 169.33371915732735 3
1694509676945 169.3034753551688 4
1694509677136 169.27323678537408 5
1694509677322 169.24300364393352 6
1694509677521 169.21277396034196 7
1694509677719 169.18255186966806 8
1694509677929 169.15233500745222 9
1694509678110 169.1221235696846 10
1694509678300 169.0919155858702 11
1694509678486 169.06171519105854 12
1694509678663 169.03152002080213 13
1694509678859 169.00133027109078 14
1694509679069 168.97114397143974 15
1694509679263 168.94096525687934 16
1694509679424 168.9107917629741 17
1694509679598 168.8806236857136 18
1694509679778 168.8504590546235 19
1694509679989 168.8203020047145 20
1694509680209 168.79015017156348 21
1694509680407 168.7600037511596 22
1694509680623 168.7298607730393 23
1694509680834 168.69972537219317 24
1694509681033 168.66959518421052 25
1694509681205 168.63947040508037 26
1694509681406 168.60934906434986 27
1694509681575 168.57923529698922 28
1694509681744 168.54912673860048 29
1694509681918 168.51902358517236 30
1694509682133 168.4889238662628 31
1694509682327 168.45883171682158 32
1694509682507 168.42874477246343 33
1694509682695 168.39866322917683 34
1694509682881 168.36858511653082 35
1694509683048 168.33851456945402 36
1694509683251 168.3084492235744 37
1694509683459 168.27838927488003 38
1694509683689 168.24833275295117 39
1694509683873 168.2182837926952 40
1694509684056 168.18824002975322 41
1694509684229 168.15820166011298 42
1694509684449 168.12816671336617 43
1694509684654 168.0981393243985 44
1694509684841 168.06811712886443 45
1694509685047 168.0381003227515 46
1694509685223 168.00808693566285 47
1694509685386 167.9780811024621 48
1694509685574 167.94808045881757 49
