1694508528314 -242.1228281196216 0
1694508528495 -241.63675518236994 1
1694508528672 -241.15175195305778 2
1694508528862 -240.66781597966494 3
1694508529083 -240.1849448159217 4
1694508529269 -239.70313602129474 5
1694508529414 -239.22238716097408 6
1694508529603 -238.74269580585906 7
1694508529769 -238.26405953254488 8
1694508529923 -237.78647592330933 9
1694508530086 -237.30994256609907 10
1694508530251 -236.834457054516 11
1694508530406 -236.36001698780427 12
1694508530559 -235.8866199708366 13
1694508530734 -235.4142636141009 14
1694508530892 -234.942945533687 15
1694508531062 -234.47266335127358 16
1694508531251 -234.00341469411447 17
1694508531449 -233.53519719502572 18
1694508531649 -233.0680084923722 19
1694508531828 -232.6018462300548 20
1694508532007 -232.13670805749666 21
1694508532208 -231.6725916296308 22
1694508532379 -231.20949460688638 23
1694508532565 -230.74741465517624 24
1694508532749 -230.28634944588313 25
1694508532927 -229.82629665584773 26
1694508533159 -229.3672539673548 27
1694508533367 -228.90921906812065 28
1694508533561 -228.45218965128038 29
1694508533762 -227.99616341537455 30
1694508533931 -227.54113806433708 31
1694508534103 -227.08711130748156 32
1694508534289 -226.63408085948922 33
1694508534472 -226.18204444039588 34
1694508534663 -225.73099977557916 35
1694508534825 -225.28094459574618 36
1694508534968 -224.83187663692024 37
1694508535129 -224.383793640429 38
1694508535309 -223.93669335289133 39
1694508535452 -223.4905735262049 40
1694508535612 -223.04543191753376 41
1694508535787 -222.6012662892959 42
1694508535940 -222.15807440915037 43
1694508536090 -221.71585404998532 44
1694508536261 -221.27460298990536 45
1694508536417 -220.83431901221917 46
1694508536608 -220.3949999054272 47
1694508536799 -219.95664346320962 48
1694508536966 -219.51924748441328 49
