1694508528188 169.34901212942756 0
1694508528362 169.0104005485274 1
1694508528543 168.6725343966073 2
1694508528726 168.3354119642569 3
1694508528932 167.99903154607682 4
1694508529160 167.66339144066885 5
1694508529317 167.3284899506266 6
1694508529472 166.99432538252603 7
1694508529648 166.66089604691598 8
1694508529820 166.32820025830858 9
1694508529973 165.99623633517018 10
1694508530132 165.66500259991142 11
1694508530295 165.3344973788785 12
1694508530456 165.00471900234325 13
1694508530608 164.67566580449423 14
1694508530782 164.34733612342725 15
1694508530941 164.01972830113596 16
1694508531120 163.69284068350288 17
1694508531308 163.36667162028994 18
1694508531512 163.04121946512933 19
1694508531711 162.71648257551442 20
1694508531884 162.39245931279027 21
1694508532058 162.06914804214497 22
1694508532268 161.74654713260003 23
1694508532433 161.4246549570015 24
1694508532619 161.10346989201105 25
1694508532803 160.78299031809652 26
1694508532982 160.46321461952326 27
1694508533214 160.1441411843448 28
1694508533428 159.8257684043941 29
1694508533620 159.50809467527435 30
1694508533810 159.1911183963503 31
1694508533987 158.87483797073907 32
1694508534155 158.5592518053013 33
1694508534340 158.2443583106324 34
1694508534527 157.9301559010535 35
1694508534719 157.61664299460273 36
1694508534869 157.3038180130263 37
1694508535016 156.9916793817697 38
1694508535184 156.68022552996908 39
1694508535361 156.36945489044228 40
1694508535502 156.05936589968016 41
1694508535672 155.74995699783796 42
1694508535834 155.44122662872644 43
1694508535980 155.13317323980343 44
1694508536141 154.8257952821648 45
1694508536311 154.51909121053632 46
1694508536470 154.21305948326463 47
1694508536681 153.90769856230884 48
1694508536843 153.6030069132318 49
