1694491225301 -200.09865730114984 0
1694491225397 -172.05838862708532 1
1694491225502 -147.9308514283444 2
1694491225604 -127.17028002391393 3
1694491225725 -109.30714236680988 4
1694491225841 -93.93725498971212 5
1694491225941 -80.71174613392607 6
1694491226030 -69.33212978538707 7
1694491226137 -59.54011392408803 8
1694491226247 -51.11455722092599 9
1694491226353 -43.8646847582228 10
1694491226461 -37.626123758958 11
1694491226566 -32.25800870981586 12
1694491226672 -27.639117868408636 13
1694491226781 -23.664546615310062 14
1694491226889 -20.24459595430012 15
1694491226991 -17.3017144197621 16
1694491227101 -14.769424627018596 17
1694491227218 -12.590457201312198 18
1694491227320 -10.71546431875032 19
1694491227415 -9.102199134805806 20
1694491227512 -7.714081994612364 21
1694491227618 -6.519759174169062 22
1694491227722 -5.492077031522497 23
1694491227832 -4.607834460451083 24
1694491227935 -3.846964610466822 25
1694491228024 -3.192270302109029 26
1694491228123 -2.62897336114551 27
1694491228229 -2.144324974983286 28
1694491228334 -1.7272597113818002 29
1694491228429 -1.3685159356891967 30
1694491228529 -1.0598453707440223 31
1694491228639 -0.7942999278155929 32
1694491228745 -0.5658432977003156 33
1694491228852 -0.3693396029633964 34
1694491228962 -0.20027502801139407 35
1694491229060 -0.05483740728039388 36
1694491229166 0.07024032759755139 37
1694491229265 0.17784129726954234 38
1694491229361 0.2704238879809715 39
1694491229460 0.35002931496746237 40
1694491229553 0.4185179919959252 41
1694491229653 0.4773850193161533 42
1694491229758 0.5279978216720107 43
1694491229867 0.5715405411034615 44
1694491229978 0.608981454877749 45
1694491230082 0.641172425091133 46
1694491230190 0.6688520733199261 47
1694491230294 0.6926446867695546 48
1694491230396 0.7130945645304599 49
