1694491225241 150.35405192793246 0
1694491225332 123.8406104316464 1
1694491225431 110.89766890952468 2
1694491225538 93.92582047213565 3
1694491225644 78.90879422536091 4
1694491225766 69.54851173981795 5
1694491225876 59.20934334841777 6
1694491225971 49.42200870820843 7
1694491226065 42.424665718706166 8
1694491226174 37.54781547376311 9
1694491226282 31.07423849901383 10
1694491226390 28.322913563929202 11
1694491226497 23.77103522167999 12
1694491226604 20.268590906732353 13
1694491226710 17.77665213044991 14
1694491226816 15.31628667789414 15
1694491226925 12.808520690531811 16
1694491227029 11.112724512282163 17
1694491227139 10.140758432437668 18
1694491227258 8.896179915236146 19
1694491227352 7.283256387630553 20
1694491227445 6.367021671211819 21
1694491227548 5.025931033572739 22
1694491227653 4.536466834491144 23
1694491227763 4.141202799929732 24
1694491227870 3.1029116875874045 25
1694491227966 3.197070431699659 26
1694491228056 2.6148988714425996 27
1694491228158 2.356014323937548 28
1694491228267 2.321716931565737 29
1694491228371 1.7598688448266286 30
1694491228460 1.654336125160301 31
1694491228568 1.270468513495136 32
1694491228674 1.119475698963471 33
1694491228781 1.0331701310610855 34
1694491228891 0.8862225242650505 35
1694491228998 0.7944290794195195 36
1694491229097 0.6271132839552928 37
1694491229203 0.4946799869394793 38
1694491229295 0.5237826605283878 39
1694491229390 0.4984595154468116 40
1694491229495 0.39234673464602543 41
1694491229586 0.3993932471947601 42
1694491229690 0.3117296063493248 43
1694491229797 0.2923107265540807 44
1694491229906 0.24091962248496873 45
1694491230014 0.22667775136412968 46
1694491230119 0.22398869489363057 47
1694491230226 0.23348352797801217 48
1694491230326 0.19078953324690415 49
