1694489391807 -6.718456748554234 0
1694489391956 -5.9258350727264935 1
1694489392097 -5.867310075839303 2
1694489392248 -5.877725971021198 3
1694489392393 -5.888524419835873 4
1694489392533 -5.853527731539404 5
1694489392675 -5.874733322569499 6
1694489392811 -5.853131416298841 7
1694489392949 -5.841522345290708 8
1694489393078 -5.877904492854522 9
1694489393217 -5.929150961729348 10
1694489393358 -5.914430506334203 11
1694489393501 -5.8696605589950535 12
1694489393641 -5.889673442585133 13
1694489393776 -5.876345941109379 14
1694489393913 -5.860888774893248 15
1694489394060 -5.875863522190514 16
1694489394215 -5.830678268167523 17
1694489394363 -5.892745156552068 18
1694489394492 -5.823352704313555 19
1694489394622 -5.917663907400412 20
1694489394757 -5.849768732672955 21
1694489394896 -5.863987208812534 22
1694489395041 -5.885660464480755 23
1694489395175 -5.895262029328538 24
1694489395512 -5.902642651871038 25
1694489395663 -6.001288640897599 26
1694489395811 -5.918693779590344 27
1694489395962 -5.862090225995395 28
1694489396103 -5.905409657621499 29
1694489396237 -5.824836255966265 30
1694489396379 -5.834704403270266 31
1694489396524 -5.862621891930501 32
1694489396665 -5.911955033607883 33
1694489396808 -5.937839430607056 34
1694489396941 -5.938266411843927 35
1694489397079 -5.898720843140536 36
1694489397221 -5.879584488493483 37
1694489397350 -6.030023205939472 38
1694489397496 -5.896806417133138 39
1694489397640 -5.863165001163918 40
1694489397780 -5.923479438568896 41
1694489397919 -5.84171937423355 42
1694489398045 -5.87749336687116 43
1694489398183 -5.829247752276747 44
1694489398318 -5.909699624212011 45
1694489398451 -5.901529430476667 46
1694489398603 -5.814748121923805 47
1694489398737 -5.856474546010372 48
1694489398877 -5.803663538770594 49
