1694489391748 4.683075883690956 0
1694489391888 1.616201400348763 1
1694489392032 4.255601963849152 2
1694489392181 1.644926666177082 3
1694489392325 5.82409707599051 4
1694489392472 1.7653105850732038 5
1694489392608 5.730746536922247 6
1694489392752 2.046066322698178 7
1694489392888 6.110400929052419 8
1694489393022 2.234163452761059 9
1694489393150 3.7092276147738077 10
1694489393293 5.3926172589495405 11
1694489393436 4.580837322645506 12
1694489393578 4.343427844982367 13
1694489393713 9.131402896694203 14
1694489393847 8.426392451647272 15
1694489393991 7.569626507734105 16
1694489394136 4.490142388193012 17
1694489394294 2.442476297112543 18
1694489394435 4.799380542071723 19
1694489394564 2.6680789648125818 20
1694489394694 3.60365606932928 21
1694489394832 4.647495235862324 22
1694489394973 4.531457731791963 23
1694489395115 6.110398249923993 24
1694489395443 3.4749125727806542 25
1694489395591 6.76241157139381 26
1694489395742 5.345822577981939 27
1694489395896 5.179249277274226 28
1694489396039 3.9982257709445275 29
1694489396178 4.1726933813260665 30
1694489396308 6.895545716349228 31
1694489396457 5.0383751840081485 32
1694489396599 4.7200447719235825 33
1694489396743 4.574449617407837 34
1694489396880 3.224558589943012 35
1694489397016 4.012682471069404 36
1694489397156 6.134347044293982 37
1694489397293 5.305339448981092 38
1694489397427 6.429466506557502 39
1694489397572 8.35151099589181 40
1694489397717 4.687434669247836 41
1694489397860 3.2332635826665523 42
1694489397991 4.984976568776722 43
1694489398126 5.266060691427031 44
1694489398261 3.5961074852677446 45
1694489398390 3.5609882350816857 46
1694489398532 7.221626769567503 47
1694489398677 3.6541294390380408 48
1694489398808 5.094663677086133 49
