1694509970677 -114.14630039504101 0
1694509970838 -53.464639892290464 1
1694509971016 -24.800373910928087 2
1694509971170 -11.26483808028958 3
1694509971328 -4.8697780751548505 4
1694509971505 -1.8506363944893929 5
1694509971667 -0.4262086603444091 6
1694509971824 0.24532533186882888 7
1694509971980 0.5622179044149604 8
1694509972144 0.7109707906181914 9
1694509972300 0.7810781632349459 10
1694509972481 0.8139702354314061 11
1694509972671 0.8293102014579612 12
1694509972836 0.8363151159821071 13
1694509972999 0.8395911366163282 14
1694509973156 0.8410790170165763 15
1694509973334 0.8417493205478322 16
1694509973516 0.842051521854988 17
1694509973685 0.8421321903840291 18
1694509973842 0.8421459206001485 19
1694509974019 0.8421848722380175 20
1694509974178 0.8421323154458958 21
1694509974335 0.8421169002965525 22
1694509974516 0.8420736906118629 23
1694509974716 0.8420562543638239 24
1694509974915 0.8420570968374927 25
