1694491313138 169.089027582395 0
1694491313287 165.72599766401984 1
1694491313411 162.42990451082113 2
1694491313562 159.19941573873427 3
1694491313704 156.0332254871678 4
1694491313861 152.93005389095362 5
1694491313990 149.8886465628115 6
1694491314127 146.90777408611794 7
1694491314273 143.98623151777508 8
1694491314400 141.1228379009775 9
1694491314536 138.3164357876805 10
1694491314672 135.5658907705764 11
1694491314816 132.87009102438972 12
1694491314957 130.2279468563052 13
1694491315102 127.63839026534757 14
1694491315240 125.10037451053378 15
1694491315379 122.61287368762426 16
1694491315508 120.17488231430062 17
1694491315650 117.78541492360307 18
1694491315791 115.44350566546265 19
1694491315921 113.1482079161669 20
1694491316057 110.89859389560134 21
1694491316193 108.6937542921117 22
1694491316329 106.53279789483537 23
1694491316456 104.41485123335289 24
1694491316582 102.3390582245144 25
1694491316715 100.30457982629734 26
1694491316878 98.31059369855626 27
1694491317016 96.35629387052681 28
1694491317153 94.44089041494982 29
1694491317338 92.56360912868335 30
1694491317473 90.72369121967392 31
1694491317599 88.9203930001598 32
1694491317734 87.15298558598275 33
1694491317889 85.42075460188616 34
1694491318032 83.72299989268066 35
1694491318166 82.05903524016033 36
1694491318304 80.42818808565482 37
1694491318436 78.82979925810541 38
1694491318561 77.26322270755483 39
1694491318690 75.72782524394316 40
1694491318834 74.22298628110406 41
1694491318968 72.74809758585792 42
1694491319093 71.30256303210018 43
1694491319222 69.88579835978572 44
1694491319365 68.49723093871151 45
1694491319527 67.13629953700222 46
1694491319664 65.8024540942049 47
1694491319824 64.4951554989012 48
1694491320014 63.2138753707471 49
