1694349847521 169.08902758239503 0
1694349847709 136.9799840674329 1
1694349847895 111.52090355484923 2
1694349848078 91.28266723992382 3
1694349848281 75.15007344129205 4
1694349848487 62.252025442801965 5
1694349848740 51.9073512092382 6
1694349848973 43.58274169666216 7
1694349849204 36.860085713232266 8
1694349849407 31.41109211978927 9
1694349849622 26.97756484321924 10
1694349849860 23.356063875785527 11
1694349850079 20.385970282088916 12
1694349850311 17.940193917815687 13
1694349850539 15.91793355011435 14
1694349850726 14.23903156272833 15
1694349850933 12.839568106528132 16
1694349851142 11.668419137187112 17
1694349851401 10.684564470244107 18
1694349851586 9.854979809962535 19
1694349851792 9.15298379375564 20
1694349852011 8.5569398563104 21
1694349852183 8.049235029751346 22
1694349852369 7.615475109044704 23
1694349852579 7.243849049298469 24
1694349852800 6.924625894462502 25
1694349852995 6.649755639897451 26
1694349853176 6.412551727211031 27
1694349853388 6.207437763861206 28
1694349853637 6.029744866367808 29
1694349853822 5.875548988024124 30
1694349854012 5.741539898521407 31
1694349854192 5.62491528027036 32
1694349854384 5.523294807955312 33
1694349854590 5.434650172065169 34
1694349854778 5.357247862154671 35
1694349854998 5.289602194448899 36
1694349855222 5.230436592302905 37
1694349855419 5.178651538959674 38
1694349855637 5.133297944873821 39
1694349855850 5.093554925911184 40
1694349856090 5.058711189028075 41
1694349856286 5.028149380277063 42
1694349856500 5.001332875289629 43
1694349856713 4.977794591849608 44
1694349856929 4.957127483333816 45
1694349857120 4.9389764349805105 46
1694349857293 4.9230313355319195 47
1694349857495 4.909021137427297 48
1694349857679 4.896708751469015 49
1694349857937 4.88588664837104 50
1694349858125 4.876373061103266 51
1694349858324 4.868008699471795 52
1694349858541 4.860653902716517 53
1694349858724 4.854186167689984 54
1694349858921 4.848497999901272 55
1694349859131 4.843495042759453 56
1694349859354 4.83909444704706 57
1694349859546 4.835223448244626 58
1694349859754 4.831818124014111 59
1694349860028 4.828822308092485 60
1694349860290 4.826186640176949 61
1694349860543 4.823867734205642 62
1694349860808 4.821827449837393 63
1694349861007 4.820032253980688 64
1694349861214 4.818452660972894 65
1694349861404 4.8170627415124345 66
1694349861616 4.815839691737933 67
1694349861821 4.814763454961324 68
1694349862010 4.81381638952318 69
1694349862203 4.8129829770705825 70
1694349862423 4.812249566278859 71
1694349862639 4.811604147665113 72
1694349862878 4.811036155685767 73
1694349863086 4.810536294784836 74
1694349863325 4.810096386472836 75
1694349863534 4.809709234877176 76
1694349863723 4.809368508519955 77
1694349863937 4.809068636354513 78
1694349864134 4.808804716333334 79
1694349864346 4.808572434990722 80
1694349864570 4.808367996708644 81
1694349864760 4.808188061496143 82
1694349864967 4.80802969025485 83
1694349865158 4.807890296627623 84
1694349865362 4.807767604636916 85
1694349865571 4.807659611415338 86
1694349865811 4.807564554415315 87
1694349866010 4.807480882558643 88
1694349866188 4.807407230852017 89
1694349866382 4.807342398051598 90
1694349866597 4.807285327010014 91
1694349866819 4.807235087383359 92
