1694508713219 169.21506514897106 0
1694508713447 168.87675292440036 1
1694508713627 168.53918542965866 2
1694508713826 168.2023609570129 3
1694508714018 167.86627780273693 4
1694508714199 167.5309342671017 5
1694508714389 167.196328654366 6
1694508714590 166.86245927276664 7
1694508714750 166.5293244345095 8
1694508714917 166.19692245575965 9
1694508715075 165.8652516566322 10
1694508715252 165.5343103611828 11
1694508715435 165.2040968973984 12
1694508715587 164.87460959718769 13
1694508715754 164.5458467963721 14
1694508715937 164.21780683467622 15
1694508716114 163.8904880557187 16
1694508716270 163.56388880700285 17
1694508716430 163.2380074399077 18
1694508716596 162.9128423096784 19
1694508716746 162.58839177541734 20
1694508716906 162.26465420007486 21
1694508717057 161.9416279504402 22
1694508717224 161.6193113971322 23
1694508717379 161.29770291459047 24
1694508717542 160.9768008810661 25
1694508717720 160.6566036786127 26
1694508717907 160.3371096930773 27
1694508718051 160.01831731409158 28
1694508718182 159.70022493506235 29
1694508718342 159.38283095316325 30
1694508718499 159.0661337693254 31
1694508718679 158.7501317882285 32
1694508718847 158.4348234182921 33
1694508719012 158.1202070716665 34
1694508719182 157.80628116422403 35
1694508719340 157.4930441155503 36
1694508719475 157.18049434893513 37
1694508719626 156.86863029136398 38
1694508719797 156.55745037350903 39
1694508719959 156.24695302972057 40
1694508720137 155.93713669801804 41
1694508720318 155.6279998200817 42
1694508720482 155.31954084124345 43
1694508720652 155.0117582104786 44
1694508720818 154.70465038039688 45
1694508720984 154.39821580723415 46
1694508721133 154.09245295084338 47
1694508721304 153.78736027468653 48
1694508721477 153.48293624582558 49
