1694508955574 0.7990287451242335 0
1694508955752 0.8083400516483179 1
1694508955936 0.8086446197313426 2
1694508956122 0.7538787624538982 3
1694508956289 0.7599476187512452 4
1694508956458 0.8002648566717033 5
1694508956630 0.8168810800530575 6
1694508956799 0.8227169737798494 7
1694508957002 0.7955607494192756 8
1694508957183 0.797788373286821 9
1694508957353 0.7753664553549551 10
1694508957526 0.80809385740134 11
1694508957709 0.8161387645840135 12
1694508957900 0.7491117917162327 13
1694508958077 0.8163884093218367 14
1694508958244 0.7945312888409918 15
1694508958425 0.7973752577067763 16
1694508958592 0.8081384609043285 17
1694508958771 0.7810197408930993 18
1694508958946 0.7816100134618565 19
1694508959107 0.7895643164381214 20
1694508959279 0.797343619296942 21
1694508959461 0.7872360835688483 22
1694508959655 0.8319512384022143 23
1694508959832 0.7911494945623194 24
1694508960000 0.806991808733352 25
1694508960180 0.7669701901504062 26
1694508960351 0.8088528794483284 27
1694508960528 0.7577322348434201 28
1694508960700 0.7976628921537244 29
1694508960876 0.8245393540647714 30
1694508961057 0.8133569449167961 31
1694508961242 0.7703730253295057 32
1694508961419 0.8132696380895156 33
1694508961593 0.8205812508584985 34
1694508961762 0.792817175987582 35
1694508961936 0.7471749546743651 36
1694508962100 0.6426776558585532 37
1694508962278 0.8209283041980776 38
1694508962457 0.8004582911994059 39
1694508962635 0.8136507368845977 40
1694508962797 0.787860639516584 41
1694508962983 0.8109469937378588 42
1694508963147 0.7929135218953329 43
1694508963320 0.7822678401376267 44
1694508963492 0.7687360338960663 45
1694508963674 0.7986419330193187 46
1694508963857 0.8187457116356361 47
1694508964044 0.8148491299601259 48
1694508964213 0.7932633074468622 49
