1694508955488 0.025676844723186428 0
1694508955658 0.03175880542590025 1
1694508955853 0.045960316622426826 2
1694508956043 0.02089525675444439 3
1694508956207 0.10668031040592739 4
1694508956374 0.11274636805192101 5
1694508956543 0.06238718440614646 6
1694508956716 0.20886944067301694 7
1694508956906 0.2679357708408595 8
1694508957100 0.49871234633886 9
1694508957268 0.06538862276891158 10
1694508957447 0.6846357735395638 11
1694508957629 0.0019357730285271336 12
1694508957813 0.11177921343469523 13
1694508957989 0.10962093511872983 14
1694508958162 0.056924267966115424 15
1694508958337 0.41541153108184836 16
1694508958511 0.3035400659567145 17
1694508958694 0.003513472780503159 18
1694508958860 0.38808949401882875 19
1694508959030 0.00928409589516904 20
1694508959200 0.10295429408963759 21
1694508959370 0.040838956009599074 22
1694508959573 0.09187262269873346 23
1694508959750 0.2164037288048593 24
1694508959920 0.005455572232807018 25
1694508960089 0.04906466534828302 26
1694508960269 1.104134441275669 27
1694508960441 0.09854010190505863 28
1694508960619 0.0405789576482164 29
1694508960795 0.006380150850473172 30
1694508960976 0.0419129449892115 31
1694508961162 0.0007904312864473982 32
1694508961339 0.11515027795726203 33
1694508961515 0.19730589546396635 34
1694508961679 0.10084328520334507 35
1694508961860 0.4390930387013442 36
1694508962025 6.847651344994421 37
1694508962189 0.00028576324850095394 38
1694508962372 0.09933413880281568 39
1694508962545 0.31821407150511355 40
1694508962720 0.006749170679123884 41
1694508962904 0.0016650848538209302 42
1694508963068 0.0454449049076626 43
1694508963240 0.4176027644432491 44
1694508963406 0.4589769415345991 45
1694508963589 0.0005526614366523461 46
1694508963781 0.0069159578850086865 47
1694508963965 0.05107370437251589 48
1694508964132 0.0048723506015796595 49
