1694510172456 0.8411965679017371 0
1694510172629 0.8400423305700785 1
1694510172816 0.833712229215573 2
1694510172989 0.8400077269093841 3
1694510173171 0.8316557635448601 4
1694510173417 0.8421210659938104 5
1694510173678 0.840600387240616 6
1694510174005 0.8360253438747377 7
1694510174257 0.8425492979644971 8
1694510174511 0.8417365419993184 9
1694510174767 0.8326832381751892 10
1694510175019 0.8407421395461439 11
1694510175279 0.8401954417474956 12
1694510175520 0.841339017344264 13
1694510175768 0.8392216829860103 14
1694510176094 0.8393117763562592 15
1694510176357 0.8373652780989259 16
1694510176528 0.8428882986943961 17
1694510176700 0.8350467142382546 18
1694510176897 0.8411314583178211 19
1694510177067 0.8336390029572123 20
1694510177239 0.8412412028710861 21
1694510177449 0.8256495256794854 22
1694510177623 0.8375424678385293 23
1694510177803 0.8422178709213854 24
1694510177990 0.8385150554416883 25
1694510178175 0.8409290894041475 26
1694510178336 0.8379361167889702 27
1694510178489 0.8416498562056407 28
1694510178642 0.8408967616559526 29
1694510178797 0.8386463221920941 30
1694510178950 0.8280533601033998 31
1694510179103 0.8385267700138076 32
1694510179293 0.8398919524605073 33
1694510179454 0.8404863894644291 34
1694510179635 0.8384243901189354 35
1694510179792 0.8294703395029497 36
1694510179948 0.8361796914519781 37
1694510180117 0.8377746718749923 38
1694510180273 0.8312337975472662 39
1694510180431 0.8334726634484815 40
1694510180583 0.8380352100382042 41
1694510180753 0.8390548353022736 42
1694510180907 0.731688532626167 43
1694510181067 0.8393559429004223 44
1694510181222 0.8391528849471923 45
1694510181378 0.8404650799316444 46
1694510181553 0.8304115714473798 47
1694510181719 0.8399033590662949 48
1694510181874 0.8374475983063934 49
