1694510172371 0.06950033021366128 0
1694510172547 0.0538253571718554 1
1694510172731 0.20546595061942508 2
1694510172902 0.6055067608013858 3
1694510173075 0.01933104343049148 4
1694510173326 0.001801027429729821 5
1694510173584 0.055375394531564266 6
1694510173907 0.005391979752693855 7
1694510174159 0.0009904753660336843 8
1694510174417 0.01293273589463452 9
1694510174665 0.2511964827628332 10
1694510174927 0.044821757916141784 11
1694510175183 0.05411117065842835 12
1694510175431 0.030838710468592448 13
1694510175673 0.11487120355659375 14
1694510175992 0.43851664533071416 15
1694510176265 0.03289687894597758 16
1694510176443 0.0771174087056207 17
1694510176615 0.0030613430212428788 18
1694510176811 0.0005086980085140787 19
1694510176982 0.0067938942144390784 20
1694510177157 6.732671830041485e-05 21
1694510177362 0.0025103325178945446 22
1694510177536 0.029135378677755296 23
1694510177716 0.03406508201401041 24
1694510177908 0.1991946731258221 25
1694510178102 3.4405493271497633e-06 26
1694510178255 0.017132830153132737 27
1694510178418 0.03381667441918173 28
1694510178568 0.07273693768399658 29
1694510178720 0.1910139334782521 30
1694510178878 0.24884524537335748 31
1694510179029 0.00026626247894841453 32
1694510179216 0.0035714350485600995 33
1694510179382 0.4667272390312714 34
1694510179559 0.1750165671553555 35
1694510179714 0.08984610776352732 36
1694510179874 0.0016104271918378251 37
1694510180044 0.009512025055557946 38
1694510180195 0.004839078533700402 39
1694510180353 0.03055172845318878 40
1694510180512 0.012984545490910507 41
1694510180678 0.0819682642462104 42
1694510180835 0.053714926377319575 43
1694510180991 0.07170332215189813 44
1694510181150 0.129599623223558 45
1694510181303 0.0110992715182276 46
1694510181477 0.31740607058330983 47
1694510181645 0.022408017157314785 48
1694510181799 0.0036774056861172185 49
