1694510712945 169.22779549026075 0
1694510713133 165.86190283392517 1
1694510713315 162.5630062251857 2
1694510713505 159.32977204561496 3
1694510713731 156.16089322612808 4
1694510713937 153.05508871838677 5
1694510714119 150.01110297672935 6
1694510714304 147.02770545041662 7
1694510714518 144.10369008598857 8
1694510714731 141.2378748395301 9
1694510714979 138.42910119864885 10
1694510715161 135.67623371397153 11
1694510715383 132.9781595399691 12
1694510715586 130.3337879849252 13
1694510715781 127.74205006986547 14
1694510716006 125.20189809626973 15
1694510716206 122.7123052223916 16
1694510716385 120.27226504801455 17
1694510716571 117.88079120747612 18
1694510716944 115.53691697079591 19
1694510717651 113.23969485274549 20
1694510718118 110.98819622970272 21
1694510718492 108.78151096413481 22
1694510718867 106.61874703655866 23
1694510719254 104.49903018482937 24
1694510719679 102.42150355061095 25
1694510720097 100.38532733288643 26
1694510720539 98.38967844836685 27
1694510721033 96.43375019866201 28
1694510721449 94.5167519440782 29
1694510721939 92.637908783911 30
1694510722438 90.79646124310388 31
1694510722847 88.99166496514545 32
1694510723294 87.22279041108176 33
1694510723730 85.48912256452131 34
1694510724069 83.78996064251356 35
1694510724417 82.1246178121845 36
1694510724696 80.49242091301362 37
1694510725498 78.89271018464095 38
1694510725749 77.32483900009345 39
1694510725998 75.78817360432309 40
1694510726227 74.28209285795057 41
1694510726528 72.80598798611153 42
1694510726796 71.3592623323029 43
1694510727008 69.94133111713067 44
1694510727258 68.55162120186083 45
1694510727463 67.18957085667793 46
1694510727653 65.85462953355803 47
1694510727861 64.54625764366332 48
1694510728079 63.263926339169196 49
