1694490960001 -123.10743107731125 0
1694490960143 -62.260650185813546 1
1694490960298 -31.283562252372946 2
1694490960440 -15.508538723934876 3
1694490960582 -7.476577552322011 4
1694490960732 -3.388104218439975 5
1694490960877 -1.3073469251157372 6
1694490961035 -0.24917642692773123 7
1694490961181 0.28916476666850377 8
1694490961332 0.5625843995267648 9
1694490961482 0.7012282009328963 10
1694490961629 0.7713141448902627 11
1694490961772 0.8067366032190593 12
1694490961914 0.8246288545387565 13
1694490962053 0.8335449742158836 14
1694490962192 0.8380372528442445 15
1694490962345 0.8402474537749428 16
1694490962500 0.8413280168019723 17
1694490962641 0.8417704070597654 18
1694490962780 0.8420095908245107 19
1694490962916 0.8421340627076096 20
1694490963056 0.8421568827177077 21
1694490963190 0.8421459276869272 22
1694490963323 0.8421737494201194 23
1694490963460 0.8421617131333976 24
1694490963595 0.8421474524690938 25
1694490963735 0.8421739258708546 26
1694490963878 0.842161392271856 27
1694490964019 0.8421389999788929 28
1694490964161 0.842144016161447 29
1694490964296 0.8421577533714673 30
1694490964446 0.8421364239556017 31
1694490964580 0.8421433530137186 32
1694490964713 0.8421261284208172 33
1694490964847 0.8421265127382926 34
