1694489376467 -6.935116273114159 0
1694489376610 -6.176331332898077 1
1694489376759 -6.063486662276463 2
1694489376917 -6.0824989108904495 3
1694489377062 -6.093247225287359 4
1694489377206 -6.0357355158648 5
1694489377346 -6.104584308262862 6
1694489377493 -6.155369860973707 7
1694489377636 -6.111919443495366 8
1694489377781 -6.136739921470197 9
1694489377920 -6.144323204623157 10
1694489378059 -6.131219792336778 11
1694489378211 -6.0227036585098235 12
1694489378372 -6.043082076504178 13
1694489378540 -6.105384501197093 14
1694489378686 -6.0465031417791115 15
1694489378830 -6.067244664538307 16
1694489378974 -6.08437969742408 17
1694489379140 -6.126521561186017 18
1694489379288 -6.075197939317692 19
1694489379431 -6.17096381893257 20
1694489379576 -6.040745299270662 21
1694489379719 -6.123506535104705 22
1694489379861 -6.085125782002003 23
1694489379993 -6.202122002339125 24
1694489380137 -6.0724977325054565 25
1694489380279 -6.139148298031113 26
1694489380419 -6.076025233540693 27
1694489380564 -6.203675855661874 28
1694489380707 -6.0620444475177395 29
1694489380849 -6.086138237806659 30
1694489380993 -6.131842820952526 31
1694489381132 -6.154195385589769 32
1694489381295 -6.1575608788560645 33
1694489381440 -6.0680745770960085 34
1694489381776 -6.072808398353583 35
1694489381930 -6.087281189640829 36
1694489382083 -6.073107782555505 37
1694489382223 -6.0947055012601545 38
1694489382363 -6.1464517443475 39
1694489382501 -6.051365565595353 40
1694489382633 -6.06475121386979 41
1694489382767 -6.059321373174052 42
1694489382907 -6.104635629114526 43
1694489383044 -6.120548104360327 44
1694489383188 -6.087014819679129 45
1694489383335 -6.116482339497824 46
1694489383486 -6.146132868133903 47
1694489383630 -6.135775227006197 48
1694489383766 -6.0665002079969215 49
