1694489376398 9.75748534286523 0
1694489376544 3.6306378089252824 1
1694489376685 2.129146028260987 2
1694489376839 3.121925604142756 3
1694489376997 6.483692696948521 4
1694489377139 5.964268653593152 5
1694489377282 6.617701934228034 6
1694489377424 3.3413169564772667 7
1694489377569 2.645494619353378 8
1694489377714 2.7693563514922523 9
1694489377857 4.103271664835224 10
1694489377994 4.324705247427572 11
1694489378144 5.761519355602535 12
1694489378290 6.3894292821425935 13
1694489378470 4.393202033746961 14
1694489378618 1.1872869435489144 15
1694489378762 6.263394260947663 16
1694489378907 0.6435426561885897 17
1694489379064 7.007099049222482 18
1694489379221 6.132968036981184 19
1694489379362 5.7332220831907 20
1694489379510 3.892309554443825 21
1694489379653 4.6580353269930805 22
1694489379794 7.116213656676622 23
1694489379934 4.977058096162615 24
1694489380070 3.6019531794076594 25
1694489380212 9.545143221828253 26
1694489380354 5.877733237619925 27
1694489380497 4.573925809798917 28
1694489380639 6.395405327186798 29
1694489380783 6.383136342227572 30
1694489380926 2.553902239587255 31
1694489381070 5.954606259023891 32
1694489381226 8.858751161990691 33
1694489381375 5.452006302302856 34
1694489381513 7.635860547683121 35
1694489381860 4.616446126765334 36
1694489382016 3.7759667640519443 37
1694489382158 5.677417378445366 38
1694489382298 6.039892363029504 39
1694489382440 6.288291298517634 40
1694489382572 3.0871780014794172 41
1694489382705 7.717564723120075 42
1694489382841 3.166729069957945 43
1694489382983 3.479504881271983 44
1694489383121 5.339046687846103 45
1694489383267 9.42402849941493 46
1694489383413 4.152086901363545 47
1694489383560 5.1492585283395025 48
1694489383706 3.4217001335524913 49
