1694508014979 82.63661938772663 0
1694508015270 43.27071375353159 1
1694508015522 22.436644348001042 2
1694508015816 20.0482378222178 3
1694508016126 6.341784147273725 4
1694508016423 7.341312385410743 5
1694508016702 8.558771044296165 6
1694508016948 6.316721642704459 7
1694508017213 5.715863283823634 8
1694508017480 6.391722497126767 9
1694508017746 5.88681552062822 10
1694508018034 4.578302772360128 11
1694508018316 4.379640060130893 12
1694508018580 7.291486299764965 13
1694508018860 4.1007687025263095 14
1694508019136 6.79493931418859 15
1694508019423 4.714133847857137 16
1694508019711 4.350743045302268 17
1694508019968 6.217334642746395 18
1694508020241 6.541369750721522 19
1694508020557 5.607393665597093 20
1694508020867 6.171556670985519 21
1694508021116 5.606757411892013 22
1694508021389 4.907762780292718 23
1694508021642 4.036355963098287 24
1694508021880 6.746950321664453 25
1694508022150 3.744184588937526 26
1694508022433 5.079836768905314 27
1694508022709 3.709496501367298 28
1694508022990 5.193855856814861 29
1694508023265 4.054933419605785 30
1694508023546 4.5402782227381335 31
1694508023832 8.07742014063773 32
1694508024099 3.2282294615826936 33
1694508024363 8.60814898127237 34
1694508024632 3.4214617060102266 35
1694508024898 4.087669931828952 36
1694508025160 3.5122608220804374 37
1694508025419 4.37767240013537 38
1694508025664 4.64784001198452 39
1694508025923 4.07962336515115 40
1694508026183 6.51978714854773 41
1694508026427 3.1918527004493327 42
1694508026655 4.200596670012367 43
1694508026882 6.3939598958378125 44
1694508027097 6.219209930096888 45
1694508027359 6.233525217717307 46
1694508027601 3.3556309049301203 47
1694508027836 6.882502961060341 48
1694508028068 3.3746174980401986 49
