1694508317765 -242.8375212386417 0
1694508317904 -239.57916612617703 1
1694508318054 -236.3687330424759 2
1694508318219 -233.2055203672251 3
1694508318371 -230.08896396260826 4
1694508318517 -227.0182547191629 5
1694508318664 -223.99262066601864 6
1694508318791 -221.0113399951121 7
1694508318916 -218.0738652092152 8
1694508319064 -215.179465957236 9
1694508319192 -212.32704481118432 10
1694508319325 -209.51691768005068 11
1694508319454 -206.74752927750686 12
1694508319583 -204.01861233774676 13
1694508319722 -201.3296430434922 14
1694508319859 -198.67986704991023 15
1694508320004 -196.06890509273202 16
1694508320155 -193.4959360674438 17
1694508320289 -190.9604084180406 18
1694508320433 -188.4617763409535 19
1694508320568 -185.99964038901413 20
1694508320704 -183.57305107976856 21
1694508320841 -181.1819283148908 22
1694508320983 -178.82564943569733 23
1694508321110 -176.50299150215878 24
1694508321242 -174.21468875860202 25
1694508321360 -171.95902905727954 26
1694508321492 -169.73621937169167 27
1694508321630 -167.54524688671367 28
1694508321770 -165.38649248621047 29
1694508321895 -163.2587733309173 30
1694508322023 -161.16143514648385 31
1694508322171 -159.09460210910066 32
1694508322308 -157.05739572543848 33
1694508322448 -155.049788492477 34
1694508322598 -153.07095959309999 35
1694508322744 -151.1203708838933 36
1694508322870 -149.1981203037372 37
1694508322996 -147.3033438934227 38
1694508323119 -145.43574244472438 39
1694508323262 -143.59490725305275 40
1694508323410 -141.78058255120715 41
1694508323557 -139.99213171456276 42
1694508323700 -138.22926879865412 43
1694508323841 -136.49156283467698 44
1694508323979 -134.77873319875442 45
1694508324119 -133.09050087018434 46
1694508324257 -131.42600872044198 47
1694508324390 -129.78548649065453 48
1694508324527 -128.16810115303304 49
