1694489801952 -242.1228281196216 0
1694489802082 -241.63675518236994 1
1694489802232 -241.15175195305778 2
1694489802361 -240.66781597966494 3
1694489802490 -240.1849448159217 4
1694489802606 -239.70313602129474 5
1694489802755 -239.22238716097408 6
1694489802887 -238.74269580585906 7
1694489803029 -238.26405953254488 8
1694489803183 -237.78647592330933 9
1694489803305 -237.30994256609907 10
1694489803426 -236.834457054516 11
1694489803549 -236.36001698780427 12
1694489803671 -235.8866199708366 13
1694489803806 -235.4142636141009 14
1694489803931 -234.942945533687 15
1694489804054 -234.47266335127358 16
1694489804193 -234.00341469411447 17
1694489804313 -233.53519719502572 18
1694489804434 -233.0680084923722 19
1694489804568 -232.6018462300548 20
1694489804703 -232.13670805749666 21
1694489804844 -231.6725916296308 22
1694489804974 -231.20949460688638 23
1694489805099 -230.74741465517624 24
1694489805236 -230.28634944588313 25
1694489805396 -229.82629665584773 26
1694489805516 -229.3672539673548 27
1694489805644 -228.90921906812065 28
1694489805777 -228.45218965128038 29
1694489805906 -227.99616341537455 30
1694489806032 -227.54113806433708 31
1694489806161 -227.08711130748156 32
1694489806286 -226.63408085948922 33
1694489806422 -226.18204444039588 34
1694489806549 -225.73099977557916 35
1694489806668 -225.28094459574618 36
1694489806801 -224.83187663692024 37
1694489806919 -224.383793640429 38
1694489807040 -223.93669335289133 39
1694489807167 -223.4905735262049 40
1694489807288 -223.04543191753376 41
1694489807418 -222.6012662892959 42
1694489807560 -222.15807440915037 43
1694489807690 -221.71585404998532 44
1694489807813 -221.27460298990536 45
1694489807947 -220.83431901221917 46
1694489808061 -220.3949999054272 47
1694489808202 -219.95664346320962 48
1694489808328 -219.51924748441328 49
