1694489801842 169.34901212942756 0
1694489801991 169.0104005485274 1
1694489802122 168.67253439660726 2
1694489802274 168.3354119642569 3
1694489802402 167.99903154607685 4
1694489802522 167.66339144066882 5
1694489802640 167.3284899506266 6
1694489802803 166.99432538252603 7
1694489802929 166.66089604691598 8
1694489803075 166.3282002583086 9
1694489803217 165.99623633517015 10
1694489803338 165.66500259991142 11
1694489803459 165.33449737887844 12
1694489803588 165.00471900234328 13
1694489803708 164.67566580449426 14
1694489803847 164.34733612342723 15
1694489803971 164.01972830113593 16
1694489804093 163.69284068350288 17
1694489804227 163.36667162028994 18
1694489804343 163.0412194651293 19
1694489804471 162.71648257551442 20
1694489804607 162.39245931279027 21
1694489804742 162.06914804214497 22
1694489804881 161.7465471326 23
1694489805012 161.4246549570015 24
1694489805136 161.10346989201105 25
1694489805279 160.78299031809658 26
1694489805428 160.46321461952326 27
1694489805561 160.14414118434482 28
1694489805683 159.82576840439407 29
1694489805816 159.50809467527435 30
1694489805946 159.1911183963503 31
1694489806065 158.87483797073907 32
1694489806198 158.55925180530133 33
1694489806325 158.2443583106324 34
1694489806464 157.9301559010535 35
1694489806583 157.61664299460273 36
1694489806703 157.3038180130263 37
1694489806835 156.9916793817697 38
1694489806955 156.68022552996905 39
1694489807079 156.36945489044228 40
1694489807200 156.05936589968016 41
1694489807325 155.74995699783793 42
1694489807457 155.44122662872644 43
1694489807599 155.13317323980343 44
1694489807730 154.82579528216482 45
1694489807848 154.51909121053632 46
1694489807975 154.21305948326463 47
1694489808102 153.90769856230884 48
1694489808240 153.6030069132318 49
