1694491511242 -232.30379989704375 0
1694491511376 -232.25710161111758 1
1694491511501 -232.2104126801726 2
1694491511631 -232.1637331023342 3
1694491511752 -232.1170628757281 4
1694491511887 -232.07040199848043 5
1694491512014 -232.02375046871776 6
1694491512139 -231.97710828456687 7
1694491512251 -231.93047544415504 8
1694491512399 -231.88385194560993 9
1694491512543 -231.83723778705948 10
1694491512683 -231.7906329666321 11
1694491512803 -231.74403748245658 12
1694491512945 -231.697451332662 13
1694491513065 -231.65087451537784 14
1694491513187 -231.60430702873404 15
1694491513321 -231.5577488708608 16
1694491513454 -231.5112000398888 17
1694491513593 -231.46466053394894 18
1694491513722 -231.4181303511727 19
1694491513851 -231.3716094896918 20
1694491513979 -231.32509794763843 21
1694491514104 -231.27859572314492 22
1694491514232 -231.23210281434427 23
1694491514345 -231.18561921936976 24
1694491514476 -231.13914493635488 25
1694491514612 -231.09267996343377 26
1694491514792 -231.04622429874067 27
1694491514911 -230.99977794041044 28
1694491515037 -230.95334088657813 29
1694491515171 -230.90691313537928 30
1694491515301 -230.86049468494963 31
1694491515437 -230.81408553342555 32
1694491515564 -230.7676856789437 33
1694491515695 -230.7212951196409 34
1694491515830 -230.67491385365472 35
1694491515995 -230.62854187912265 36
1694491516119 -230.58217919418294 37
1694491516259 -230.53582579697408 38
1694491516392 -230.48948168563496 39
1694491516525 -230.44314685830466 40
1694491516646 -230.39682131312284 41
1694491516777 -230.35050504822956 42
1694491516939 -230.30419806176502 43
1694491517073 -230.2579003518701 44
1694491517218 -230.2116119166858 45
1694491517347 -230.16533275435359 46
1694491517478 -230.11906286301527 47
1694491517605 -230.0728022408132 48
1694491517735 -230.02655088588978 49
