1694490974723 0.8337173842457544 0
1694490974872 0.8284557056549752 1
1694490975016 0.7667918345901457 2
1694490975162 0.8339561581861067 3
1694490975308 0.8343530957433238 4
1694490975452 0.8319483292101841 5
1694490975586 0.8338970535341733 6
1694490975727 0.8323160400492617 7
1694490975866 0.8330998857090269 8
1694490976006 0.8320051207196929 9
1694490976152 0.8327342873818004 10
1694490976294 0.8351363389529245 11
1694490976438 0.8133419301334764 12
1694490976585 0.8349974727653007 13
1694490976742 0.8330631387428369 14
1694490976889 0.8332098123242339 15
1694490977035 0.8339579530566108 16
1694490977183 0.8340185457746022 17
1694490977332 0.836196002136057 18
1694490977474 0.8223674883442106 19
1694490977615 0.8359531699713907 20
1694490977760 0.8301377146579096 21
1694490977908 0.8358225404308246 22
1694490978060 0.8317848220530726 23
1694490978213 0.8325047490073795 24
1694490978357 0.8307272708834393 25
1694490978504 0.8283852470184184 26
1694490978653 0.8317321024863708 27
1694490978801 0.831575896484254 28
1694490978945 0.8341509439749515 29
1694490979089 0.8326146081718645 30
1694490979227 0.8309483441304928 31
1694490979355 0.827860529155331 32
1694490979499 0.834356956043542 33
1694490979645 0.8230760895886924 34
1694490979795 0.8354700547815539 35
1694490979937 0.8351225886941176 36
1694490980099 0.836242622795493 37
1694490980246 0.8348860537958435 38
1694490980389 0.8339990170909595 39
1694490980532 0.8324749692989359 40
1694490980679 0.8323256168191431 41
1694490980830 0.8317769175683642 42
1694490980973 0.8352141837017959 43
1694490981120 0.8346358644182933 44
1694490981257 0.8326883631650056 45
1694490981391 0.824435792179708 46
1694490981523 0.8362631091997519 47
1694490981667 0.8355432592226699 48
1694490981818 0.8306940267724079 49
