1694490974659 0.03583590830980628 0
1694490974804 0.16195917627652698 1
1694490974948 0.033304309332331784 2
1694490975095 0.018556546396406314 3
1694490975239 0.23006278832862445 4
1694490975385 0.29092738826520254 5
1694490975527 0.006345906638405799 6
1694490975662 0.20989560683349134 7
1694490975803 0.04748687891744518 8
1694490975944 0.005136961332281983 9
1694490976085 0.007721743248886484 10
1694490976230 0.051169784322891355 11
1694490976374 0.054088651006132395 12
1694490976513 0.4103951657980447 13
1694490976675 0.21941545796206308 14
1694490976820 0.00789482175038376 15
1694490976965 0.20513068813819135 16
1694490977115 0.31359273408253235 17
1694490977262 0.41378879097328497 18
1694490977410 0.07778916572049371 19
1694490977548 0.03880204273657198 20
1694490977693 0.11376994696048665 21
1694490977836 0.06777828745990433 22
1694490977989 0.0061406076884562835 23
1694490978138 0.022012573279687357 24
1694490978289 0.22770201605213894 25
1694490978435 0.03531872271121753 26
1694490978581 0.05076546400270585 27
1694490978733 0.0017907551337229281 28
1694490978878 0.004930700190171323 29
1694490979020 0.11473087807759366 30
1694490979169 0.11359340843013828 31
1694490979299 0.016312153181306403 32
1694490979432 0.06432904443321683 33
1694490979577 0.009234479365335741 34
1694490979728 0.0005226201438762118 35
1694490979871 0.07672917241899418 36
1694490980025 0.06418902304519288 37
1694490980176 3.533647522843648e-05 38
1694490980322 0.0036907806700057165 39
1694490980465 0.06855556739476233 40
1694490980608 0.42259855433156956 41
1694490980761 0.06422538037038611 42
1694490980905 0.2386140516009911 43
1694490981048 0.017528126660442865 44
1694490981196 0.035581400205223566 45
1694490981334 0.3032482124675734 46
1694490981467 0.16620125624077933 47
1694490981598 0.01093099248013263 48
1694490981745 0.004214401963096464 49
