1694490031096 -242.80613518032246 0
1694490031244 -242.76223450496917 1
1694490031368 -242.71834247169178 2
1694490031503 -242.6744591372995 3
1694490031628 -242.63058449999596 4
1694490031753 -242.5867185579859 5
1694490031890 -242.54286130947438 6
1694490032013 -242.49901275266683 7
1694490032135 -242.45517288576917 8
1694490032271 -242.41134170698763 9
1694490032393 -242.36751921452876 10
1694490032529 -242.3237054065996 11
1694490032649 -242.27990028140758 12
1694490032816 -242.23610383716024 13
1694490032946 -242.19231607206595 14
1694490033087 -242.14853698433302 15
1694490033267 -242.1047665721705 16
1694490033391 -242.06100483378742 17
1694490033516 -242.01725176739367 18
1694490033657 -241.9735073711991 19
1694490033778 -241.92977164341417 20
1694490033919 -241.88604458224967 21
1694490034078 -241.84232618591668 22
1694490034209 -241.7986164526267 23
1694490034322 -241.7549153805918 24
1694490034437 -241.71122296802406 25
1694490034572 -241.66753921313628 26
1694490034692 -241.62386411414147 27
1694490034813 -241.580197669253 28
1694490034939 -241.53653987668469 29
1694490035055 -241.4928907346507 30
1694490035179 -241.44925024136563 31
1694490035323 -241.40561839504429 32
1694490035477 -241.3619951939021 33
1694490035599 -241.31838063615464 34
1694490035729 -241.2747747200181 35
1694490035851 -241.2311774437087 36
1694490035980 -241.18758880544334 37
1694490036118 -241.14400880343933 38
1694490036250 -241.10043743591407 39
1694490036367 -241.05687470108558 40
1694490036494 -241.01332059717214 41
1694490036623 -240.9697751223925 42
1694490036748 -240.92623827496556 43
1694490036874 -240.88271005311094 44
1694490037009 -240.83919045504834 45
1694490037148 -240.79567947899804 46
1694490037275 -240.75217712318056 47
1694490037403 -240.70868338581684 48
1694490037558 -240.6651982651282 49
