1694490030983 169.5244001398844 0
1694490031134 169.49048574228203 1
1694490031279 169.4599697621559 2
1694490031407 169.4294597906439 3
1694490031541 169.39895586725186 4
1694490031658 169.3684579907302 5
1694490031791 169.33796615983033 6
1694490031919 169.30748037330386 7
1694490032044 169.27700062990266 8
1694490032183 169.24652692837878 9
1694490032304 169.21605926748467 10
1694490032433 169.1855976459729 11
1694490032568 169.15514206259644 12
1694490032688 169.12469251610847 13
1694490032849 169.09424900526236 14
1694490032981 169.0638115288118 15
1694490033126 169.0333800855109 16
1694490033307 169.00295467411377 17
1694490033428 168.9725352933749 18
1694490033559 168.94212194204906 19
1694490033698 168.91171461889127 20
1694490033818 168.8813133226568 21
1694490033962 168.85091805210124 22
1694490034119 168.8205288059803 23
1694490034243 168.79014558305013 24
1694490034351 168.75976838206702 25
1694490034478 168.72939720178755 26
1694490034609 168.6990320409686 27
1694490034728 168.66867289836736 28
1694490034852 168.63831977274103 29
1694490034977 168.60797266284743 30
1694490035099 168.57763156744443 31
1694490035219 168.54729648529008 32
1694490035361 168.51696741514294 33
1694490035510 168.48664435576163 34
1694490035638 168.45632730590518 35
1694490035768 168.4260162643327 36
1694490035889 168.39571122980377 37
1694490036018 168.36541220107807 38
1694490036157 168.3351191769157 39
1694490036291 168.30483215607674 40
1694490036411 168.2745511373219 41
1694490036529 168.24427611941186 42
1694490036664 168.21400710110777 43
1694490036789 168.18374408117086 44
1694490036918 168.15348705836269 45
1694490037044 168.12323603144515 46
1694490037188 168.09299099918033 47
1694490037313 168.06275196033062 48
1694490037442 168.03251891365855 49
