1694510516661 -241.23852007356857 0
1694510516839 -236.42534581224317 1
1694510517032 -231.70793102483185 2
1694510517209 -227.08436995504064 3
1694510517363 -222.55279478188965 4
1694510517534 -218.1113748644604 5
1694510517695 -213.75831600168138 6
1694510517864 -209.49185970685375 7
1694510518023 -205.31028249662114 8
1694510518186 -201.21189519409924 9
1694510518344 -197.19504224587953 10
1694510518509 -193.2581010526341 11
1694510518701 -189.3994813130483 12
1694510518873 -185.61762438081755 13
1694510519046 -181.9110026344465 14
1694510519214 -178.27811885959707 15
1694510519370 -174.7175056437347 16
1694510519553 -171.22772478282786 17
1694510519725 -167.80736669986075 18
1694510519875 -164.45504987492484 19
1694510520049 -161.16942028665716 20
1694510520239 -157.94915086480057 21
1694510520417 -154.79294095366424 22
1694510520613 -151.6995157862667 23
1694510520779 -148.6676259689495 24
1694510520981 -145.69604697625277 25
1694510521140 -142.78357865584783 26
1694510521317 -139.92904474332724 27
1694510521494 -137.13129238665536 28
1694510521672 -134.38919168008792 29
1694510521845 -131.70163520737094 30
1694510522006 -129.06753759403514 31
1694510522201 -126.485835068604 32
1694510522374 -123.95548503253879 33
1694510522528 -121.47546563874562 34
1694510522687 -119.0447753784748 35
1694510522862 -116.66243267644496 36
1694510523027 -114.32747549402842 37
1694510523194 -112.03896094033689 38
1694510523373 -109.79596489105073 39
1694510523540 -107.59758161483714 40
1694510523709 -105.44292340720618 41
1694510523885 -103.33112023165688 42
1694510524070 -101.26131936796781 43
1694510524231 -99.23268506749025 44
1694510524398 -97.24439821530403 45
1694510524568 -95.29565599910012 46
1694510524718 -93.38567158465516 47
1694510524884 -91.51367379776735 48
1694510525045 -89.67890681252476 49
