1694251576279 28059.490291262136 0
1694251576489 22506.306929817274 1
1694251576680 18510.051708025614 2
1694251576854 15488.619392661552 3
1694251577045 13147.413353962775 4
1694251577223 11309.432859155697 5
1694251577426 9854.693745457878 6
1694251577601 8696.15903167078 7
1694251577776 7768.510364034055 8
1694251577961 7021.896982527239 9
1694251578107 6417.92734024418 10
1694251578341 5926.865293964807 11
1694251578490 5525.577561888988 12
1694251578687 5195.9971941147405 13
1694251578876 4923.960394545423 14
1694251579032 4698.320540427837 15
1694251579181 4510.270660251411 16
1694251579349 4352.82374574135 17
1694251579523 4220.413060341577 18
1694251579699 4108.583944823077 19
1694251579871 4013.7555578116508 20
1694251580021 3933.036188388066 21
1694251580211 3864.0796945395464 22
1694251580379 3804.973581255441 23
1694251580535 3754.151474510141 24
1694251580734 3710.324449589695 25
1694251580893 3672.4269666285113 26
1694251581078 3639.574152156723 27
1694251581245 3611.027917636214 28
1694251581397 3586.1699807211016 29
1694251581561 3564.4802948741244 30
1694251581722 3545.5197302055844 31
1694251581873 3528.916107378319 32
1694251582045 3514.3528856582216 33
1694251582265 3501.5599597553155 34
1694251582421 3490.3061387007456 35
1694251582606 3480.392971795103 36
1694251582768 3471.649657863794 37
1694251582915 3463.92882941633 38
1694251583085 3457.1030464615783 39
1694251583263 3451.0618684623896 40
1694251583459 3445.7093993541853 41
1694251583675 3440.962221341645 42
1694251583861 3436.747649586185 43
1694251584021 3433.0022528754307 44
1694251584204 3429.670595674137 45
1694251584384 3426.704165173594 46
1694251584597 3424.0604535325083 47
1694251584759 3421.7021707855606 48
1694251584957 3419.596568157503 49
1694251585121 3417.7148549726467 50
1694251585283 3416.0316951573145 51
1694251585441 3414.5247716262184 52
1694251585616 3413.174408724881 53
1694251585803 3411.9632444495614 54
1694251585976 3410.8759454476667 55
1694251586146 3409.898958865649 56
1694251586316 3409.0202959984563 57
1694251586507 3408.2293434368607 58
1694251586702 3407.516698032352 59
1694251586856 3406.874022524616 60
1694251587025 3406.2939191207784 61
1694251587189 3405.769818692311 62
1694251587340 3405.2958835759473 63
1694251587512 3404.866922238265 64
1694251587676 3404.4783142973265 65
1694251587883 3404.1259445950964 66
1694251588040 3403.8061451864965 67
1694251588216 3403.5156442590624 68
1694251588417 3403.251521124984 69
1694251588611 3403.0111665376585 70
1694251588772 3402.792247680441 71
1694251588961 3402.592677258033 72
1694251589113 3402.4105861927897 73
1694251589291 3402.2442994906355 74
1694251589454 3402.0923148955885 75
1694251589643 3401.953283999132 76
1694251589802 3401.82599551193 77
1694251589994 3401.709360441288 78
1694251590171 3401.602398949196 79
1694251590328 3401.5042286931935 80
1694251590489 3401.4140544763077 81
1694251590676 3401.331159053303 82
1694251590833 3401.2548949588695 83
1694251590991 3401.1846772394965 84
1694251591165 3401.1199769848868 85
1694251591332 3401.0603155671733 86
1694251591487 3401.0052595070792 87
1694251591660 3400.9544158956946 88
1694251591835 3400.907428308953 89
1694251592044 3400.8639731592707 90
