1694507424397 -6.928103840134596 0
1694507424655 -6.101512410196389 1
1694507424921 -6.155302475704332 2
1694507425185 -6.1823301053392505 3
1694507425445 -6.136446782970053 4
1694507425737 -6.101709245237366 5
1694507426005 -6.195415588238504 6
1694507426281 -6.119621747240471 7
1694507426518 -6.20082990208851 8
1694507426761 -6.056445449792302 9
1694507427003 -6.103958694639124 10
1694507427254 -6.138205340422903 11
1694507427497 -6.097184735505362 12
1694507427742 -6.141963679887067 13
1694507428038 -6.1192834226921295 14
1694507428318 -6.124233378395353 15
1694507428595 -6.178747388567353 16
1694507428868 -6.094649828974148 17
1694507429195 -6.136690218790942 18
1694507429557 -6.104486837033546 19
1694507429919 -6.128464520371095 20
1694507430294 -6.031785854258985 21
1694507430613 -6.075816738630476 22
1694507430933 -6.11296638881708 23
1694507431250 -6.114257259157279 24
1694507431544 -6.091468204507889 25
1694507431864 -6.135878244335695 26
1694507432177 -6.169044375038344 27
1694507432489 -6.101972684677554 28
1694507432801 -6.1038715336234315 29
1694507433169 -6.081478301584608 30
1694507433511 -6.126546577618681 31
1694507433882 -6.092560472274034 32
1694507434234 -6.104944382916598 33
1694507434578 -6.005655092712803 34
1694507434953 -6.108587502435239 35
1694507435282 -6.04075408996553 36
1694507435652 -6.134082078826223 37
1694507435991 -6.06897843659551 38
1694507436341 -6.103487431664087 39
1694507436680 -6.080189500261821 40
1694507437056 -6.065582395110457 41
1694507437422 -6.083854952197733 42
1694507437766 -6.098388043358087 43
1694507438105 -6.146625745713866 44
1694507438414 -6.1085817595134975 45
1694507438746 -6.194383021527655 46
1694507439072 -6.097676637174692 47
1694507439392 -6.140087360300069 48
1694507439697 -6.194143485821087 49
