1694507424269 5.669066651115236 0
1694507424521 5.033395654012494 1
1694507424791 1.4361813982130311 2
1694507425066 4.35558473550938 3
1694507425319 3.6539670584414163 4
1694507425600 2.461479150078448 5
1694507425891 2.913729702463027 6
1694507426137 4.716632627762289 7
1694507426394 5.45267324243519 8
1694507426644 2.089706210538434 9
1694507426879 6.26526513859027 10
1694507427132 4.714471829007028 11
1694507427373 3.2633198006963435 12
1694507427617 3.6975840303314413 13
1694507427884 5.703169391566409 14
1694507428171 4.634880027069216 15
1694507428460 7.104708073891402 16
1694507428729 3.9158158806808094 17
1694507429016 2.5202743535913 18
1694507429366 3.505232083674567 19
1694507429754 5.34008746820327 20
1694507430116 2.23237203687757 21
1694507430488 1.9718160529207458 22
1694507430781 2.717486089534563 23
1694507431107 4.372050057920255 24
1694507431415 4.012848055913944 25
1694507431711 3.7615063424510966 26
1694507432022 2.621477855804165 27
1694507432352 2.6018763162912433 28
1694507432662 8.751389070758385 29
1694507432971 4.68566598214231 30
1694507433344 6.194881598979179 31
1694507433697 4.500272884193743 32
1694507434071 2.3788341388264658 33
1694507434429 2.5300044614502544 34
1694507434749 7.701034121513223 35
1694507435122 5.029811144651617 36
1694507435454 3.2355422563514002 37
1694507435821 2.6719089760443904 38
1694507436168 4.8783712471644005 39
1694507436507 5.400576656901125 40
1694507436876 6.171258537137853 41
1694507437238 3.5079418958512707 42
1694507437586 2.8587614683339266 43
1694507437963 4.403802493891488 44
1694507438270 3.6403566341795517 45
1694507438603 3.8510610881087017 46
1694507438950 5.1032376018583605 47
1694507439246 3.2269888893806833 48
1694507439548 2.605988596639196 49
