1694510221489 -118.26022322490115 0
1694510221690 -59.77858797075787 1
1694510221880 -30.01378786420636 2
1694510222056 -14.860895393966072 3
1694510222227 -7.148409986721868 4
1694510222397 -3.223984336542289 5
1694510222567 -1.226530283539487 6
1694510222777 -0.21015269895498467 7
1694510222949 0.30645190062709593 8
1694510223135 0.5686281664752169 9
1694510223306 0.7015385848415081 10
1694510223483 0.7689451260049537 11
1694510223653 0.8028870450951298 12
1694510223856 0.8200923223198192 13
1694510224029 0.8287225921488597 14
1694510224224 0.8329872025504615 15
1694510224392 0.8350458487068357 16
1694510224543 0.8360378780435475 17
1694510224698 0.8365058676733874 18
1694510224858 0.8366904544177044 19
1694510225011 0.8367364104230335 20
1694510225185 0.8367567012222848 21
1694510225366 0.8367495371274649 22
1694510225529 0.8367376679914127 23
1694510225696 0.8366893165010045 24
1694510225855 0.8366681409520125 25
1694510226008 0.8366428047063601 26
1694510226160 0.8366430361030339 27
