1694490888704 -109.4196249517682 0
1694490888850 -51.2232559871821 1
1694490888998 -23.744559427004663 2
1694490889161 -10.763550470607603 3
1694490889347 -4.635870611491694 4
1694490889508 -1.7418859512773999 5
1694490889657 -0.37724501001641153 6
1694490889814 0.2658027635471387 7
1694490889974 0.5690406593697703 8
1694490890138 0.7117893736324705 9
1694490890303 0.7789379625993942 10
1694490890457 0.8102116397982542 11
1694490890617 0.8247763030382131 12
1694490890779 0.831495758815038 13
1694490890944 0.8345456235017283 14
1694490891108 0.8359154176421204 15
1694490891267 0.8364702983262049 16
1694490891438 0.8366987767193552 17
1694490891604 0.8367518580500545 18
1694490891756 0.8367410417809257 19
1694490891904 0.8366979684323828 20
1694490892059 0.8366607889063938 21
1694490892215 0.836636897784133 22
1694490892381 0.8366310262903752 23
1694490892538 0.8365979099491145 24
1694490892711 0.8365668050555508 25
1694490892880 0.8365757521296093 26
1694490893026 0.8365634435059539 27
1694490893180 0.8365639718390023 28
