1694491139291 -242.4752058343417 0
1694491139388 -238.85566055008482 1
1694491139488 -235.29006479348084 2
1694491139581 -231.77752502728956 3
1694491139693 -228.31729754893905 4
1694491139793 -224.90847402131135 5
1694491139910 -221.55040269885663 6
1694491140014 -218.24221349522392 7
1694491140124 -214.98344990064035 8
1694491140240 -211.7731047653713 9
1694491140351 -208.61056526424193 10
1694491140468 -205.4951225439706 11
1694491140568 -202.42595979828786 12
1694491140667 -199.40260742216833 13
1694491140771 -196.42429967761578 14
1694491140878 -193.49028373154118 15
1694491140975 -190.59979350387607 16
1694491141081 -187.75237828118438 17
1694491141180 -184.9474551521652 18
1694491141287 -182.1841922187597 19
1694491141385 -179.46212081517297 20
1694491141488 -176.78040762497585 21
1694491141580 -174.13871297652557 22
1694491141689 -171.53645226448344 23
1694491141790 -168.97289740510908 24
1694491141898 -166.44742991796414 25
1694491141988 -163.95949221723916 26
1694491142088 -161.50850173298343 27
1694491142191 -159.09420734727956 28
1694491142294 -156.7157523694749 29
1694491142396 -154.37277966124722 30
1694491142498 -152.0646563945189 31
1694491142604 -149.79079065364442 32
1694491142706 -147.550796584042 33
1694491142808 -145.34415257652438 34
1694491142913 -143.17039203514025 35
1694491143014 -141.02892808329506 36
1694491143120 -138.91935687507348 37
1694491143222 -136.8412007665397 38
1694491143322 -134.7939409644712 39
1694491143412 -132.77711952159646 40
1694491143501 -130.7903363199224 41
1694491143601 -128.83314533158878 42
1694491143701 -126.90506318893719 43
1694491143803 -125.00564226787147 44
1694491143896 -123.134429684329 45
1694491144005 -121.2911657316907 46
1694491144102 -119.47526582590602 47
1694491144205 -117.68645805950727 48
1694491144304 -115.92421852757012 49
