1694509287206 -51.74899972605049 0
1694509287329 -11.245539878350227 1
1694509287450 -2.057493781270799 2
1694509287572 0.07927998705226325 3
1694509287707 0.5985438256705321 4
1694509287838 0.7359276518770363 5
1694509287973 0.7769594815186729 6
1694509288113 0.789858543618472 7
1694509288255 0.7945372761419043 8
1694509288384 0.7975779625820809 9
1694509288510 0.7984276385833571 10
1694509288643 0.7991557826379023 11
1694509288777 0.7981406568360312 12
1694509288908 0.7977612796901837 13
1694509289033 0.7979079233448855 14
1694509289158 0.7989188831089458 15
1694509289287 0.7988391299107378 16
1694509289413 0.7987332084500437 17
1694509289536 0.7987545135643099 18
1694509289664 0.7982519244665229 19
1694509289790 0.7981578165765681 20
1694509289918 0.7998432532281988 21
1694509290042 0.8003475900412165 22
1694509290169 0.7992222934498925 23
1694509290295 0.7983118558638168 24
1694509290418 0.7981016391164333 25
1694509290543 0.7994811692293724 26
1694509290666 0.7996395215013838 27
1694509290796 0.799818184465904 28
1694509290928 0.7993439856981707 29
1694509291054 0.7994945231125861 30
1694509291182 0.7998263344131954 31
1694509291305 0.799586390348249 32
1694509291430 0.7997475880028686 33
1694509291552 0.7988842995220474 34
1694509291678 0.7976087104665259 35
1694509291808 0.7988181254455036 36
1694509291928 0.7984018031000842 37
1694509292051 0.7998406060262055 38
1694509292177 0.7990390797624237 39
1694509292294 0.7994090122868405 40
1694509292412 0.7989203533609563 41
1694509292544 0.7992766319447697 42
1694509292669 0.7990231331362163 43
1694509292792 0.7997462430091216 44
1694509292923 0.7996935228929937 45
1694509293059 0.7986934642857404 46
1694509293192 0.7981894273269339 47
1694509293320 0.7992573186824831 48
1694509293443 0.7986028260213438 49
