1694491088065 -124.90609401045704 0
1694491088204 -63.29888731410702 1
1694491088351 -31.896174222120592 2
1694491088495 -15.881841738582754 3
1694491088645 -7.716411429949355 4
1694491088795 -3.547424632479604 5
1694491088951 -1.4186023872592726 6
1694491089091 -0.33135317080819293 7
1694491089238 0.2247405318774589 8
1694491089384 0.5096934286397083 9
1694491089521 0.6563259745242083 10
1694491089659 0.7320257730791427 11
1694491089803 0.7710460179016179 12
1694491089944 0.7914396552998864 13
1694491090101 0.8022910503906115 14
1694491090252 0.8078994168275596 15
1694491090403 0.810934173172967 16
1694491090556 0.8125977293688652 17
1694491090701 0.8134708771631245 18
1694491090845 0.8139520052559364 19
1694491090999 0.8142393263977199 20
1694491091141 0.8144494595570189 21
1694491091286 0.8145190199659802 22
1694491091430 0.814581306574224 23
1694491091570 0.8146054341436896 24
1694491091713 0.8146052673474135 25
