1694510878090 -232.0439473455829 0
1694510878231 -232.00196586674463 1
1694510878403 -231.9599919101355 2
1694510878591 -231.9180255211261 3
1694510878749 -231.87606669835105 4
1694510878897 -231.8341154404459 5
1694510879049 -231.79217174604634 6
1694510879194 -231.75023561378828 7
1694510879357 -231.708307042308 8
1694510879498 -231.66638603024197 9
1694510879650 -231.6244725762268 10
1694510879805 -231.5825666788995 11
1694510879954 -231.54066833689714 12
1694510880117 -231.49877754885728 13
1694510880277 -231.45689431341765 14
1694510880429 -231.415018629216 15
1694510880604 -231.3731504948906 16
1694510880779 -231.33128990907989 17
1694510880942 -231.28943687042252 18
1694510881102 -231.24759137755737 19
1694510881252 -231.20575342912366 20
1694510881419 -231.16392302376067 21
1694510881560 -231.12210016010818 22
1694510881709 -231.08028483680596 23
1694510881859 -231.03847705249424 24
1694510882020 -230.99667680581334 25
1694510882169 -230.95488409540397 26
1694510882315 -230.9130989199069 27
1694510882467 -230.87132127796335 28
1694510882616 -230.8295511682146 29
1694510882789 -230.78778858930227 30
1694510882948 -230.74603353986828 31
1694510883101 -230.70428601855465 32
1694510883259 -230.66254602400377 33
1694510883414 -230.6208135548582 34
1694510883584 -230.57908860976076 35
1694510883735 -230.53737118735455 36
1694510883906 -230.49566128628294 37
1694510884060 -230.4539589051894 38
1694510884210 -230.41226404271782 39
1694510884359 -230.3705766975123 40
1694510884522 -230.32889686821696 41
1694510884687 -230.2872245534765 42
1694510884847 -230.24555975193573 43
1694510885009 -230.2039024622396 44
1694510885164 -230.1622526830334 45
1694510885316 -230.12061041296263 46
1694510885456 -230.07897565067313 47
1694510885602 -230.03734839481092 48
1694510885751 -229.99572864402217 49
