1694490743406 -245.5490251007058 0
1694490743549 -245.50021653236297 1
1694490743672 -245.45141768071036 2
1694490743820 -245.40262854380893 3
1694490743950 -245.35384911972005 4
1694490744073 -245.30507940650548 5
1694490744211 -245.25631940222743 6
1694490744337 -245.20756910494842 7
1694490744462 -245.1588285127314 8
1694490744589 -245.11008511439843 9
1694490744739 -245.06135142014335 10
1694490744862 -245.01262742802987 11
1694490744990 -244.96391313612182 12
1694490745127 -244.91522104560647 13
1694490745263 -244.86652614578585 14
1694490745422 -244.8178409403657 15
1694490745570 -244.76916542741148 16
1694490745709 -244.7204996049892 17
1694490745866 -244.67185596780138 18
1694490745994 -244.6232095181261 19
1694490746137 -244.5745727531834 20
1694490746295 -244.52594567104074 21
1694490746491 -244.47732826976608 22
1694490746656 -244.42873303758 23
1694490746786 -244.38013498973126 24
1694490746911 -244.3315466169569 25
1694490747049 -244.2829679173264 26
1694490747157 -244.2344113741085 27
1694490747306 -244.18585201246103 28
1694490747412 -244.1373023181685 29
1694490747527 -244.0887622893019 30
1694490747680 -244.0402319239325 31
1694490747821 -243.99172369885179 32
1694490747947 -243.94321265217908 33
1694490748061 -243.89471126322047 34
1694490748207 -243.8462195300489 35
1694490748340 -243.79773745073763 36
1694490748454 -243.7492774956032 37
1694490748589 -243.7008147157214 38
1694490748718 -243.65236158392264 39
1694490748852 -243.60391809828153 40
1694490748991 -243.55548425687343 41
1694490749113 -243.50707252354263 42
1694490749243 -243.4586579623161 43
1694490749375 -243.41025303955098 44
1694490749490 -243.36185775332396 45
1694490749627 -243.31347210171216 46
1694490749760 -243.26510854209033 47
1694490749917 -243.2167421514315 48
1694490750042 -243.16838538962202 49
