1694490743319 168.71344883764885 0
1694490743448 168.68000649173356 1
1694490743589 168.64657080757485 2
1694490743713 168.61314178384274 3
1694490743864 168.57971941920786 4
1694490743989 168.5463037123408 5
1694490744105 168.5128946619127 6
1694490744256 168.47949226659466 7
1694490744380 168.44609652505832 8
1694490744502 168.4127074359755 9
1694490744631 168.37932734349152 10
1694490744778 168.34595389947597 11
1694490744897 168.31258710260195 12
1694490745030 168.27922695154268 13
1694490745164 168.24587109970315 14
1694490745303 168.2125242367708 15
1694490745469 168.1791840156747 16
1694490745609 168.14585043508927 17
1694490745755 168.1125234936892 18
1694490745908 168.07920084593746 19
1694490746039 168.04588717940882 20
1694490746184 168.01258014809093 21
1694490746358 167.97927975065952 22
1694490746539 167.94598598579051 23
1694490746699 167.91269650900418 24
1694490746824 167.87941600576448 25
1694490746952 167.84614213111658 26
1694490747088 167.81287488373758 27
1694490747202 167.77961192015306 28
1694490747345 167.74635792381903 29
1694490747448 167.71311055078644 30
1694490747568 167.67986979973338 31
1694490747718 167.6466356693382 32
1694490747867 167.61340581718187 33
1694490747981 167.58018492461326 34
1694490748105 167.5469706487391 35
1694490748251 167.51376298823882 36
1694490748371 167.480561941792 37
1694490748499 167.44736516803397 38
1694490748624 167.41417734620856 39
1694490748759 167.3809961344771 40
1694490748896 167.34782153152042 41
1694490749024 167.31465353601948 42
1694490749156 167.28148980766292 43
1694490749285 167.24833502359135 44
1694490749416 167.21518684301998 45
1694490749535 167.18204526463077 46
1694490749662 167.14891028710616 47
1694490749804 167.11577957118706 48
1694490749953 167.082657791913 49
