1694490408136 -54.037761923992164 0
1694490408243 -11.787578184752325 1
1694490408349 -2.1905077694984 2
1694490408455 0.042985217051343505 3
1694490408558 0.5886591246097204 4
1694490408658 0.735183481691436 5
1694490408761 0.7769193587038741 6
1694490408864 0.7916567717875165 7
1694490408976 0.7978655289350185 8
1694490409073 0.7992677165208628 9
1694490409162 0.8012937426895377 10
1694490409261 0.8018706429913091 11
1694490409355 0.8022019489512459 12
1694490409460 0.8027897900621834 13
1694490409570 0.8018510967372338 14
1694490409667 0.8024924891236733 15
1694490409775 0.8006812000116863 16
1694490409881 0.8014973234357174 17
1694490409977 0.8001372781245888 18
1694490410083 0.8007364324754292 19
1694490410187 0.8005828629697822 20
1694490410283 0.8007352632875799 21
1694490410386 0.8007588150317726 22
1694490410483 0.8013804098903523 23
1694490410585 0.8007352600584087 24
1694490410685 0.8010656103274828 25
1694490410784 0.8014847876395038 26
1694490410869 0.8024575605578431 27
1694490410961 0.8015452509973154 28
1694490411061 0.8006705763633447 29
1694490411164 0.8002558200768877 30
1694490411250 0.8011148374397782 31
1694490411343 0.8021368311364395 32
1694490411440 0.802083722580938 33
1694490411542 0.8006812492025377 34
1694490411643 0.8011809289528169 35
1694490411744 0.801216719731939 36
1694490411848 0.8002108598782307 37
1694490411956 0.8010604544837672 38
1694490412059 0.8018659015398228 39
1694490412145 0.8013454935588993 40
1694490412245 0.8015127624596144 41
1694490412348 0.8019679889280983 42
1694490412451 0.8018785183878518 43
1694490412560 0.8014134788135372 44
1694490412667 0.8018072049853588 45
1694490412769 0.8014214712381951 46
1694490412872 0.8019529106956801 47
1694490412969 0.8005382846026204 48
1694490413057 0.8009442248255103 49
