1694490408068 39.05084919806833 0
1694490408173 9.916756524984754 1
1694490408283 2.0426022945429323 2
1694490408383 0.5657322930983034 3
1694490408490 0.21816767303880322 4
1694490408593 0.2270704186133214 5
1694490408693 0.12398908384377019 6
1694490408795 0.20704160349984974 7
1694490408900 0.12649942787534896 8
1694490409010 0.16253848710705432 9
1694490409102 0.1462064761113677 10
1694490409194 0.153138539971588 11
1694490409299 0.15969760662582047 12
1694490409389 0.13702513302024774 13
1694490409500 0.17408573519131604 14
1694490409604 0.17885443143707283 15
1694490409703 0.20718787720204226 16
1694490409812 0.16884773095030578 17
1694490409916 0.1245157146215426 18
1694490410013 0.17291982314887908 19
1694490410117 0.11538818538911465 20
1694490410220 0.122449024052077 21
1694490410319 0.17385166510633204 22
1694490410420 0.11821572824466481 23
1694490410520 0.16514836472412653 24
1694490410626 0.1382057417733247 25
1694490410719 0.18071664043449234 26
1694490410814 0.15729699084050908 27
1694490410900 0.16251475190467968 28
1694490410995 0.13677163425928973 29
1694490411097 0.12772008110477256 30
1694490411193 0.16695418164578205 31
1694490411279 0.1749067898695954 32
1694490411374 0.17459678992934438 33
1694490411474 0.1386089181763109 34
1694490411578 0.09532357904722405 35
1694490411678 0.1455879909512023 36
1694490411782 0.06875037244994378 37
1694490411884 0.14585515570100338 38
1694490411993 0.17864034452409924 39
1694490412088 0.1111481359242119 40
1694490412177 0.17846763606472085 41
1694490412279 0.15136599026528816 42
1694490412385 0.11815259161107164 43
1694490412485 0.08017982640698353 44
1694490412596 0.16430930810372404 45
1694490412702 0.15082409783765113 46
1694490412803 0.12051426314660996 47
1694490412906 0.13947110492644874 48
1694490413000 0.20621425079652225 49
