1694491126727 -200.08613745686475 0
1694491126830 -172.04775640438805 1
1694491126940 -147.9215356552999 2
1694491127034 -127.1625209062434 3
1694491127126 -109.30044049162674 4
1694491127229 -93.9311187089608 5
1694491127331 -80.70599507121089 6
1694491127433 -69.32692647810751 7
1694491127540 -59.53561087063513 8
1694491127649 -51.109881523611335 9
1694491127755 -43.860283089083794 10
1694491127844 -37.62224654831935 11
1694491127931 -32.2547249368155 12
1694491128016 -27.636201167549732 13
1694491128118 -23.662027870310144 14
1694491128228 -20.242166638887902 15
1694491128335 -17.299570468057052 16
1694491128442 -14.767584663476066 17
1694491128544 -12.58886146589347 18
1694491128646 -10.714100968409827 19
1694491128748 -9.10094954449923 20
1694491128859 -7.713030486376814 21
1694491128951 -6.518646604587842 22
1694491129053 -5.4910481913378195 23
1694491129155 -4.6068634260562416 24
1694491129259 -3.8461805443446355 25
1694491129356 -3.19165764109239 26
1694491129459 -2.6285201813749297 27
1694491129561 -2.1439134942361613 28
1694491129664 -1.7269768294257135 29
1694491129759 -1.3682511859961983 30
1694491129856 -1.0596929392838317 31
1694491129960 -0.7942375265308868 32
1694491130063 -0.5658332799409591 33
1694491130160 -0.3693064555275869 34
1694491130258 -0.20022777087881716 35
1694491130349 -0.05478049001316587 36
1694491130447 0.07030877127553814 37
1694491130549 0.1779338022154089 38
1694491130654 0.27046807516185634 39
1694491130757 0.35004757812455645 40
1694491130861 0.41850794961822535 41
1694491130962 0.4773996001241011 42
1694491131075 0.5280387952059603 43
1694491131173 0.5715771193312835 44
1694491131279 0.609025005290919 45
1694491131384 0.6412160382939719 46
1694491131482 0.6688855346497091 47
1694491131569 0.692685483978138 48
1694491131667 0.713124877158205 49
