1694491126650 144.5045557897215 0
1694491126764 122.08475293512437 1
1694491126870 109.24366256578645 2
1694491126978 92.27695074481446 3
1694491127070 79.16962402731517 4
1694491127163 68.26892306458787 5
1694491127263 59.80570304177394 6
1694491127366 51.397643891410965 7
1694491127468 44.27875611789863 8
1694491127580 38.54671770770263 9
1694491127683 32.31581507694699 10
1694491127787 28.243883714974494 11
1694491127873 24.29772400446537 12
1694491127960 20.29431301292136 13
1694491128051 17.18225233019707 14
1694491128155 15.609549569840976 15
1694491128263 13.302001695092288 16
1694491128370 12.060164064365564 17
1694491128477 9.602295815121568 18
1694491128578 8.633060946204376 19
1694491128680 7.484252848684082 20
1694491128786 5.669628272652694 21
1694491128893 5.71382684536195 22
1694491128985 5.1365898910043555 23
1694491129087 3.6641039338300487 24
1694491129191 3.519927860944714 25
1694491129293 3.0156810971427355 26
1694491129393 2.3840136007002313 27
1694491129494 2.472087002113961 28
1694491129592 2.037428367565704 29
1694491129697 2.0982033529910864 30
1694491129789 1.5203104334129354 31
1694491129891 1.1794201241037152 32
1694491129995 1.017347012165837 33
1694491130093 0.8924724445294665 34
1694491130189 0.890737013013377 35
1694491130289 0.9185941213264178 36
1694491130378 0.623395368753815 37
1694491130481 0.7163560373169022 38
1694491130585 0.5467964599722616 39
1694491130690 0.38152003780733285 40
1694491130793 0.33967810965898587 41
1694491130897 0.3753812305608813 42
1694491131001 0.38823796085158924 43
1694491131111 0.3505265305610125 44
1694491131209 0.2440481524349614 45
1694491131314 0.23411962188285707 46
1694491131419 0.22526592846466006 47
1694491131512 0.21291816891620866 48
1694491131600 0.23996412300112308 49
