1694489894186 169.34901212942756 0
1694489894322 169.31513570535824 1
1694489894466 169.28465389345948 2
1694489894647 169.25417808330266 3
1694489894788 169.22370831435023 4
1694489894914 169.19324458535405 5
1694489895047 169.16278689506703 6
1694489895177 169.13233524224208 7
1694489895309 169.10188962563245 8
1694489895431 169.07145004399177 9
1694489895564 169.04101649607387 10
1694489895681 169.01058898063272 11
1694489895803 168.9801674964227 12
1694489895926 168.94975204219844 13
1694489896062 168.9193426167148 14
1694489896200 168.8889392187269 15
1694489896326 168.85854184699005 16
1694489896460 168.82815050026 17
1694489896585 168.79776517729263 18
1694489896725 168.76738587684406 19
1694489896851 168.73701259767083 20
1694489896977 168.70664533852957 21
1694489897100 168.67628409817726 22
1694489897225 168.6459288753712 23
1694489897374 168.61557966886875 24
1694489897504 168.58523647742774 25
1694489897641 168.55489929980618 26
1694489897777 168.52456813476226 27
1694489897901 168.4942429810547 28
1694489898020 168.46392383744217 29
1694489898159 168.43361070268375 30
1694489898285 168.40330357553873 31
1694489898419 168.37300245476683 32
1694489898535 168.34270733912777 33
1694489898671 168.31241822738173 34
1694489898806 168.28213511828906 35
1694489898934 168.2518580106104 36
1694489899048 168.2215869031066 37
1694489899193 168.19132179453896 38
1694489899320 168.16106268366875 39
1694489899447 168.13080956925774 40
1694489899587 168.10056245006783 41
1694489899734 168.07032132486123 42
1694489899874 168.04008619240042 43
1694489899997 168.00985705144814 44
1694489900116 167.9796339007674 45
1694489900248 167.94941673912138 46
1694489900371 167.91920556527367 47
1694489900523 167.88900037798797 48
1694489900652 167.8588011760284 49
