1694489435846 -5.729539552227555 0
1694489435987 -6.575542556216081 1
1694489436134 -5.7397063039988945 2
1694489436284 -5.818740510974283 3
1694489436431 -5.859655738806704 4
1694489436567 -5.87485180300404 5
1694489436713 -6.052093266548161 6
1694489436852 -5.94311691554054 7
1694489436990 -6.196018902595567 8
1694489437120 -6.250932636665703 9
1694489437268 -5.83696995388418 10
1694489437411 -5.87234967882462 11
1694489437558 -6.345191587120658 12
1694489437701 -6.651952745353285 13
1694489437844 -5.702959865238514 14
1694489437986 -5.782230497097556 15
1694489438126 -6.05917722700019 16
1694489438273 -5.713668577781708 17
1694489438425 -6.10813741114199 18
1694489438570 -5.995166309959876 19
1694489438706 -6.029055273701761 20
1694489438850 -5.566955377469297 21
1694489438983 -5.8383978875036755 22
1694489439126 -5.649409098332528 23
1694489439268 -6.01554200079686 24
1694489439411 -6.0475945218341165 25
1694489439561 -5.979919442777961 26
1694489439703 -5.794188023810873 27
1694489439843 -5.9890927895234585 28
1694489439987 -6.337773669869361 29
1694489440125 -5.903946797585232 30
1694489440257 -6.022113307051027 31
1694489440397 -6.507045980877655 32
1694489440529 -5.886823429583097 33
1694489440664 -5.785888344742258 34
1694489440805 -6.750547668482535 35
1694489440944 -6.337657864332568 36
1694489441076 -5.9410013834498425 37
1694489441224 -5.83447792973707 38
1694489441366 -6.0196109661304895 39
1694489441508 -5.755317952841165 40
1694489441660 -6.264596056409045 41
1694489441805 -5.688901392358886 42
1694489441952 -6.191051965570424 43
1694489442091 -5.791495291574321 44
1694489442230 -6.08490756231551 45
1694489442359 -6.11180613337398 46
1694489442491 -6.1112975191511305 47
1694489442627 -6.221597561383431 48
1694489442765 -6.082380329109725 49
