1694489435786 5.006671294994778 0
1694489435920 5.8428503594743155 1
1694489436064 9.81789272576521 2
1694489436214 3.470976299667212 3
1694489436363 4.776894910989431 4
1694489436507 4.206588005074495 5
1694489436647 5.625451440024242 6
1694489436790 4.638854098727628 7
1694489436924 2.5042574645180977 8
1694489437064 3.8942881225543915 9
1694489437201 3.478632455955842 10
1694489437350 4.810041334268194 11
1694489437491 5.681294635992935 12
1694489437636 5.0128905489171025 13
1694489437779 8.399384985595303 14
1694489437922 3.2517120956607246 15
1694489438062 3.1423506504471748 16
1694489438207 4.797934427862891 17
1694489438357 2.879961909563505 18
1694489438508 7.189169748825666 19
1694489438649 2.216127447786682 20
1694489438784 2.3897743602030825 21
1694489438926 1.5051368541866763 22
1694489439060 6.395620744688919 23
1694489439205 4.395954281227517 24
1694489439344 4.659230358601976 25
1694489439492 6.546698699980886 26
1694489439639 4.36698436324532 27
1694489439779 5.147087773140859 28
1694489439921 6.103590888602878 29
1694489440063 5.172713143218097 30
1694489440199 6.349278581179126 31
1694489440334 4.85327534392767 32
1694489440473 5.838153906522672 33
1694489440608 3.3303600162936204 34
1694489440740 1.5077484312244926 35
1694489440882 3.2803575092970885 36
1694489441020 16.11284863526221 37
1694489441158 5.036308104622109 38
1694489441299 5.269519032354345 39
1694489441442 4.592908436141413 40
1694489441587 4.5881037092908326 41
1694489441740 4.833101870252785 42
1694489441887 6.351167827464948 43
1694489442031 4.823642401615362 44
1694489442170 6.086181986193085 45
1694489442305 6.953311063045967 46
1694489442435 5.189807749252607 47
1694489442570 4.526727212471509 48
1694489442699 3.5498910127538217 49
