1694510153548 0.8034649394251226 0
1694510153745 0.8098878513444756 1
1694510153945 0.8156409646050635 2
1694510154193 0.8066425471360008 3
1694510154399 0.8101429416911007 4
1694510154600 0.8083780643369282 5
1694510154957 0.8072549545262632 6
1694510155195 0.8137960035108883 7
1694510155365 0.815875112204022 8
1694510155544 0.8011570758712323 9
1694510155719 0.8138180094077535 10
1694510155885 0.8132102418020828 11
1694510156070 0.8104032394742744 12
1694510156237 0.8137933411964042 13
1694510156436 0.8077690370017983 14
1694510156647 0.8143241832997422 15
1694510156846 0.805027669343165 16
1694510157031 0.8106574531986653 17
1694510157234 0.808273118383285 18
1694510157432 0.8067982555547216 19
1694510157613 0.8138130927352203 20
1694510157789 0.8125567533982707 21
1694510157977 0.808743569299224 22
1694510158144 0.8145740103021363 23
1694510158312 0.8142684485686278 24
1694510158514 0.8147802780126788 25
1694510158692 0.8123736803513133 26
1694510158874 0.8113163979294118 27
1694510159062 0.8091398950693596 28
1694510159234 0.8048933331390427 29
1694510159433 0.8125827148070982 30
1694510159631 0.8082653764541095 31
1694510159803 0.8147028875721603 32
1694510159972 0.8155078060691251 33
1694510160144 0.8083961781936528 34
1694510160320 0.8162813601915964 35
1694510160502 0.8142796591602792 36
1694510160686 0.8017516120003267 37
1694510160877 0.8023673654659476 38
1694510161074 0.8110605599956524 39
1694510161269 0.8123379721785298 40
1694510161444 0.8119701599994387 41
1694510161626 0.8112101699341786 42
1694510161796 0.799183635522627 43
1694510161976 0.8093128432043993 44
1694510162163 0.8081174951421927 45
1694510162339 0.8150272988157026 46
1694510162526 0.815074369850131 47
1694510162700 0.8108990837139002 48
1694510162870 0.8136410839721785 49
