1694510153468 0.03865637382293192 0
1694510153665 0.389618344520685 1
1694510153864 0.20742615633070224 2
1694510154114 0.0028617765806492933 3
1694510154312 0.07985387417906788 4
1694510154519 4.728652813034525e-06 5
1694510154866 0.013783136268967646 6
1694510155107 0.09046026116649547 7
1694510155278 0.10402361523193872 8
1694510155461 0.0031570980561411222 9
1694510155633 0.12640836966230604 10
1694510155802 3.4203560053210985e-05 11
1694510155985 0.007430492595816816 12
1694510156154 0.009529556340682113 13
1694510156351 0.13140520385759688 14
1694510156546 0.16386557343331595 15
1694510156753 0.10106218952038022 16
1694510156947 0.31727748529294564 17
1694510157148 0.0002729930865788223 18
1694510157340 1.027034831421658 19
1694510157521 0.019585793909473244 20
1694510157705 0.14558579887043982 21
1694510157895 0.1845197567568367 22
1694510158061 0.004650185235185257 23
1694510158229 0.1769987792420897 24
1694510158429 0.03620949781556946 25
1694510158599 0.2855260270214374 26
1694510158786 0.0002715698127169274 27
1694510158978 0.18196080417294316 28
1694510159150 0.11502430496967794 29
1694510159341 0.4004137053679625 30
1694510159539 0.03443451554077477 31
1694510159716 0.9897961448304471 32
1694510159888 0.061303325482300754 33
1694510160059 0.3029152182082672 34
1694510160231 0.32779621001722975 35
1694510160406 0.021220542986774664 36
1694510160596 0.007416808472597058 37
1694510160781 0.007408158839049599 38
1694510160986 0.3101105052806389 39
1694510161181 0.021913928352258125 40
1694510161359 0.0005105699794785672 41
1694510161533 0.026187890761894702 42
1694510161712 0.12298686320848365 43
1694510161892 0.1747118791048678 44
1694510162079 0.13856215413431022 45
1694510162252 0.2093755962745625 46
1694510162438 0.04153210513388863 47
1694510162617 6.180147133760855e-05 48
1694510162787 0.007445857565806294 49
