1694251922235 28059.490291262136 0
1694251922403 22506.30692981727 1
1694251922575 18427.043140299378 2
1694251922736 15286.132591327108 3
1694251922903 12814.834531026081 4
1694251923117 10850.668952417474 5
1694251923286 9281.48101946403 6
1694251923465 8024.319219873249 7
1694251923634 7015.29401797935 8
1694251923816 6204.363554003281 9
1694251923989 5551.711150811786 10
1694251924167 5025.789460148149 11
1694251924328 4601.458851687164 12
1694251924528 4258.65396030568 13
1694251924700 3981.3406556908876 14
1694251924895 3756.693344259507 15
1694251925062 3574.4433806039633 16
1694251925211 3426.3618394171467 17
1694251925357 3305.848358127575 18
1694251925502 3207.603952064136 19
1694251925710 3127.3704190509234 20
1694251925876 3061.722610567417 21
1694251926044 3007.9027141868237 22
1694251926252 2963.687948875181 23
1694251926423 2927.2848554014595 24
1694251926567 2897.244771259992 25
1694251926740 2872.3961927666423 26
1694251926920 2851.7906085755985 27
1694251927098 2834.6590875800116 28
1694251927272 2820.3774583801714 29
1694251927459 2808.4383574440744 30
1694251927648 2798.428772569161 31
1694251927834 2790.0119860796767 32
1694251928020 2782.9130432105226 33
1694251928182 2776.9070470739116 34
1694251928359 2771.809721766897 35
1694251928581 2767.469796909231 36
1694251928750 2763.7628560287467 37
1694251928922 2760.58636235579 38
1694251929080 2757.855632415503 39
1694251929284 2755.5005732282702 40
1694251929455 2753.463035257734 41
1694251929619 2751.694662321923 42
1694251929780 2750.1551429698407 43
1694251929961 2748.8107864885847 44
1694251930132 2747.633361673057 45
1694251930279 2746.5991485018244 46
1694251930470 2745.6881625088217 47
1694251930635 2744.883519392857 48
1694251930795 2744.1709136414565 49
1694251930979 2743.538189963331 50
1694251931142 2742.9749903652173 51
1694251931327 2742.472462966438 52
1694251931533 2742.02302127243 53
1694251931733 2741.620144750032 54
1694251931919 2741.2582132616926 55
1694251932098 2740.932369302059 56
1694251932265 2740.63840310265 57
1694251932441 2740.3726565794923 58
1694251932600 2740.1319428359375 59
1694251932795 2739.9134785314136 60
1694251932954 2739.7148269132813 61
1694251933123 2739.5338497046587 62
1694251933302 2739.368666363316 63
1694251933504 2739.2176194895637 64
1694251933694 2739.079245375518 65
1694251933904 2738.9522488635707 66
1694251934079 2738.8354818253747 67
1694251934238 2738.727924690356 68
1694251934422 2738.6286705493726 69
1694251934600 2738.5369114385344 70
1694251934760 2738.4519264736277 71
1694251934937 2738.3730715595398 72
1694251935098 2738.299770443667 73
1694251935244 2738.2315069191923 74
1694251935412 2738.167818014755 75
1694251935587 2738.108288032483 76
1694251935747 2738.0525433175217 77
1694251935974 2738.00024765992 78
1694251936132 2737.951098244514 79
1694251936317 2737.9048220768336 80
1694251936461 2737.861172823506 81
1694251936630 2737.8199280143895 82
1694251936799 2737.780886561081 83
1694251936960 2737.743866552729 84
1694251937133 2737.7087032953714 85
1694251937290 2737.675247565576 86
1694251937470 2737.6433640530063 87
1694251937637 2737.6129299698273 88
1694251937800 2737.5838338076956 89
1694251938000 2737.555974225528 90
1694251938157 2737.529259053291 91
1694251938314 2737.5036043989003 92
1694251938504 2737.4789338468627 93
1694251938691 2737.45517773864 94
1694251938870 2737.4322725259203 95
1694251939031 2737.4101601889683 96
1694251939182 2737.3887877131783 97
1694251939359 2737.368106617659 98
1694251939518 2737.348072530461 99
1694251939736 2737.3286448055806 100
1694251939901 2737.3097861774445 101
1694251940078 2737.291462449055 102
1694251940262 2737.2736422103576 103
1694251940447 2737.2562965837888 104
1694251940591 2737.2393989942693 105
1694251940763 2737.2229249612024 106
1694251940951 2737.206851910279 107
1694251941138 2737.19115900316 108
1694251941290 2737.1758269832244 109
1694251941467 2737.16083803587 110
1694251941652 2737.146175661885 111
1694251941808 2737.13182456267 112
1694251941964 2737.117770536125 113
1694251942112 2737.1040003822045 114
1694251942275 2737.0905018171716 115
1694251942479 2737.0772633957686 116
1694251942650 2737.0642744404945 117
1694251942867 2737.051524977354 118
1694251943023 2737.0390056774454 119
1694251943192 2737.0267078038323 120
1694251943360 2737.014623163217 121
1694251943522 2737.0027440619483 122
1694251943698 2736.9910632659594 123
1694251943869 2736.9795739642855 124
1694251944050 2736.9682697358044 125
1694251944212 2736.957144518913 126
1694251944394 2736.9461925838723 127
1694251944552 2736.935408507563 128
1694251944734 2736.9247871504394 129
1694251944902 2736.914323635469 130
1694251945085 2736.904013328895 131
1694251945232 2736.893851822634 132
1694251945368 2736.8838349181738 133
1694251945545 2736.873958611832 134
1694251945730 2736.86421908125 135
1694251945940 2736.8546126730157 136
1694251946141 2736.845135891312 137
1694251946316 2736.8357853874963 138
1694251946459 2736.826557950529 139
1694251946621 2736.8174504981844 140
1694251946844 2736.8084600689626 141
1694251947014 2736.799583814644 142
1694251947188 2736.790818993438 143
1694251947385 2736.78216296366 144
1694251947529 2736.773613177911 145
1694251947685 2736.765167177689 146
1694251947867 2736.7568225884174 147
1694251948056 2736.748577114858 148
1694251948240 2736.74042853684 149
1694251948398 2736.7323747053297 150
1694251948594 2736.7244135387664 151
1694251948750 2736.716543019673 152
1694251948926 2736.708761191504 153
1694251949072 2736.70106615571 154
1694251949224 2736.6934560690092 155
1694251949378 2736.685929140848 156
1694251949559 2736.678483631022 157
1694251949732 2736.6711178474657 158
1694251949921 2736.663830144175 159
1694251950069 2736.6566189192754 160
1694251950244 2736.649482613202 161
1694251950408 2736.642419706998 162
1694251950566 2736.6354287207164 163
1694251950736 2736.6285082119125 164
1694251950891 2736.621656774236 165
1694251951056 2736.614873036095 166
1694251951259 2736.6081556594027 167
1694251951441 2736.601503338385 168
1694251951613 2736.5949147984643 169
1694251951806 2736.5883887952036 170
1694251952023 2736.5819241132913 171
1694251952181 2736.575519565593 172
1694251952387 2736.5691739922527 173
1694251952567 2736.562886259826 174
1694251952752 2736.5566552604646 175
1694251952913 2736.5504799111445 176
1694251953100 2736.544359152914 177
1694251953274 2736.538291950196 178
1694251953436 2736.5322772901045 179
1694251953607 2736.5263141818045 180
1694251953779 2736.5204016558896 181
1694251953965 2736.514538763794 182
1694251954134 2736.508724577224 183
1694251954307 2736.5029581876124 184
1694251954481 2736.497238705599 185
1694251954647 2736.491565260527 186
1694251954824 2736.4859369999617 187
1694251954996 2736.4803530892223 188
1694251955170 2736.474812710941 189
1694251955369 2736.469315064628 190
1694251955541 2736.463859366256 191
1694251955742 2736.45844484786 192
1694251955906 2736.45307075715 193
1694251956081 2736.447736357136 194
1694251956268 2736.442440925767 195
1694251956430 2736.4371837555823 196
1694251956599 2736.4319641533675 197
1694251956791 2736.426781439835 198
1694251956970 2736.4216349492967 199
1694251957136 2736.416524029364 200
1694251957295 2736.411448040642 201
1694251957473 2736.4064063564456 202
1694251957660 2736.4013983625127 203
1694251957859 2736.396423456736 204
1694251958035 2736.391481048891 205
1694251958178 2736.386570560385 206
