1694489751112 -230.04278388525626 0
1694489751199 -226.94801950495514 1
1694489751284 -223.89854565614706 2
1694489751384 -220.89401998448628 3
1694489751483 -217.9339230701941 4
1694489751576 -215.01718408556354 5
1694489751675 -212.14363427184293 6
1694489751777 -209.31199405913 7
1694489751876 -206.52224659809437 8
1694489751970 -203.77317463809968 9
1694489752058 -201.06448082765482 10
1694489752157 -198.39566585216616 11
1694489752250 -195.76588285405685 12
1694489752352 -193.17450641702115 13
1694489752454 -190.62103140646855 14
1694489752554 -188.10493076011514 15
1694489752653 -185.62574071738314 16
1694489752767 -183.18278146013867 17
1694489752858 -180.775331212496 18
1694489752953 -178.40294631915364 19
1694489753055 -176.06517157732708 20
1694489753159 -173.76155852571497 21
1694489753253 -171.4913667413921 22
1694489753343 -169.25416172385007 23
1694489753443 -167.04958977275115 24
1694489753545 -164.87707881785036 25
1694489753645 -162.7358200184481 26
1694489753747 -160.62587637072943 27
1694489753839 -158.54646002354824 28
1694489753931 -156.49718389459312 29
1694489754032 -154.47758993502362 30
1694489754136 -152.48707219996956 31
1694489754235 -150.52538806319276 32
1694489754319 -148.5919216800996 33
1694489754413 -146.68660653328317 34
1694489754513 -144.80858966951277 35
1694489754614 -142.95759349402968 36
1694489754714 -141.13322438355357 37
1694489754816 -139.33491416353482 38
1694489754925 -137.56286331818154 39
1694489755030 -135.81604403499742 40
1694489755134 -134.09416254774993 41
1694489755238 -132.39716892981951 42
1694489755338 -130.72433192409616 43
1694489755427 -129.07568028563745 44
1694489755524 -127.45054899515202 45
1694489755619 -125.84860557663617 46
1694489755718 -124.26959600696209 47
1694489755817 -122.71302101087599 48
1694489755917 -121.17853528342143 49
