1694508519457 -232.20599819499705 0
1694508519635 -231.73953758352187 1
1694508519820 -231.27410401338236 2
1694508520002 -230.80969512936477 3
1694508520189 -230.34630858178033 4
1694508520349 -229.8839420264519 5
1694508520508 -229.42259312470128 6
1694508520666 -228.96225954333602 7
1694508520818 -228.50293895463625 8
1694508520991 -228.0446290363419 9
1694508521152 -227.58732747163953 10
1694508521295 -227.13103194914967 11
1694508521439 -226.67574016291363 12
1694508521623 -226.22144981238077 13
1694508521789 -225.76815860239566 14
1694508521964 -225.3158642431852 15
1694508522132 -224.86456445034594 16
1694508522315 -224.41425694483135 17
1694508522490 -223.9649394529389 18
1694508522667 -223.51660970629766 19
1694508522844 -223.06926544185532 20
1694508523018 -222.6229044018659 21
1694508523202 -222.17752433387687 22
1694508523376 -221.73312299071682 23
1694508523546 -221.28969813048266 24
1694508523704 -220.8472475165274 25
1694508523871 -220.40576891744746 26
1694508524026 -219.96526010707035 27
1694508524203 -219.5257188644421 28
1694508524371 -219.08714297381505 29
1694508524558 -218.64953022463544 30
1694508524719 -218.212878411531 31
1694508524874 -217.77718533429862 32
1694508525028 -217.34244879789242 33
1694508525200 -216.90866661241108 34
1694508525374 -216.47583659308575 35
1694508525533 -216.0439565602681 36
1694508525705 -215.6130243394179 37
1694508525877 -215.18303776109093 38
1694508526064 -214.75399466092705 39
1694508526217 -214.325892879638 40
1694508526366 -213.89873026299531 41
1694508526520 -213.47250466181856 42
1694508526698 -213.047213931963 43
1694508526866 -212.62285593430792 44
1694508527011 -212.19942853474473 45
1694508527199 -211.7769296041646 46
1694508527363 -211.35535701844742 47
1694508527517 -210.93470865844918 48
1694508527673 -210.51498240999058 49
