1694508519355 169.42810631986347 0
1694508519507 169.08916366678721 1
1694508519683 168.75096747194107 2
1694508519859 168.41351602307856 3
1694508520051 168.07680761197096 4
1694508520231 167.74084053439796 5
1694508520398 167.4056130901378 6
1694508520557 167.0711235829581 7
1694508520708 166.73737032060637 8
1694508520871 166.40435161480025 9
1694508521043 166.07206578121853 10
1694508521191 165.74051113949136 11
1694508521343 165.40968601319102 12
1694508521488 165.07958872982255 13
1694508521677 164.75021762081445 14
1694508521849 164.42157102150932 15
1694508522021 164.09364727115454 16
1694508522191 163.766444712893 17
1694508522367 163.4399616937539 18
1694508522541 163.11419656464352 19
1694508522716 162.78914768033587 20
1694508522902 162.46481339946382 21
1694508523086 162.1411920845095 22
1694508523252 161.8182821017956 23
1694508523418 161.49608182147597 24
1694508523587 161.17458961752644 25
1694508523748 160.8538038677362 26
1694508523926 160.53372295369826 27
1694508524085 160.21434526080063 28
1694508524244 159.89566917821733 29
1694508524420 159.57769309889926 30
1694508524607 159.26041541956545 31
1694508524768 158.94383454069398 32
1694508524925 158.62794886651295 33
1694508525083 158.3127568049918 34
1694508525251 157.99825676783232 35
1694508525423 157.68444717045972 36
1694508525580 157.37132643201392 37
1694508525759 157.05889297534065 38
1694508525930 156.7471452269827 39
1694508526114 156.43608161717108 40
1694508526258 156.12570057981634 41
1694508526416 155.81600055249973 42
1694508526563 155.50697997646466 43
1694508526746 155.19863729660776 44
1694508526914 154.89097096147052 45
1694508527068 154.58397942323035 46
1694508527251 154.277661137692 47
1694508527408 153.97201456427925 48
1694508527567 153.66703816602583 49
