1694509214020 -55.003647064334466 0
1694509214152 -12.080201408284614 1
1694509214296 -2.3162424845389666 2
1694509214436 -0.021183202242888832 3
1694509214559 0.5500758151994183 4
1694509214678 0.7032518499603247 5
1694509214808 0.7515200442736385 6
1694509214929 0.7691219120083927 7
1694509215050 0.7760426256637107 8
1694509215174 0.7783129336751351 9
1694509215298 0.7792360057419458 10
1694509215424 0.7798947764902436 11
1694509215548 0.7801068910322486 12
1694509215676 0.7798622692883662 13
1694509215794 0.781014136103469 14
1694509215917 0.780749731070903 15
1694509216033 0.7808804094028611 16
1694509216172 0.7811780661047104 17
1694509216301 0.7811779366575854 18
