1694509213922 38.03428931032747 0
1694509214069 9.264369523296322 1
1694509214195 2.3400105644156843 2
1694509214342 0.7491394444766929 3
1694509214479 0.27724888615202464 4
1694509214600 0.15968076616900798 5
1694509214716 0.18901114705258001 6
1694509214847 0.14534706182352056 7
1694509214970 0.132273973915058 8
1694509215090 0.1413190835583186 9
1694509215215 0.09501074356312013 10
1694509215343 0.13177198224190767 11
1694509215469 0.13931517526342088 12
1694509215589 0.09746661151144852 13
1694509215716 0.13851547457044264 14
1694509215837 0.17828062660423835 15
1694509215957 0.11980441245810854 16
1694509216075 0.1248107384625043 17
1694509216217 0.14708751070545023 18
