1694508846959 0.6004943614939688 0
1694508847189 0.002399075449177128 1
1694508847390 0.06711598819292981 2
1694508847559 0.012906545499965944 3
1694508847728 0.04296753636920475 4
1694508847900 0.1328757684697851 5
1694508848063 0.06528726658012221 6
1694508848242 0.2455631931827121 7
1694508848418 0.0999536264550928 8
1694508848606 0.05722926765062216 9
1694508848788 0.01388851750577368 10
1694508848963 0.008334185650449188 11
1694508849170 0.018702171099538516 12
1694508849357 0.3123785941030649 13
1694508849544 0.005270356025361417 14
1694508849730 7.413755843652581e-05 15
1694508849917 0.25423657908733466 16
1694508850097 0.46865687751121093 17
1694508850262 0.0029545830147724335 18
1694508850425 0.2639861184684971 19
1694508850594 0.021714022947264603 20
1694508850778 0.06010953472166474 21
1694508850972 0.0054107741091678815 22
1694508851157 0.03385208898667208 23
1694508851331 0.0010473245218049218 24
1694508851512 0.05125065798110485 25
1694508851677 0.0016582389344627232 26
1694508851846 0.10126048980167567 27
1694508852025 0.03680712439449742 28
1694508852207 0.17696078275075958 29
1694508852390 0.047350369291508036 30
1694508852553 0.045416085941512266 31
1694508852717 0.6822004283406867 32
1694508852891 0.04524400202666662 33
1694508853063 0.4096002424738434 34
1694508853235 0.101009387726523 35
1694508853416 0.17418817442816426 36
1694508853606 0.1975605401746747 37
1694508853799 0.02585390247330716 38
1694508853976 0.029401245213803037 39
1694508854149 0.1948999609561052 40
1694508854318 0.04768735820215511 41
1694508854495 0.0014098947600311015 42
1694508854661 0.030539731032444253 43
1694508854843 0.09067251957943881 44
1694508855006 0.03715255414266664 45
1694508855173 0.9202101570564104 46
1694508855352 0.0876250511077189 47
1694508855540 0.006275068068570669 48
1694508855743 0.27772597694361 49
