1694510287379 -229.19156967512816 0
1694510287510 -225.76157047904587 1
1694510287631 -222.38279533941184 2
1694510287755 -219.05430608965963 3
1694510287877 -215.77545315471536 4
1694510288006 -212.5454519913911 5
1694510288128 -209.3636383953223 6
1694510288254 -206.22932378209157 7
1694510288374 -203.14172885122474 8
1694510288494 -200.100264738203 9
1694510288618 -197.10413739262736 10
1694510288738 -194.15266412474202 11
1694510288869 -191.24521482188962 12
1694510288994 -188.3811448023433 13
1694510289117 -185.55972030424 14
1694510289246 -182.78046785525203 15
1694510289368 -180.04254247775506 16
1694510289492 -177.3455575960921 17
1694510289626 -174.688827048825 18
1694510289769 -172.07171720011564 19
1694510289911 -169.49354139226298 20
1694510290042 -166.9537488502693 21
1694510290172 -164.45193479974245 22
1694510290307 -161.98741337519914 23
1694510290453 -159.55968367956552 24
1694510290598 -157.1680410723064 25
1694510290737 -154.81211908015504 26
1694510290879 -152.49122975134017 27
1694510291009 -150.2049654849031 28
1694510291140 -147.95288960936853 29
1694510291272 -145.73435318903813 30
1694510291413 -143.54895322074785 31
1694510291555 -141.39611952493084 32
1694510291695 -139.27534795217153 33
1694510291847 -137.18622598621386 34
1694510291989 -135.12822755024547 35
1694510292130 -133.10092173516537 36
1694510292268 -131.10380958136113 37
1694510292415 -129.13653468066468 38
1694510292553 -127.19858102727329 39
1694510292693 -125.28954839673527 40
1694510292834 -123.40886843078374 41
1694510292974 -121.55628029086056 42
1694510293110 -119.73142502722244 43
1694510293256 -117.93374458856644 44
1694510293401 -116.16281401812017 45
1694510293558 -114.41832248554132 46
1694510293712 -112.69985522500681 47
1694510293867 -111.00696925371669 48
1694510294017 -109.33932721232992 49
