1694510287291 169.4669032869983 0
1694510287424 165.48166176428532 1
1694510287551 159.31317477316708 2
1694510287673 163.5154479651348 3
1694510287795 160.49856224423934 4
1694510287920 159.4255711004983 5
1694510288049 156.10053263157542 6
1694510288171 151.67671985168457 7
1694510288294 149.9827773638829 8
1694510288414 144.2578672433415 9
1694510288537 143.15516591719282 10
1694510288659 141.84662161954594 11
1694510288787 138.5962076534323 12
1694510288913 136.60198306170412 13
1694510289036 136.98868643620557 14
1694510289159 131.12828334826818 15
1694510289287 134.59623552453547 16
1694510289410 126.06064751083768 17
1694510289538 122.98372356347738 18
1694510289672 121.04629644429036 19
1694510289818 123.3644917152693 20
1694510289957 123.92383001355401 21
1694510290085 117.2227721884958 22
1694510290217 116.89922130581046 23
1694510290354 113.0347928637092 24
1694510290499 116.4849761546288 25
1694510290648 112.2695957093509 26
1694510290788 115.00569939518836 27
1694510290925 112.8645884165355 28
1694510291055 107.12025728082547 29
1694510291183 107.80685722174297 30
1694510291323 101.94799405281042 31
1694510291464 102.60352145909485 32
1694510291602 102.54950246407356 33
1694510291748 100.2322727002769 34
1694510291895 99.29854850432163 35
1694510292037 98.37371612969174 36
1694510292177 99.1671007940425 37
1694510292315 93.41471300796819 38
1694510292460 93.09886267736802 39
1694510292599 90.92949844444756 40
1694510292738 94.8609628905594 41
1694510292883 90.2588365670394 42
1694510293021 84.90342092665857 43
1694510293156 85.1926821625969 44
1694510293303 86.36036913015056 45
1694510293455 83.42066171976433 46
1694510293613 80.76941479363632 47
1694510293767 81.75561081833425 48
1694510293918 80.18963328477162 49
