1694510499497 169.44182748110873 0
1694510499624 166.04320808105948 1
1694510499760 162.51465131868315 2
1694510499891 160.8967874060917 3
1694510500018 154.08110936116285 4
1694510500151 157.97981230430213 5
1694510500279 155.87566435182998 6
1694510500406 156.57470401214184 7
1694510500534 147.43683265605586 8
1694510500661 145.0251187427744 9
1694510500790 145.26015732687037 10
1694510500930 137.10435239518645 11
1694510501061 142.97931436056234 12
1694510501207 141.88972050036892 13
1694510501345 135.36349195087342 14
1694510501479 133.37110286082327 15
1694510501606 138.8217746144546 16
1694510501734 136.91334573396452 17
1694510501875 135.41456840348073 18
1694510502012 127.45937733565637 19
1694510502145 126.98377377324302 20
1694510502272 127.16660367869423 21
1694510502400 123.22187485156523 22
1694510502531 122.48108099713336 23
1694510502676 125.45795637822651 24
1694510502806 118.18028550501128 25
1694510502935 115.10161231902616 26
1694510503063 116.08858766813611 27
1694510503190 114.73490250743116 28
1694510503322 116.05567297441868 29
1694510503459 110.7145638768055 30
1694510503589 108.4697052607904 31
1694510503720 109.3597146852098 32
1694510503853 111.50796766639496 33
1694510503987 106.92571458993552 34
1694510504118 103.4801774754975 35
1694510504249 100.46984524574187 36
1694510504384 101.04202262376411 37
1694510504514 103.03769409647607 38
1694510504656 101.00348518760414 39
1694510504789 97.02005451425732 40
1694510504924 100.87608804488482 41
1694510505065 96.9427467785622 42
1694510505199 97.51437318757398 43
1694510505332 92.29401235545656 44
1694510505466 91.6817396654128 45
1694510505606 93.24719863675803 46
1694510505740 89.35520465091714 47
1694510505871 89.56082700946575 48
1694510506003 87.74888609525513 49
