1694508195691 44.23015240113254 0
1694508195906 15.773903893092324 1
1694508196112 9.160385556419193 2
1694508196334 6.247342657362585 3
1694508196557 5.246230370109019 4
1694508196761 5.365270280991707 5
1694508196949 4.786565051491222 6
1694508197162 5.125865549815378 7
1694508197358 5.011199972481372 8
1694508197551 4.808074127647137 9
1694508197778 4.767143663152921 10
1694508197998 4.585010590215235 11
1694508198195 4.79668054850136 12
1694508198414 4.799979849672468 13
1694508198613 5.0227096010396775 14
1694508198832 5.040898974127015 15
1694508199043 5.102675992297639 16
1694508199243 5.01076908356457 17
1694508199444 5.101891309926715 18
1694508199623 4.843174608859747 19
1694508199838 5.3481908168416545 20
1694508200018 4.537714978396058 21
1694508200220 4.775017502648386 22
1694508200429 5.20477629587288 23
1694508200673 4.677798305579069 24
1694508200915 4.3117935716837374 25
1694508201117 5.02694203866649 26
1694508201321 4.940370899249592 27
1694508201525 4.701704140333061 28
1694508201740 4.968048474039679 29
1694508201944 5.120785109655005 30
1694508202144 4.415066187114765 31
1694508202340 4.432694924202248 32
1694508202550 5.0128168861081495 33
1694508202757 4.766561215600996 34
1694508202951 5.014577047862309 35
1694508203148 5.274705002315669 36
1694508203348 4.164542816649524 37
1694508203560 4.802864141007028 38
1694508203764 4.952337899810379 39
1694508203965 4.395066678556876 40
1694508204154 4.895844538977154 41
1694508204349 4.81940276208435 42
1694508204552 4.552641791121534 43
1694508204748 4.447534288757081 44
1694508204907 4.896612157522925 45
1694508205061 4.821788585877829 46
1694508205233 5.106861616485845 47
1694508205390 4.724980417212977 48
1694508205562 4.582265609493806 49
