1694489674864 -211.89482281532378 0
1694489674969 -182.92326793455538 1
1694489675069 -158.30009844558305 2
1694489675156 -137.3459816589038 3
1694489675251 -119.4910725431297 4
1694489675356 -104.25315345872966 5
1694489675461 -91.23015074923235 6
1694489675559 -80.08214149750209 7
1694489675658 -70.52312844541784 8
1694489675750 -62.3140469226507 9
1694489675837 -55.25002008327931 10
1694489675922 -49.16116391674717 11
1694489676029 -43.902623652556436 12
1694489676117 -39.35205829603197 13
1694489676216 -35.40718989725157 14
1694489676309 -31.980411604698183 15
1694489676403 -28.997994862908083 16
1694489676505 -26.396052996266995 17
1694489676600 -24.12284866410335 18
1694489676704 -22.1319375321698 19
1694489676793 -20.384735274246296 20
1694489676888 -18.848194857553104 21
1694489676992 -17.49501106180477 22
1694489677093 -16.300483048882544 23
1694489677192 -15.244317638756431 24
1694489677293 -14.308209006469125 25
1694489677384 -13.477118757013377 26
1694489677484 -12.738358411498599 27
1694489677583 -12.080530427357713 28
1694489677686 -11.493399250068977 29
1694489677775 -10.9690433838229 30
1694489677867 -10.499610214613098 31
1694489677966 -10.079031527089368 32
1694489678068 -9.70146759675511 33
1694489678170 -9.362332538836316 34
1694489678272 -9.057405234377526 35
1694489678382 -8.782535559993603 36
1694489678498 -8.534961186020931 37
1694489678607 -8.311235951687905 38
1694489678714 -8.109334852404269 39
1694489678817 -7.92677579023545 40
1694489678918 -7.761571438524571 41
1694489679020 -7.611864701864697 42
1694489679114 -7.4762731222766075 43
1694489679205 -7.353552577544017 44
1694489679296 -7.242045197524069 45
1694489679387 -7.140603400867526 46
1694489679487 -7.048643907806323 47
1694489679574 -6.965091914047828 48
1694489679665 -6.889277182800975 49
