1694489674794 146.9349912735156 0
1694489674902 122.49613579661239 1
1694489675003 108.39835276316877 2
1694489675099 97.10723158283663 3
1694489675191 80.1175750107239 4
1694489675283 71.64911035277109 5
1694489675393 63.70032287404847 6
1694489675492 56.14020255020582 7
1694489675592 50.38960876269181 8
1694489675693 42.08223263987927 9
1694489675780 39.03813058337222 10
1694489675866 33.67014327870789 11
1694489675952 30.9910350210917 12
1694489676062 28.02692020846303 13
1694489676150 24.246747803319206 14
1694489676248 22.378771298828045 15
1694489676340 20.391926504539676 16
1694489676438 19.541617648759342 17
1694489676539 16.769766625449797 18
1694489676633 15.006526951827638 19
1694489676738 14.754091322805179 20
1694489676822 13.566355983448945 21
1694489676923 12.210887169653416 22
1694489677026 11.847981636492188 23
1694489677127 10.243270525629617 24
1694489677227 10.159521796538275 25
1694489677328 9.64721060661689 26
1694489677419 9.046946799709508 27
1694489677517 8.70364596441623 28
1694489677617 8.59383747047123 29
1694489677716 8.10117030976935 30
1694489677804 7.668917495876419 31
1694489677901 7.528012248584699 32
1694489678001 7.282381347458944 33
1694489678102 6.905527887329671 34
1694489678204 6.463217221585981 35
1694489678305 6.438855812556224 36
1694489678421 6.352911358863991 37
1694489678537 6.644647876491304 38
1694489678642 6.086462674429606 39
1694489678749 5.976206361440925 40
1694489678851 6.100248734044254 41
1694489678953 6.181235861729396 42
1694489679052 5.7025352094515975 43
1694489679148 5.33459594860281 44
1694489679236 5.425241711907231 45
1694489679326 5.36118553695025 46
1694489679420 5.032915001224545 47
1694489679517 5.2288199065480905 48
1694489679603 4.893576796324208 49
