1694490720563 -245.70525652557927 0
1694490720688 -245.21613680266702 1
1694490720816 -244.72799160053682 2
1694490720952 -244.24081897355856 3
1694490721098 -243.7546169799908 4
1694490721239 -243.26938368197327 5
1694490721428 -242.78511714551908 6
1694490721558 -242.3018154405067 7
1694490721697 -241.81947664067258 8
1694490721820 -241.33809882360325 9
1694490721952 -240.85807707820183 10
1694490722076 -240.37901115711486 11
1694490722215 -239.9008991528542 12
1694490722347 -239.42373916174301 13
1694490722476 -238.94752928390793 14
1694490722613 -238.47226762327165 15
1694490722736 -237.9979522875453 16
1694490722868 -237.52458138822053 17
1694490722996 -237.05215304056267 18
1694490723123 -236.58106007469243 19
1694490723255 -236.1109045099575 20
1694490723390 -235.6416844767149 21
1694490723545 -235.17339810905526 22
1694490723676 -234.70604354479548 23
1694490723793 -234.23961892547064 24
1694490723911 -233.77412239632756 25
1694490724037 -233.30955210631652 26
1694490724157 -232.8459062080844 27
1694490724287 -232.38318285796697 28
1694490724411 -231.92138021598174 29
1694490724542 -231.4604964458205 30
1694490724660 -231.0005297148418 31
1694490724785 -230.5414781940641 32
1694490724913 -230.08334005815806 33
1694490725029 -229.6261134854393 34
1694490725159 -229.16979665786113 35
1694490725299 -228.71438776100746 36
1694490725425 -228.25988498408523 37
1694490725573 -227.80628651991756 38
1694490725715 -227.3535905649361 39
1694490725850 -226.90179531917408 40
1694490725986 -226.45089898625912 41
1694490726112 -226.000899773406 42
1694490726239 -225.5517958914094 43
1694490726385 -225.1035855546368 44
1694490726507 -224.65626698102147 45
1694490726634 -224.20983839205527 46
1694490726760 -223.7642980127813 47
1694490726877 -223.31964407178725 48
1694490726999 -222.8758748011979 49
