1694490312053 90.50168111308606 0
1694490312206 34.53738967532466 1
1694490312362 24.22356832892274 2
1694490312512 6.879674073329307 3
1694490312662 5.437394011508031 4
1694490312800 2.918097250368848 5
1694490312933 1.6499310264863618 6
1694490313082 1.2260624965079412 7
1694490313233 0.980141007789698 8
1694490313381 0.11607409162029868 9
1694490313517 0.05978272502414328 10
1694490313672 0.2785630657245597 11
1694490313812 0.06328353277128851 12
1694490313950 0.3844827390029946 13
1694490314108 0.04516465691190242 14
1694490314255 0.0005134999132158015 15
1694490314401 0.07799089624718727 16
1694490314546 0.3765104147186215 17
1694490314694 0.046175633715022084 18
1694490314838 0.262034332528458 19
1694490314979 0.0040652462714993775 20
1694490315127 0.2338858374816254 21
1694490315272 0.030287090534841493 22
1694490315418 0.062085833639810475 23
1694490315557 0.22136866221772927 24
1694490315704 0.6893981980894706 25
1694490315851 0.018086194295286816 26
1694490316003 0.38297619931831195 27
1694490316151 0.14314334458695283 28
1694490316298 0.05673104234872024 29
1694490316453 0.002540212619492103 30
1694490316601 1.5750589277720604 31
1694490316751 0.030963427394118958 32
1694490316902 0.000536245912830682 33
1694490317047 0.07491589670749253 34
1694490317181 0.11719671152767265 35
1694490317325 0.07540889835206878 36
1694490317463 0.06949967269409874 37
1694490317611 0.007504494773499592 38
1694490317764 0.037071142337524475 39
1694490317899 0.09038612873834422 40
1694490318045 0.01656046848787076 41
1694490318194 6.489369582353196e-05 42
1694490318351 0.10443580176565367 43
1694490318506 0.12830564265916425 44
1694490318648 0.09422443570568718 45
1694490318782 0.006604365099159384 46
1694490318931 0.11483217258267017 47
1694490319089 0.17648210795798633 48
1694490319237 0.011731863131076053 49
