1694490496124 -239.6110032285282 0
1694490496228 -236.05521302187984 1
1694490496334 -232.55315550657608 2
1694490496424 -229.104042009648 3
1694490496526 -225.70615158852112 4
1694490496613 -222.3586402482264 5
1694490496721 -219.06072998496 6
1694490496825 -215.81179978311124 7
1694490496915 -212.61111486224797 8
1694490497006 -209.45789278007615 9
1694490497101 -206.35140164633765 10
1694490497203 -203.29112664252716 11
1694490497295 -200.27607983847236 12
1694490497394 -197.30585233849717 13
1694490497496 -194.3796609895896 14
1694490497587 -191.49685472175625 15
1694490497673 -188.6567953902391 16
1694490497765 -185.85887443317387 17
1694490497864 -183.10250828627102 18
1694490497965 -180.38699636513195 19
1694490498072 -177.71185016889933 20
1694490498172 -175.07634409630947 21
1694490498273 -172.47974729750584 22
1694490498370 -169.9218191355278 23
1694490498467 -167.4016454955054 24
1694490498571 -164.918997591317 25
1694490498672 -162.47307668684297 26
1694490498760 -160.06350433818062 27
1694490498861 -157.68968660151538 28
1694490498960 -155.3510599284552 29
1694490499064 -153.04711930482262 30
1694490499168 -150.77724128363423 31
1694490499270 -148.54102866192952 32
1694490499361 -146.33797789067515 33
1694490499451 -144.16747899834064 34
1694490499552 -142.0292885021537 35
1694490499652 -139.9227700709525 36
1694490499753 -137.8475613090275 37
1694490499854 -135.8030586729799 38
1694490499946 -133.78879850593393 39
1694490500042 -131.8043504372411 40
1694490500134 -129.84944591798222 41
1694490500222 -127.92337283217663 42
1694490500322 -126.02579269071848 43
1694490500417 -124.1564241998243 44
1694490500504 -122.31472139179822 45
1694490500599 -120.50029201321168 46
1694490500699 -118.71269065861645 47
1694490500800 -116.95154064658877 48
1694490500903 -115.21659407559518 49
