1694490496064 171.0546229647189 0
1694490496158 166.9738392235598 1
1694490496269 161.80732709441233 2
1694490496367 160.53467229382326 3
1694490496458 156.10238944870534 4
1694490496555 155.54388803902128 5
1694490496651 156.60152090372065 6
1694490496756 152.43349446431793 7
1694490496857 147.43919332694412 8
1694490496946 147.5799314443855 9
1694490497038 147.16341553878428 10
1694490497136 138.69654423826077 11
1694490497237 142.63568252265688 12
1694490497328 136.83016073501577 13
1694490497424 136.7227081399935 14
1694490497529 134.29397080329005 15
1694490497615 134.91704151400444 16
1694490497702 130.67368762813732 17
1694490497799 126.5370739864396 18
1694490497899 126.43039424422113 19
1694490498000 120.19854969756666 20
1694490498106 119.63344143866733 21
1694490498207 124.73408901863118 22
1694490498313 117.4517000225912 23
1694490498406 122.64477832895079 24
1694490498502 114.94816888651799 25
1694490498605 116.63102933518094 26
1694490498702 110.4836099898764 27
1694490498794 106.8636800133399 28
1694490498895 105.5453205396708 29
1694490498995 104.06776482204465 30
1694490499099 105.46158991643722 31
1694490499202 104.07837271341657 32
1694490499304 103.22459733246069 33
1694490499390 105.87204979599615 34
1694490499485 97.45762374311015 35
1694490499586 95.1855533598632 36
1694490499686 91.13660550128444 37
1694490499788 93.5282978829273 38
1694490499883 93.38919827601799 39
1694490499981 93.14323310426745 40
1694490500072 86.54122304609893 41
1694490500164 91.18243024874347 42
1694490500253 91.75316846792263 43
1694490500358 85.56598848216237 44
1694490500448 86.23017758066595 45
1694490500537 85.61239049562664 46
1694490500632 86.29461896846824 47
1694490500734 87.23535873645126 48
1694490500835 80.6737954042144 49
