1694509699148 168.6951345963274 0
1694509699326 165.36792338140947 1
1694509699509 162.10665349584343 2
1694509699699 158.9100153886243 3
1694509699910 155.77672554323678 4
1694509700110 152.70552595978504 5
1694509700283 149.69518364742626 6
1694509700469 146.7444901269046 7
1694509700642 143.852260942983 8
1694509700820 141.01733518657684 9
1694509700992 138.23857502639606 10
1694509701166 135.51486524990628 11
1694509701367 132.84511281342375 12
1694509701532 130.2282464011625 13
1694509701700 127.66321599305478 14
1694509701861 125.14899244117133 15
1694509702045 122.68456705456916 16
1694509702235 120.26895119239997 17
1694509702434 117.90117586511438 18
1694509702598 115.58008721398672 19
1694509702746 113.30516629616665 20
1694509702909 111.07529289494545 21
1694509703078 108.88957279654538 22
1694509703231 106.74693303000386 23
1694509703397 104.64691100608752 24
1694509703554 102.58846479654831 25
1694509703748 100.5707691893041 26
1694509703900 98.59282589285952 27
1694509704060 96.65422423963237 28
1694509704249 94.75399458762926 29
1694509704428 92.89137539841087 30
1694509704585 91.06543732115557 31
1694509704765 89.27581754079083 32
1694509704935 87.52161315258304 33
1694509705100 85.80194497559903 34
1694509705277 84.1164796319784 35
1694509705442 82.46436289920922 36
1694509705624 80.84493306731194 37
1694509705787 79.25737078232741 38
1694509705981 77.70138437618051 39
1694509706165 76.17617754407192 40
1694509706339 74.68097472018157 41
1694509706527 73.21550940314889 42
1694509706725 71.7790277938427 43
1694509706905 70.37095491520401 44
1694509707083 68.99056708233458 45
1694509707259 67.63763422480233 46
1694509707423 66.31145276964934 47
1694509707611 65.01133725586432 48
1694509707805 63.73707911032126 49
