1694490789286 -245.080011508053 0
1694490789440 -244.5979473778535 1
1694490789589 -244.11683284876534 2
1694490789744 -243.6366660944485 3
1694490789906 -243.1574452433521 4
1694490790035 -242.67916842762614 5
1694490790155 -242.20183378311347 6
1694490790278 -241.72543944934282 7
1694490790413 -241.2499835695212 8
1694490790547 -240.77546429052674 9
1694490790672 -240.3018797629016 10
1694490790798 -239.82922814084444 11
1694490790929 -239.3575075822032 12
1694490791055 -238.88671624846822 13
1694490791189 -238.41685230476463 14
1694490791314 -237.9479139198454 15
1694490791447 -237.47989926608406 16
1694490791628 -237.01268358820886 17
1694490791759 -236.5463895071479 18
1694490791880 -236.08101397347076 19
1694490791995 -235.6165551735325 20
1694490792133 -235.15313363082595 21
1694490792267 -234.69050140363402 22
1694490792388 -234.228781717027 23
1694490792528 -233.76797154579182 24
1694490792640 -233.30806909413857 25
1694490792771 -232.8491942732229 26
1694490792900 -232.3911004267097 27
1694490793026 -231.93391015366538 28
1694490793153 -231.4776204529025 29
1694490793277 -231.0223507702894 30
1694490793407 -230.56785542796496 31
1694490793537 -230.11425654931975 32
1694490793696 -229.6615511520132 33
1694490793840 -229.2097374719525 34
1694490793964 -228.7589343466975 35
1694490794094 -228.30889737469911 36
1694490794227 -227.8597480574769 37
1694490794357 -227.41148343635945 38
1694490794479 -226.9641017646207 39
1694490794601 -226.5177212738345 40
1694490794739 -226.07209883359323 41
1694490794867 -225.62735532591182 42
1694490795000 -225.18348781559163 43
1694490795123 -224.74061407398582 44
1694490795253 -224.2984919378073 45
1694490795378 -223.8572418185799 46
1694490795512 -223.41686079951336 47
1694490795637 -222.97734716471209 48
1694490795760 -222.5388180835367 49
