1694490789193 168.6944467980708 0
1694490789316 168.36020945166655 1
1694490789473 168.02997502987614 2
1694490789628 167.700391530084 3
1694490789795 167.37145769996107 4
1694490789948 167.0431722562091 5
1694490790071 166.71553391806776 6
1694490790200 166.38854140730953 7
1694490790312 166.06219344823455 8
1694490790455 165.7364887676656 9
1694490790581 165.4114260949431 10
1694490790712 165.08700416192036 11
1694490790833 164.76322170295822 12
1694490790963 164.4400774549204 13
1694490791093 164.1175701571684 14
1694490791234 163.79569855155657 15
1694490791356 163.47446138242736 16
1694490791491 163.15385739660599 17
1694490791668 162.83390842909833 18
1694490791797 162.5145897854712 19
1694490791916 162.19590045256487 20
1694490792039 161.8778391875374 21
1694490792167 161.56038168213914 22
1694490792302 161.2435731105798 23
1694490792429 160.92738866187756 24
1694490792557 160.61182733411766 25
1694490792679 160.29688789669578 26
1694490792810 159.98254615437085 27
1694490792945 159.66884709057064 28
1694490793070 159.35576600966738 29
1694490793193 159.04330192087554 30
1694490793316 158.7314307344403 31
1694490793446 158.4201972505487 32
1694490793579 158.10957688128062 33
1694490793733 157.7995686445158 34
1694490793869 157.49017133137468 35
1694490794005 157.1813609631335 36
1694490794130 156.87318215253677 37
1694490794269 156.56561042499698 38
1694490794397 156.25864480932643 39
1694490794520 155.9522841085486 40
1694490794644 155.64650445393121 41
1694490794780 155.34135027250466 42
1694490794903 155.03679720195785 43
1694490795039 154.73284428192744 44
1694490795163 154.42946774677037 45
1694490795288 154.12671184430408 46
1694490795417 153.82455231748017 47
1694490795547 153.52298821435872 48
1694490795677 153.22201835909402 49
