1694509461963 -200.33915542499756 0
1694509462097 -172.7639796484195 1
1694509462222 -148.98350339369344 2
1694509462353 -128.47509268921357 3
1694509462491 -110.78651694799531 4
1694509462614 -95.52973886527185 5
1694509462757 -82.37010115476723 6
1694509462887 -71.01769476290399 7
1694509463011 -61.22346822137619 8
1694509463140 -52.77364251299264 9
1694509463262 -45.482530439293726 10
1694509463386 -39.19073752901798 11
1694509463515 -33.760438280963676 12
1694509463639 -29.073356403785407 13
1694509463769 -25.027561012314035 14
1694509463895 -21.5347994298344 15
1694509464017 -18.51925562506999 16
1694509464146 -15.914882519315796 17
1694509464272 -13.665816799690873 18
1694509464396 -11.722823322985613 19
1694509464517 -10.044474968369554 20
1694509464632 -8.594072835933757 21
1694509464771 -7.34068356009546 22
1694509464933 -6.257161358348865 23
1694509465087 -5.320323512464626 24
1694509465229 -4.51003096698719 25
1694509465366 -3.8091699148374225 26
1694509465511 -3.2027886801790997 27
1694509465653 -2.677878330850424 28
1694509465794 -2.223461983077892 29
1694509465942 -1.8299986667033927 30
1694509466081 -1.4890556547954943 31
1694509466223 -1.193651629368195 32
1694509466373 -0.9374541852622835 33
1694509466521 -0.7152692276550876 34
1694509466670 -0.5225558352559729 35
1694509466815 -0.35525875501961357 36
1694509466964 -0.20991530067513686 37
1694509467118 -0.08365452016902686 38
1694509467272 0.02617463776467288 39
1694509467415 0.12166845317134667 40
1694509467567 0.20482804538161825 41
1694509467717 0.27723059663375493 42
1694509467866 0.34035299754902304 43
1694509468021 0.3953942431286185 44
1694509468156 0.44343774654694756 45
1694509468294 0.4854291224209065 46
1694509468430 0.5221472317117699 47
1694509468569 0.5542742294770436 48
1694509468710 0.5823854911745399 49
