1694509461881 143.08635219936605 0
1694509462009 124.616645314743 1
1694509462141 109.13632261379668 2
1694509462264 94.61957698715423 3
1694509462397 82.7251468032304 4
1694509462533 71.4740288657104 5
1694509462662 60.79211724105055 6
1694509462804 50.86941445900919 7
1694509462930 45.2128950253152 8
1694509463052 38.93938859303635 9
1694509463182 33.03273782913452 10
1694509463304 28.856791986097228 11
1694509463428 25.603719197317417 12
1694509463557 21.844994136271108 13
1694509463682 19.023375505103886 14
1694509463815 15.961722411452481 15
1694509463935 14.034683064407796 16
1694509464059 12.368528372212602 17
1694509464190 10.979327563425633 18
1694509464314 9.607718471089228 19
1694509464436 8.229095839496841 20
1694509464557 6.839057171518725 21
1694509464674 6.039041270461856 22
1694509464825 5.176792268942774 23
1694509464991 4.772208990348164 24
1694509465135 4.279336749120382 25
1694509465276 3.6462951129678647 26
1694509465416 2.921272312280806 27
1694509465558 2.79634351651258 28
1694509465700 2.3170106551291765 29
1694509465857 2.468307049197268 30
1694509465988 1.8605128419791053 31
1694509466128 1.4263759539260241 32
1694509466274 1.5063589967276823 33
1694509466423 1.2470250284660334 34
1694509466571 0.9403327335733122 35
1694509466719 1.0131558563461904 36
1694509466866 1.061732545618538 37
1694509467014 0.6611835446261307 38
1694509467170 0.8563989347227227 39
1694509467322 0.6709886460872574 40
1694509467464 0.6247170137499156 41
1694509467620 0.5861760477573629 42
1694509467769 0.5086852062105858 43
1694509467924 0.31545268074936633 44
1694509468067 0.38820523043972444 45
1694509468201 0.43975027265068845 46
1694509468338 0.43690056434947666 47
1694509468475 0.356226530520707 48
1694509468618 0.31485895334704045 49
