1694491377522 -242.56123674970982 0
1694491377652 -242.51251003444727 1
1694491377829 -242.4637930748553 2
1694491377945 -242.41508586897996 3
1694491378076 -242.36638841486786 4
1694491378246 -242.31770071056587 5
1694491378435 -242.26902275412118 6
1694491378607 -242.2203545435817 7
1694491378803 -242.17169607699535 8
1694491378980 -242.1230473524106 9
1694491379112 -242.07440836787637 10
1694491379244 -242.02577912144196 11
1694491379398 -241.9771596111569 12
1694491379526 -241.9285498350714 13
1694491379657 -241.8799497912357 14
1694491379782 -241.83135947770072 15
1694491379905 -241.78277889251768 16
1694491380056 -241.73420803373813 17
1694491380225 -241.68564689941414 18
1694491380401 -241.637095487598 19
1694491380556 -241.58855379634255 20
1694491380705 -241.5400218237009 21
1694491380846 -241.49149956772663 22
1694491380994 -241.4429870264737 23
1694491381145 -241.3944841979964 24
1694491381280 -241.3459910803495 25
1694491381424 -241.29750767158805 26
1694491381554 -241.24903396976762 27
1694491381681 -241.20056997294404 28
1694491381856 -241.15211567917368 29
1694491381987 -241.1036710865131 30
1694491382175 -241.05523619301948 31
1694491382325 -241.00681099675015 32
1694491382482 -240.958395495763 33
1694491382605 -240.90998968811627 34
1694491382733 -240.86159357186855 35
1694491382866 -240.8132071450789 36
1694491383024 -240.76483040580666 37
1694491383147 -240.71646335211167 38
1694491383307 -240.66810598205407 39
1694491383442 -240.6197582936944 40
1694491383553 -240.57142028509355 41
1694491383671 -240.52309195431303 42
1694491383803 -240.47477329941444 43
1694491383944 -240.42646431845998 44
1694491384080 -240.37816500951203 45
1694491384208 -240.32987537063354 46
1694491384341 -240.2815953998879 47
1694491384479 -240.23332509533864 48
1694491384657 -240.18506445504988 49
