1694491377427 169.34901212942756 0
1694491377553 169.31513570535824 1
1694491377700 169.2812660654888 2
1694491377863 169.24740320846004 3
1694491377980 169.2135471329127 4
1694491378117 169.1796978374881 5
1694491378298 169.14585532082768 6
1694491378480 169.11201958157315 7
1694491378656 169.07819061836653 8
1694491378854 169.0443684298501 9
1694491379019 169.01055301466647 10
1694491379146 168.97674437145838 11
1694491379282 168.94294249886903 12
1694491379437 168.90914739554168 13
1694491379564 168.87535906012005 14
1694491379692 168.84157749124805 15
1694491379817 168.8078026875699 16
1694491379945 168.77403464772993 17
1694491380100 168.74027337037302 18
1694491380277 168.7065188541441 19
1694491380440 168.67277109768844 20
1694491380599 168.63903009965165 21
1694491380747 168.6052958586795 22
1694491380887 168.57156837341805 23
1694491381041 168.53784764251375 24
1694491381185 168.5041336646131 25
1694491381316 168.4704264383632 26
1694491381462 168.43672596241103 27
1694491381593 168.40303223540414 28
1694491381723 168.36934525599025 29
1694491381899 168.3356650228173 30
1694491382036 168.30199153453356 31
1694491382218 168.26832478978764 32
1694491382366 168.23466478722827 33
1694491382520 168.2010115255045 34
1694491382646 168.1673650032657 35
1694491382773 168.13372521916153 36
1694491382909 168.10009217184182 37
1694491383059 168.06646585995676 38
1694491383187 168.03284628215678 39
1694491383355 167.99923343709253 40
1694491383480 167.96562732341505 41
1694491383585 167.93202793977554 42
1694491383714 167.8984352848255 43
1694491383847 167.86484935721668 44
1694491383984 167.83127015560123 45
1694491384120 167.79769767863138 46
1694491384245 167.76413192495977 47
1694491384384 167.73057289323924 48
1694491384521 167.69702058212292 49
