1694508462386 -229.69628921880977 0
1694508462513 -226.60630381994883 1
1694508462646 -223.5620164391574 2
1694508462767 -220.56250445488791 3
1694508462896 -217.6072104142098 4
1694508463022 -214.6953615213302 5
1694508463150 -211.82663287923717 6
1694508463274 -208.9997012970883 7
1694508463403 -206.21433942434564 8
1694508463529 -203.4699724655963 9
1694508463654 -200.76601021363086 10
1694508463778 -198.10154390929415 11
1694508463901 -195.47612588067688 12
1694508464024 -192.88892864236428 13
1694508464157 -190.33977817529143 14
1694508464279 -187.82783119485072 15
1694508464403 -185.35269999210288 16
1694508464526 -182.91372329150724 17
1694508464654 -180.5100556741008 18
1694508464788 -178.14165487874416 19
1694508464913 -175.807835176438 20
1694508465035 -173.50796036458155 21
1694508465159 -171.24153823934455 22
1694508465285 -169.00806934886197 23
1694508465413 -166.80706485918068 24
1694508465538 -164.6378498839036 25
1694508465668 -162.5001054302154 26
1694508465785 -160.39356251372627 27
1694508465904 -158.31757181775907 28
1694508466023 -156.271452255552 29
1694508466145 -154.2550247193239 30
1694508466272 -152.26778264435882 31
1694508466392 -150.30921337025956 32
1694508466513 -148.3790668206977 33
1694508466637 -146.47658958332096 34
1694508466758 -144.6016997248233 35
1694508466887 -142.75359996868235 36
1694508467034 -140.9322486930374 37
1694508467159 -139.13712024238043 38
1694508467292 -137.36775917184434 39
1694508467421 -135.6236992797838 40
1694508467562 -133.90481925414596 41
1694508467696 -132.21056305131268 42
1694508467835 -130.54045180511432 43
1694508467976 -128.89435938230505 44
1694508468118 -127.27173128759506 45
1694508468259 -125.6723347970233 46
1694508468399 -124.09588455011287 47
1694508468543 -122.54176557426293 48
1694508468695 -121.0098411180772 49
