1694508462300 163.0254550898587 0
1694508462426 164.146323552251 1
1694508462557 162.77587402387817 2
1694508462688 160.88712229643082 3
1694508462812 159.1908337312405 4
1694508462942 157.52090792178956 5
1694508463062 149.43543297518627 6
1694508463193 151.8746527267635 7
1694508463318 152.2505261403584 8
1694508463445 148.4277642150069 9
1694508463570 143.792025648878 10
1694508463699 141.99232124123526 11
1694508463821 139.44999758900866 12
1694508463941 142.954182743474 13
1694508464063 140.59818598427637 14
1694508464198 136.63929769798918 15
1694508464321 134.05203520759136 16
1694508464444 131.92325972397688 17
1694508464572 134.2049495013161 18
1694508464703 131.5880182966444 19
1694508464832 128.5994082762988 20
1694508464953 125.66796597639546 21
1694508465073 124.17994646452213 22
1694508465204 121.50037316784497 23
1694508465329 120.60282876344607 24
1694508465459 122.3993866902385 25
1694508465580 123.54824098827484 26
1694508465706 119.00529821224961 27
1694508465826 114.8758629745255 28
1694508465944 116.01398974845617 29
1694508466064 114.54114209691636 30
1694508466191 112.07499959966553 31
1694508466313 111.02884811321545 32
1694508466433 105.96590421047304 33
1694508466555 106.99803855828124 34
1694508466679 103.54243313653913 35
1694508466799 104.65206854854452 36
1694508466946 102.29142387730431 37
1694508467079 100.34051590145818 38
1694508467204 97.3519177353203 39
1694508467334 100.60409295711582 40
1694508467469 97.42972474833908 41
1694508467610 94.840286084518 42
1694508467746 96.20663239071601 43
1694508467885 93.00613236117134 44
1694508468024 94.51113710004392 45
1694508468165 92.87634092014629 46
1694508468307 88.6613075654507 47
1694508468449 90.61647337835873 48
1694508468594 90.2780880311277 49
