1694509017157 -123.91050372410429 0
1694509017321 -63.25390972422416 1
1694509017487 -32.20777553940549 2
1694509017648 -16.287667963019796 3
1694509017857 -8.09753186701621 4
1694509018065 -3.8697225000359303 5
1694509018252 -1.6755975565536265 6
1694509018449 -0.5306077385430994 7
1694509018634 0.07253083210268585 8
1694509018807 0.3948571833939579 9
1694509018999 0.5689666780192875 10
1694509019194 0.6650983208659127 11
1694509019381 0.7188794711893659 12
1694509019559 0.7499038909972335 13
1694509019738 0.7685528219886912 14
1694509019903 0.7796860227367268 15
1694509020078 0.7867175114290601 16
1694509020275 0.7915766444893568 17
1694509020455 0.7943463288259768 18
1694509020638 0.7963963003451024 19
1694509020829 0.7981586958676556 20
1694509021021 0.7993297206783083 21
1694509021188 0.7999657075248998 22
1694509021374 0.8002661781411065 23
1694509021559 0.8005179734027539 24
1694509021721 0.8004610022252109 25
1694509021887 0.8010404881462744 26
1694509022071 0.8008948414029079 27
1694509022250 0.8010948577914658 28
1694509022436 0.8009484036946288 29
1694509022618 0.8008703241797784 30
1694509022785 0.8008101081947196 31
1694509022966 0.8009716874053143 32
1694509023127 0.8008964267438936 33
1694509023298 0.8006162114912083 34
1694509023470 0.8005991590946994 35
1694509023654 0.8007194156410653 36
1694509023847 0.8009910678317926 37
1694509024031 0.8011777381892322 38
1694509024202 0.8012545679938645 39
1694509024377 0.8011896357904388 40
1694509024576 0.8012237575216253 41
1694509024763 0.80138017593653 42
1694509024934 0.8011419386182246 43
1694509025098 0.8013570264928402 44
1694509025263 0.8012595583903546 45
1694509025442 0.8012615970460282 46
1694509025613 0.8013453157509083 47
1694509025790 0.8012396101850849 48
1694509025953 0.8013366784632704 49
