1694509017076 97.49699407299953 0
1694509017243 37.764593158695305 1
1694509017410 14.834712942863396 2
1694509017571 8.826414187447568 3
1694509017761 5.821495818618206 4
1694509017960 6.58130543356854 5
1694509018163 1.8737710856459855 6
1694509018366 0.3479176860097136 7
1694509018553 1.1631897689165878 8
1694509018722 0.008244890568231135 9
1694509018919 0.5364388769481325 10
1694509019103 0.26678547024113064 11
1694509019299 0.014691002180448871 12
1694509019472 0.0013533304353804242 13
1694509019658 0.1864684213368724 14
1694509019823 0.012244682636971375 15
1694509019994 0.05031247123351549 16
1694509020184 0.04637227691089536 17
1694509020373 0.1116634681690267 18
1694509020557 0.7683407876757513 19
1694509020742 0.4760354741423876 20
1694509020938 0.04919725944813222 21
1694509021103 0.03436914151467266 22
1694509021283 0.1885376474718495 23
1694509021477 0.00011411073594933204 24
1694509021642 0.03370229880645326 25
1694509021811 0.012960297777645206 26
1694509021990 0.04288762701758068 27
1694509022161 0.033766353467909814 28
1694509022356 0.17981469627398505 29
1694509022537 0.0006723248972472264 30
1694509022706 0.0180101109272927 31
1694509022887 0.02573513138728676 32
1694509023048 0.030698680919094674 33
1694509023219 0.0006880263045297649 34
1694509023386 0.06600254484896487 35
1694509023571 0.008370335271653769 36
1694509023766 0.11450549917452996 37
1694509023951 0.23468080683719603 38
1694509024123 0.00023535552182726846 39
1694509024299 6.144307920965506e-05 40
1694509024494 0.281066120422497 41
1694509024680 0.26458967435156516 42
1694509024857 0.0027092697305377495 43
1694509025020 0.049426169811419465 44
1694509025182 0.22824274830410393 45
1694509025356 0.006554246649402147 46
1694509025532 0.3081222378742357 47
1694509025706 0.005300061183348166 48
1694509025874 0.03827146825021697 49
