1694490443768 -239.36404316851105 0
1694490443871 -236.16657694577165 1
1694490443962 -233.01175566508167 2
1694490444049 -229.89903656902283 3
1694490444146 -226.82832230910856 4
1694490444250 -223.79826697375046 5
1694490444355 -220.80891326247578 6
1694490444461 -217.85927892232235 7
1694490444565 -214.94925401455984 8
1694490444678 -212.07808790542785 9
1694490444780 -209.24507959556706 10
1694490444885 -206.45018261412275 11
1694490444988 -203.69244238709206 12
1694490445091 -200.9719071263273 13
1694490445195 -198.28739034875827 14
1694490445282 -195.6389643222854 15
1694490445367 -193.02575592852924 16
1694490445468 -190.44754177019803 17
1694490445564 -187.90374971956885 18
1694490445663 -185.3939214790959 19
1694490445762 -182.91737379260454 20
1694490445864 -180.4741930671023 21
1694490445967 -178.06378334621851 22
1694490446058 -175.68527485169614 23
1694490446149 -173.33861309704184 24
1694490446252 -171.0234434645719 25
1694490446350 -168.7390637144684 26
1694490446453 -166.48515372917274 27
1694490446552 -164.26147412449117 28
1694490446660 -162.06746432768094 29
1694490446758 -159.90273251091125 30
1694490446851 -157.76681022035805 31
1694490446953 -155.6594831009436 32
1694490447054 -153.5802084094875 33
1694490447150 -151.52863846392574 34
1694490447245 -149.50474728301995 35
1694490447346 -147.50767494901947 36
1694490447444 -145.5372680061524 37
1694490447540 -143.59326663297426 38
1694490447635 -141.6754864558296 39
1694490447737 -139.78304179106314 40
1694490447840 -137.91568667636804 41
1694490447935 -136.07342204501035 42
1694490448029 -134.25568122693932 43
1694490448131 -132.46236963620873 44
1694490448235 -130.69291188597012 45
1694490448331 -128.9470323508714 46
1694490448417 -127.22428724616768 47
1694490448510 -125.52473673502594 48
1694490448611 -123.84786900629167 49
