1694490443699 168.58561511875712 0
1694490443804 165.86076631626037 1
1694490443907 162.93831932545393 2
1694490443993 163.26363687039128 3
1694490444079 155.84846032379863 4
1694490444183 157.8138106865282 5
1694490444284 153.5232099435745 6
1694490444391 156.40838973561662 7
1694490444496 151.23502092147305 8
1694490444603 147.08262674778564 9
1694490444714 148.12746396720405 10
1694490444815 143.93388680209588 11
1694490444921 146.6428946398532 12
1694490445023 137.03083697681342 13
1694490445127 137.54453365153122 14
1694490445225 133.25325324521967 15
1694490445311 133.2668037619512 16
1694490445402 129.32717866102885 17
1694490445498 129.44244110144737 18
1694490445599 128.04533128147148 19
1694490445695 129.53880374174076 20
1694490445797 126.6287537934313 21
1694490445898 123.6331388858172 22
1694490446001 123.49064184359764 23
1694490446092 120.34127975060608 24
1694490446186 119.11689658287541 25
1694490446286 117.39642261956482 26
1694490446385 117.37181977451063 27
1694490446488 114.95941243592459 28
1694490446593 112.35028022946356 29
1694490446692 110.80927389233582 30
1694490446795 110.31105563739321 31
1694490446887 111.19684420972884 32
1694490446987 109.24477935562895 33
1694490447083 108.96211057221136 34
1694490447183 102.59960781316497 35
1694490447280 102.97596127536983 36
1694490447381 103.84772045820439 37
1694490447483 100.22217260913891 38
1694490447570 96.94578180369955 39
1694490447670 95.22173070355171 40
1694490447771 96.62174051887648 41
1694490447876 94.82466374770613 42
1694490447966 93.99849124212051 43
1694490448064 92.78055195235696 44
1694490448166 93.66139680867208 45
1694490448270 90.17717653179386 46
1694490448360 91.73759498895282 47
1694490448446 87.05509932183817 48
1694490448544 86.7097328186913 49
