1694508602780 169.089027582395 0
1694508602963 168.7512033348887 1
1694508603128 168.41749518098302 2
1694508603269 168.08451342679464 3
1694508603459 167.75225646618543 4
1694508603661 167.4207226561641 5
1694508603856 167.08991035754914 6
1694508604004 166.75981793495933 7
1694508604165 166.43044375680483 8
1694508604325 166.10178619527827 9
1694508604525 165.77384362634595 10
1694508604691 165.44661442973884 11
1694508604833 165.12009698894394 12
1694508604995 164.79428969119527 13
1694508605155 164.4691909274652 14
1694508605336 164.14479909245577 15
1694508605524 163.82111258458966 16
1694508605669 163.49812980600163 17
1694508605846 163.17584916252997 18
1694508606007 162.85426906370748 19
1694508606177 162.5333879227531 20
1694508606347 162.21320415656297 21
1694508606532 161.8937161857022 22
1694508606743 161.57492243439586 23
1694508606957 161.2568213305206 24
1694508607131 160.93941130559614 25
1694508607325 160.62269079477647 26
1694508607487 160.30665823684163 27
1694508607682 159.99131207418907 28
1694508607867 159.67665075282508 29
1694508608054 159.36267272235648 30
1694508608225 159.04937643598205 31
1694508608408 158.73676035048416 32
1694508608590 158.4248229262205 33
1694508608760 158.1135626271153 34
1694508608962 157.80297792065147 35
1694508609156 157.49306727786185 36
1694508609334 157.18382917332116 37
1694508609500 156.87526208513745 38
1694508609683 156.56736449494403 39
1694508609847 156.26013488789116 40
1694508609997 155.95357175263754 41
1694508610170 155.64767358134262 42
1694508610321 155.34243886965768 43
1694508610476 155.03786611671845 44
1694508610632 154.73395382513613 45
1694508610824 154.4307005009899 46
1694508611021 154.12810465381835 47
1694508611212 153.82616479661172 48
1694508611363 153.5248794458034 49
