1694508390295 -242.0282075175391 0
1694508390424 -238.4241126649712 1
1694508390557 -234.87898017154066 2
1694508390686 -231.39152546266902 3
1694508390816 -227.96110423333826 4
1694508390947 -224.5866504772077 5
1694508391070 -221.26718733512087 6
1694508391203 -218.00161307158209 7
1694508391323 -214.7893272306177 8
1694508391466 -211.6291573501078 9
1694508391615 -208.52037516075646 10
1694508391759 -205.4620474462807 11
1694508391898 -202.45337138204016 12
1694508392040 -199.49349163399427 13
1694508392173 -196.58152875633897 14
1694508392313 -193.716656709657 15
1694508392440 -190.89801642509028 16
1694508392576 -188.12511722873978 17
1694508392735 -185.39685092652263 18
1694508392873 -182.7126059455806 19
1694508393010 -180.07180407265267 20
1694508393134 -177.47358640666988 21
1694508393264 -174.91696907620448 22
1694508393400 -172.4016438596182 23
1694508393547 -169.92665570484866 24
1694508393714 -167.49144133057345 25
1694508393870 -165.09532442514663 26
1694508394028 -162.73763097398992 27
1694508394168 -160.4176980279351 28
1694508394304 -158.13489483081426 29
1694508394442 -155.88871297876335 30
1694508394579 -153.67839160964974 31
1694508394721 -151.5033614858227 32
1694508394857 -149.36302639712167 33
1694508394991 -147.25680801743428 34
1694508395122 -145.1841083588546 35
1694508395256 -143.14443253017 36
1694508395389 -141.13713865158994 37
1694508395523 -139.16177799594027 38
1694508395661 -137.21773265153706 39
1694508395801 -135.3046119247315 40
1694508395934 -133.42175339566876 41
1694508396053 -131.56867607239369 42
1694508396175 -129.74498912157313 43
1694508396321 -127.95012026003022 44
1694508396457 -126.18350227734838 45
1694508396577 -124.44475309205072 46
1694508396715 -122.73349106316165 47
1694508396845 -121.04924772309839 48
1694508396987 -119.39138764952328 49
