1694508390204 166.5088086108117 0
1694508390338 164.20247161518748 1
1694508390468 159.17363009328952 2
1694508390603 164.02719379527704 3
1694508390730 157.1608910227689 4
1694508390862 153.7675296287961 5
1694508390992 149.23043330999337 6
1694508391121 153.76059794339994 7
1694508391247 146.16019767965287 8
1694508391370 146.93766560676227 9
1694508391513 144.24261510648626 10
1694508391665 142.06587100348045 11
1694508391807 137.23937044152908 12
1694508391946 135.4806492411773 13
1694508392086 135.11794264050363 14
1694508392221 133.40384212142516 15
1694508392360 134.64469810082505 16
1694508392482 126.44867171631374 17
1694508392635 130.13784829619618 18
1694508392782 129.69804250076774 19
1694508392920 121.48560672125626 20
1694508393050 117.10806292125582 21
1694508393174 124.28404803462075 22
1694508393311 117.66861870380691 23
1694508393445 119.42132297977545 24
1694508393601 116.66011169300423 25
1694508393767 113.97978132435765 26
1694508393923 110.53403689318004 27
1694508394075 110.4923940114589 28
1694508394210 110.09058134545793 29
1694508394347 105.28913968465442 30
1694508394486 105.09128156869559 31
1694508394626 103.17785337978275 32
1694508394763 102.73841697731865 33
1694508394909 101.61787849427364 34
1694508395031 100.67896534322753 35
1694508395166 97.17194415229842 36
1694508395303 99.04501782627405 37
1694508395429 96.05335806009941 38
1694508395574 94.86316141551853 39
1694508395711 91.28811205317191 40
1694508395846 92.5386878727301 41
1694508395975 92.61896010909432 42
1694508396095 87.8623447123157 43
1694508396225 86.28060065036902 44
1694508396365 88.96084030536421 45
1694508396500 87.546044412813 46
1694508396624 84.014091149434 47
1694508396767 79.82952029529105 48
1694508396891 82.16658254284354 49
