1694489420560 -6.029479361323509 0
1694489420715 -6.387715051735381 1
1694489420857 -5.838114302722443 2
1694489420999 -6.204146343605392 3
1694489421142 -6.103819691611948 4
1694489421305 -6.144612135399768 5
1694489421457 -6.116512127227616 6
1694489421607 -5.749781074577134 7
1694489421742 -6.395591327577086 8
1694489421887 -6.252762441147346 9
1694489422030 -6.4809087731476716 10
1694489422165 -5.913248924554014 11
1694489422322 -6.213441030745255 12
1694489422471 -6.465776248444315 13
1694489422603 -6.028440132521086 14
1694489422740 -5.920411094470863 15
1694489422880 -5.993354357343685 16
1694489423030 -6.248943241105329 17
1694489423179 -6.353748955167333 18
1694489423323 -6.383143214576321 19
1694489423463 -6.12421567928911 20
1694489423593 -6.166558382292996 21
1694489423729 -6.076262097937544 22
1694489423861 -6.412595793380339 23
1694489424011 -6.37369423913086 24
1694489424158 -6.178335822672074 25
1694489424304 -5.893179494871641 26
1694489424446 -5.920585030600893 27
1694489424591 -6.161363233004099 28
1694489424731 -6.271563090731551 29
1694489424879 -6.169690910611057 30
1694489425020 -6.669100518000687 31
1694489425151 -6.004922207098029 32
1694489425285 -6.063127418304079 33
1694489425419 -6.061130525555274 34
1694489425559 -6.47240717078819 35
1694489425701 -5.848785944522774 36
1694489426027 -5.975435061176791 37
1694489426179 -6.377054267400381 38
1694489426325 -6.0732806478713925 39
1694489426467 -6.093128217048327 40
1694489426627 -6.625983990983277 41
1694489426770 -6.097240665277087 42
1694489426900 -6.20673826984625 43
1694489427034 -6.483708318323529 44
1694489427179 -6.364275511141164 45
1694489427324 -6.045805337756187 46
1694489427467 -6.136789802235755 47
1694489427608 -6.235223902857911 48
1694489427749 -6.17444793868544 49
