1694490916418 0.8417143395102641 0
1694490916573 0.8412339944177125 1
1694490916716 0.836487587703914 2
1694490916856 0.8362598987539791 3
1694490916998 0.8424679454956583 4
1694490917149 0.8387608596150137 5
1694490917291 0.8386125244275158 6
1694490917438 0.8388161761592456 7
1694490917586 0.8348128498149845 8
1694490917730 0.8405565078365732 9
1694490917873 0.8353826101599036 10
1694490918024 0.8396670524249845 11
1694490918162 0.8389924261857887 12
1694490918308 0.8162849619778875 13
1694490918454 0.8403009973770894 14
1694490918599 0.8366310689378171 15
1694490918746 0.8343836753419235 16
1694490918890 0.8358647132865034 17
1694490919035 0.8385904254781571 18
1694490919176 0.8363906214256137 19
1694490919319 0.8382757898674489 20
1694490919458 0.8390604593998401 21
1694490919603 0.8384837666932159 22
1694490919747 0.8233026174194603 23
1694490919896 0.834452391849107 24
1694490920047 0.8095989018100966 25
1694490920186 0.8133085618916374 26
1694490920327 0.8390953987480885 27
1694490920471 0.8426396171892346 28
1694490920616 0.8358979073566746 29
1694490920764 0.8350648305171157 30
1694490920898 0.8422584132870171 31
1694490921032 0.8348016353772818 32
1694490921177 0.8377099038169715 33
1694490921319 0.8397431742673652 34
1694490921465 0.8358005052491077 35
1694490921612 0.8276596378176903 36
1694490921755 0.8396632259823044 37
1694490921901 0.8416389837788247 38
1694490922041 0.8390978227411758 39
1694490922190 0.8355950401240674 40
1694490922334 0.8355802668036378 41
1694490922483 0.8329314786417028 42
1694490922634 0.8299156595867966 43
1694490922769 0.8387558916258365 44
1694490922916 0.842557830695907 45
1694490923061 0.8361349825667804 46
1694490923195 0.8391691246961517 47
1694490923334 0.8413237228609434 48
1694490923476 0.8394674718538292 49
