1694490916344 0.15298744879910184 0
1694490916504 0.004967113822102039 1
1694490916649 0.3229913005846405 2
1694490916794 0.014266477449616281 3
1694490916930 0.008069169448299806 4
1694490917079 0.8492312305902033 5
1694490917224 0.0017487534769708019 6
1694490917367 0.3073858048667725 7
1694490917518 0.02945906059528983 8
1694490917662 0.04039958670262862 9
1694490917806 0.4710205638061077 10
1694490917950 0.08865838378270388 11
1694490918100 0.0008274202141014509 12
1694490918239 0.009600314006922826 13
1694490918385 0.004129738656120073 14
1694490918532 0.03628676423951482 15
1694490918675 0.006377945039378982 16
1694490918824 0.011549765117043252 17
1694490918967 0.5796813431999632 18
1694490919108 0.3488930186394012 19
1694490919252 3.1858967230873832e-06 20
1694490919394 0.02340636837969679 21
1694490919531 0.5736037157340097 22
1694490919679 0.643677790023759 23
1694490919824 0.04726711950362097 24
1694490919974 0.002349144304980433 25
1694490920117 0.2501484857396636 26
1694490920262 0.09616579629116814 27
1694490920403 0.008532216532111376 28
1694490920549 0.020534463662420097 29
1694490920694 0.024263459901632183 30
1694490920841 1.3019022891133771 31
1694490920975 0.0030680661717499376 32
1694490921114 0.0033392623180854373 33
1694490921253 0.0007876753123207797 34
1694490921395 0.002269256804423233 35
1694490921543 1.1979749816838939e-05 36
1694490921691 0.00010620424937736463 37
1694490921835 0.011625614906351724 38
1694490921973 0.013366028874331123 39
1694490922121 0.02385200007629714 40
1694490922266 0.015073804451933062 41
1694490922413 0.00706152251504155 42
1694490922567 0.0679322127146117 43
1694490922712 0.0881649367558372 44
1694490922847 0.0417042722933432 45
1694490922992 0.015156955664353086 46
1694490923137 0.03710778246157433 47
1694490923268 0.014180780450493827 48
1694490923409 0.009839516481870555 49
