1694489564621 -58.2591185563509 0
1694489564721 -20.51588007019692 1
1694489564825 -10.584095004130608 2
1694489564919 -7.450493962067075 3
1694489565021 -6.3228943526682055 4
1694489565125 -5.894305409287667 5
1694489565235 -5.733558566643206 6
1694489565326 -5.657616792955804 7
1694489565411 -5.632128716079811 8
1694489565508 -5.607161468565814 9
1694489565611 -5.591159256228993 10
1694489565706 -5.595571593040847 11
1694489565805 -5.601309848995507 12
1694489565905 -5.599078105047818 13
1694489566004 -5.60251932562385 14
1694489566104 -5.601594135249846 15
1694489566197 -5.60320228829928 16
1694489566295 -5.612183040938675 17
1694489566388 -5.602176378823158 18
1694489566489 -5.605362506535851 19
1694489566576 -5.6067170510255595 20
1694489566674 -5.6064478523965136 21
1694489566770 -5.6064645287651 22
