1694489564556 43.93049094081747 0
1694489564655 15.527942683616693 1
1694489564756 8.0961816115885 2
1694489564859 6.288939474717384 3
1694489564953 5.360850492281641 4
1694489565056 4.839851059702334 5
1694489565163 4.798252646421114 6
1694489565269 4.878408017691259 7
1694489565355 4.824151108969522 8
1694489565440 4.887369022926083 9
1694489565542 5.065620041166311 10
1694489565640 4.73175841768937 11
1694489565741 4.944769216686848 12
1694489565837 5.178741758211858 13
1694489565940 4.5037651451491865 14
1694489566039 4.4345934860272465 15
1694489566136 5.192085248048967 16
1694489566232 4.623602916038671 17
1694489566327 4.985619026262585 18
1694489566419 4.769446989151041 19
1694489566518 5.002634098744337 20
1694489566607 5.0080785448094245 21
1694489566705 4.847409534609388 22
