1694490697170 -240.9242939820428 0
1694490697359 -236.15779393237415 1
1694490697520 -231.48571292583748 2
1694490697660 -226.9061763268825 3
1694490697831 -222.41734676453888 4
1694490697966 -218.01742339118343 5
1694490698113 -213.7046411560557 6
1694490698262 -209.4772700932301 7
1694490698436 -205.33361462375544 8
1694490698599 -201.2720128716812 9
1694490698776 -197.29083599369272 10
1694490698906 -193.3884875220857 11
1694490699042 -189.56448798651252 12
1694490699169 -185.815110962537 13
1694490699318 -182.13996126668061 14
1694490699500 -178.5375656117049 15
1694490699631 -175.00752182940855 16
1694490699772 -171.5463093401877 17
1694490699906 -168.15360483904894 18
1694490700046 -164.82804870797662 19
1694490700170 -161.56930809386895 20
1694490700302 -158.37405643804843 21
1694490700425 -155.24203471190486 22
1694490700564 -152.17198819009295 23
1694490700694 -149.16364603157595 24
1694490700823 -146.2138646528214 25
1694490700973 -143.32244235486675 26
1694490701103 -140.4882212064109 27
1694490701236 -137.71098570443507 28
1694490701374 -134.98776491715893 29
1694490701500 -132.31840813105526 30
1694490701654 -129.7018467357894 31
1694490701809 -127.13791447059171 32
1694490701942 -124.62380340287172 33
1694490702113 -122.15940801415357 34
1694490702253 -119.74459813826437 35
1694490702393 -117.37667637330318 36
1694490702526 -115.05557051918339 37
1694490702672 -112.78035200395797 38
1694490702809 -110.55093035022468 39
1694490702934 -108.36475601794999 40
1694490703060 -106.22179292589982 41
1694490703189 -104.12198007861106 42
1694490703313 -102.06286775513503 43
1694490703442 -100.04444691462537 44
1694490703582 -98.06591065611661 45
1694490703719 -96.12722953762331 46
1694490703895 -94.22608821736353 47
1694490704029 -92.36250605536011 48
1694490704164 -90.53647746654735 49
