1694490697038 168.84391723945333 0
1694490697220 165.51375766430206 1
1694490697403 162.24959794908835 2
1694490697556 159.0501273803054 3
1694490697693 155.91406130202728 4
1694490697866 152.84014059757968 5
1694490698010 149.82713118152424 6
1694490698158 146.873823501752 7
1694490698309 143.97903205148307 8
1694490698479 141.1415948909772 9
1694490698656 138.360373178761 10
1694490698821 135.63425071218245 11
1694490698939 132.9621334771074 12
1694490699080 130.342735183954 13
1694490699207 127.77543694830278 14
1694490699385 125.25899056431659 15
1694490699538 122.79238644794754 16
1694490699674 120.37442939432606 17
1694490699813 118.00456465489681 18
1694490699940 115.68163215932933 19
1694490700082 113.40470023383743 20
1694490700209 111.17265777517962 21
1694490700338 108.98500911134454 22
1694490700458 106.84067555803752 23
1694490700599 104.73879733555007 24
1694490700729 102.67834098761234 25
1694490700862 100.6588652726301 26
1694490701012 98.67936665285391 27
1694490701142 96.73905169119611 28
1694490701277 94.83695861206257 29
1694490701414 92.97269633787376 30
1694490701543 91.14533070929669 31
1694490701696 89.35412950922861 32
1694490701844 87.59819712779951 33
1694490701983 85.87718873397512 34
1694490702157 84.19023421439113 35
1694490702294 82.53648618456684 36
1694490702433 80.91562813799287 37
1694490702581 79.32683675733647 38
1694490702715 77.76947580725765 39
1694490702849 76.2427553074032 40
1694490702972 74.74639909045322 41
1694490703101 73.27963940619945 42
1694490703218 71.84172836458494 43
1694490703352 70.43241401572234 44
1694490703484 69.05096946758553 45
1694490703624 67.6968418759048 46
1694490703761 66.36933311594846 47
1694490703939 65.06822649985358 48
1694490704069 63.79284330856669 49
