1694489978366 -228.1179109406841 0
1694489978554 -223.56872095745067 1
1694489978694 -219.1189740298568 2
1694489978845 -214.76640607437028 3
1694489978977 -210.50880569265632 4
1694489979109 -206.34401298539686 5
1694489979235 -202.2699183379308 6
1694489979366 -198.2844612347227 7
1694489979514 -194.38562910197044 8
1694489979639 -190.57145617768276 9
1694489979757 -186.8400224085717 10
1694489979894 -183.18945237312124 11
1694489980027 -179.6179142302086 12
1694489980144 -176.12361869267002 13
1694489980275 -172.70481802521584 14
1694489980400 -169.35980506611637 15
1694489980533 -166.08691227209113 16
1694489980703 -162.88451078584987 17
1694489980838 -159.75100952574542 18
1694489980963 -156.68485429701207 19
1694489981098 -153.68452692407544 20
1694489981230 -150.74854440343265 21
1694489981362 -147.87545807661198 22
1694489981488 -145.06385282273533 23
1694489981616 -142.31234627021584 24
1694489981733 -139.61958802713582 25
1694489981870 -136.98425892986018 26
1694489982011 -134.40507030945102 27
1694489982176 -131.88076327546054 28
1694489982297 -129.4101080166879 29
1694489982413 -126.99190311849678 30
1694489982538 -124.62497489629976 31
1694489982664 -122.3081767448243 32
1694489982828 -120.04038850278563 33
1694489982969 -117.82051583259927 34
1694489983091 -115.64748961477608 35
1694489983246 -113.52026535665001 36
1694489983355 -111.43782261509845 37
1694489983479 -109.39916443292117 38
1694489983608 -107.40331678855449 39
1694489983743 -105.44932805880258 40
1694489983870 -103.53626849427633 41
1694489983988 -101.6632297072387 42
1694489984110 -99.82932417156013 43
1694489984250 -98.03368473449734 44
1694489984368 -96.2754641400138 45
1694489984490 -94.55383456336759 46
1694489984622 -92.86798715669948 47
1694489984755 -91.2171316053587 48
1694489984890 -89.60049569471215 49
