1694489978264 169.48786339549645 0
1694489978415 166.11253974822688 1
1694489978599 162.8144783757307 2
1694489978735 159.58852267550498 3
1694489978889 156.43303059891144 4
1694489979017 153.34639831790403 5
1694489979150 150.32705936424148 6
1694489979273 147.3734837482836 7
1694489979404 144.48417709871268 8
1694489979554 141.65767982268017 9
1694489979678 138.89256628589217 10
1694489979797 136.18744401215906 11
1694489979933 133.5409529019446 12
1694489980056 130.9517644694623 13
1694489980184 128.41858109787736 14
1694489980309 125.94013531218226 15
1694489980442 123.51518906932525 16
1694489980579 121.14253306518094 17
1694489980742 118.8209860579613 18
1694489980879 116.54939420767604 19
1694489980998 114.32663043125949 20
1694489981140 112.15159377299143 21
1694489981272 110.0232087898474 22
1694489981400 107.94042495142274 23
1694489981529 105.90221605408381 24
1694489981653 103.90757964900699 25
1694489981770 101.95553648377566 26
1694489981914 100.04512995721142 27
1694489982056 98.17542558712512 28
1694489982209 96.34551049068004 29
1694489982328 94.55449287706679 30
1694489982453 92.801501552197 31
1694489982578 91.08568543512992 32
1694489982700 89.40621308595242 33
1694489982876 87.76227224483989 34
1694489983007 86.15306938203221 35
1694489983133 84.57782925846475 36
1694489983283 83.03579449680103 37
1694489983399 81.52622516261967 38
1694489983520 80.04839835551387 39
1694489983646 78.60160780986782 40
1694489983775 77.1851635050795 41
1694489983900 75.79839128500583 42
1694489984032 74.44063248641021 43
1694489984159 73.11124357619839 44
1694489984285 71.80959579723448 45
1694489984406 70.53507482253191 46
1694489984534 69.28708041762113 47
1694489984662 68.06502611089917 48
1694489984793 66.8683388717716 49
