1694490450895 38.07165570060946 0
1694490450999 8.935124609293823 1
1694490451105 2.380287884196456 2
1694490451217 0.7047740032997069 3
1694490451317 0.23164774843621713 4
1694490451408 0.2041218477829487 5
1694490451497 0.14993080999754496 6
1694490451591 0.13575540396667393 7
1694490451690 0.14647406576822472 8
1694490451800 0.17367453226217408 9
1694490451903 0.17408729847602872 10
1694490452001 0.14334993843509322 11
1694490452098 0.16508266931896923 12
1694490452201 0.1697603465928127 13
1694490452301 0.175295303451829 14
1694490452403 0.09726709627600251 15
1694490452505 0.1379851293640696 16
1694490452610 0.15462617637008175 17
1694490452717 0.17385332604440132 18
1694490452819 0.13227666937080385 19
1694490452920 0.11160168585359208 20
1694490453024 0.12956132134262938 21
1694490453133 0.178244325554415 22
1694490453236 0.108467663453089 23
1694490453332 0.12266423412762674 24
1694490453428 0.14085269363121894 25
1694490453528 0.14211906821729758 26
1694490453628 0.12150382940772757 27
1694490453734 0.12580296016219195 28
1694490453829 0.09576720892132175 29
1694490453930 0.13970111493950385 30
1694490454026 0.16100677278641573 31
1694490454115 0.12586198172653432 32
1694490454217 0.14409744097850702 33
1694490454318 0.13392409757147417 34
1694490454421 0.15341361829406366 35
1694490454523 0.10622904889571588 36
1694490454612 0.13595495276455694 37
1694490454711 0.17251348129614086 38
1694490454810 0.1839786712380028 39
1694490454910 0.18199268115216524 40
1694490455012 0.1673931182797196 41
1694490455116 0.12525251186385447 42
1694490455211 0.11738811941452924 43
1694490455315 0.09076810552319925 44
1694490455405 0.11998129501278468 45
1694490455497 0.14699686207173457 46
1694490455594 0.124994213262043 47
1694490455682 0.20974597333730907 48
1694490455785 0.14729782074498637 49
