1694509686300 169.34901212942756 0
1694509686461 169.31513570535824 1
1694509686653 169.28493912685724 2
1694509686825 169.25471933815754 3
1694509686999 169.22450497182137 4
1694509687170 169.19429602657777 5
1694509687331 169.16409250145193 6
1694509687482 169.13389439546904 7
1694509687653 169.1037017076545 8
1694509687804 169.07351443703388 9
1694509687961 169.04333258263296 10
1694509688145 169.0131561434776 11
1694509688317 168.98298511859403 12
1694509688503 168.95281950700848 13
1694509688686 168.9226593077474 14
1694509688857 168.89250451983742 15
1694509689040 168.86235514230535 16
1694509689206 168.83221117417818 17
1694509689368 168.80207261448314 18
1694509689544 168.77193946224745 19
1694509689701 168.74181171649872 20
1694509689891 168.71168937626456 21
1694509690107 168.68157244057286 22
1694509690287 168.65146090845172 23
1694509690481 168.62135477892923 24
1694509690665 168.5912540510339 25
1694509690880 168.5611587237942 26
1694509691052 168.53106879623894 27
1694509691269 168.50098426739692 28
1694509691456 168.47090513629738 29
1694509691640 168.44083140196946 30
1694509691820 168.41076306344266 31
1694509691995 168.38070011974656 32
1694509692180 168.35064256991097 33
1694509692368 168.32059041296583 34
1694509692555 168.29054364794132 35
1694509692735 168.26050227386767 36
1694509692924 168.23046628977542 37
1694509693126 168.20043569469524 38
1694509693352 168.17041048765793 39
1694509693562 168.1403906676945 40
1694509693762 168.11037623383623 41
1694509693926 168.0803671851143 42
1694509694110 168.05036352056035 43
1694509694294 168.02036523920611 44
1694509694487 167.99037234008344 45
1694509694666 167.96038482222434 46
1694509694870 167.93040268466106 47
1694509695069 167.90042592642607 48
1694509695265 167.87045454655194 49
