1694349867428 169.4281063198635 0
1694349867655 137.21548551010306 1
1694349867828 111.68333003379063 2
1694349868057 91.3937742380096 3
1694349868267 75.22533572688748 4
1694349868475 62.30241690070824 5
1694349868685 51.9406272957629 6
1694349868938 43.604361915130646 7
1694349869134 36.87387592138614 8
1694349869337 31.41971909203065 9
1694349869537 26.98287557167804 10
1694349869738 23.359327593498378 11
1694349869914 20.388050657579974 12
1694349870140 17.941671227039002 13
1694349870347 15.91919109287226 14
1694349870571 14.240316582359881 15
1694349870773 12.841034575200336 16
1694349870986 11.670157679409979 17
1694349871237 10.686623192130341 18
1694349871445 9.857378719706142 19
1694349871636 9.155724722442677 20
1694349871810 8.560013232337639 21
1694349872012 8.052624463102527 22
1694349872241 7.619160458801599 23
1694349872456 7.2478084467785715 24
1694349872653 6.9288370520006515 25
1694349872866 6.654196674764018 26
1694349873085 6.417201659439049 27
1694349873311 6.212276797199041 28
1694349873494 6.034754527000414 29
1694349873685 5.880712171701996 30
1694349873871 5.746840860160388 31
1694349874053 5.6303395887077885 32
1694349874304 5.528829280791446 33
1694349874528 5.4402828002714525 34
1694349874726 5.362967730611832 35
1694349874923 5.295399402242187 36
1694349875114 5.236302175070037 37
1694349875360 5.184577394596617 38
1694349875565 5.139276763274154 39
1694349875767 5.0995801230235 40
1694349875963 5.064776845279548 41
1694349876166 5.034250183273994 42
1694349876356 5.0074640666307495 43
1694349876564 4.98395191785095 44
1694349876775 4.963307149449495 45
1694349876986 4.945175063702014 46
1694349877188 4.9292459275536755 47
1694349877401 4.915249035874436 48
1694349877598 4.902947608992703 49
1694349877808 4.892134396926352 50
1694349877997 4.8826278842337265 51
1694349878181 4.874269006933314 52
1694349878375 4.866918307281681 53
1694349878587 4.86045346398122 54
1694349878779 4.8547671451087835 55
1694349878983 4.849765139106871 56
1694349879205 4.845364725874587 57
1694349879441 4.841493255586295 58
1694349879635 4.83808690755228 59
1694349879849 4.835089605379333 60
1694349880037 4.832452068019145 61
1694349880248 4.830130979114709 62
1694349880449 4.828088259454457 63
1694349880647 4.826290429390432 64
1694349880836 4.824708049827262 65
1694349881052 4.823315231890457 66
1694349881241 4.822089206673355 67
1694349881421 4.821009947575016 68
1694349881615 4.820059838702231 69
1694349881821 4.819223383640628 70
1694349882043 4.818486949620758 71
1694349882227 4.81783854273108 72
1694349882426 4.817267610374081 73
1694349882662 4.816764867635887 74
1694349882839 4.816322144652551 75
1694349883028 4.8159322524171655 76
1694349883202 4.815588864786393 77
1694349883415 4.815286414720696 78
1694349883628 4.815020003033083 79
1694349883815 4.814785318132161 80
1694349884006 4.814578565429963 81
1694349884219 4.814396405246753 82
1694349884433 4.814235898187057 83
1694349884645 4.814094457085605 84
1694349884846 4.813969804731044 85
1694349885074 4.81385993667129 86
1694349885270 4.813763088488477 87
1694349885441 4.813677707005422 88
1694349885640 4.813602424950593 89
1694349885848 4.813536038665454 90
1694349886037 4.813477488488405 91
1694349886242 4.813425841493483 92
1694349886473 4.813380276300875 93
