1694508856454 0.7974013227946047 0
1694508856621 0.8085299801037639 1
1694508856785 0.7910826114486911 2
1694508856952 0.7624106053620315 3
1694508857135 0.7913176230328685 4
1694508857317 0.8048901955272834 5
1694508857506 0.7867575190702192 6
1694508857678 0.7953052021559806 7
1694508857873 0.7770066735505105 8
1694508858042 0.8063824550741464 9
1694508858216 0.7817932119482824 10
1694508858384 0.7898639289015095 11
1694508858548 0.7879092773409409 12
1694508858736 0.800479895911936 13
1694508858904 0.7814772781001582 14
1694508859085 0.811706024095247 15
1694508859255 0.7592766628869488 16
1694508859422 0.7445770572596201 17
1694508859605 0.7828519708961839 18
1694508859781 0.8152844426586046 19
1694508859955 0.8134170560528137 20
1694508860127 0.8082446503586203 21
1694508860307 0.8111460664108484 22
1694508860476 0.7904909351960914 23
1694508860663 0.7931062441705228 24
1694508860832 0.7710535729275716 25
1694508861000 0.7934873843599152 26
1694508861166 0.7640990583894498 27
1694508861328 0.7885256173481822 28
1694508861499 0.723629302947458 29
1694508861694 0.8094326494006516 30
1694508861888 0.7821450376093982 31
1694508862074 0.8024878345310197 32
1694508862237 0.7494557738239717 33
1694508862411 0.7950220627594053 34
1694508862599 0.775209283675298 35
1694508862784 0.759221843713914 36
1694508862966 0.8110717465910394 37
1694508863150 0.8171428159745123 38
1694508863330 0.8052879432625604 39
1694508863516 0.8179391773092424 40
1694508863701 0.7944354309569611 41
1694508863889 0.7946040241330712 42
1694508864089 0.815387880593299 43
1694508864289 0.8131209092624252 44
1694508864496 0.8059910884052104 45
1694508864699 0.7836864959172654 46
1694508864869 0.7700246990415079 47
1694508865057 0.7993035516121341 48
1694508865230 0.7982778921478936 49
