1694508856364 0.017974682613656975 0
1694508856543 0.004374443787934679 1
1694508856708 0.06403935117503254 2
1694508856871 0.13216250715593256 3
1694508857046 0.05888525070830762 4
1694508857233 0.5328317319877978 5
1694508857419 0.0010634290972778787 6
1694508857601 0.009268204227642858 7
1694508857792 0.002568183680833345 8
1694508857957 0.24702069930167378 9
1694508858137 0.06335706075853771 10
1694508858307 0.0018051240292324552 11
1694508858472 0.010754083099090882 12
1694508858649 0.023982768950199497 13
1694508858821 0.025500696280275174 14
1694508859004 0.9723105043109816 15
1694508859174 0.027412646069415732 16
1694508859342 0.027385563981416776 17
1694508859518 0.01842140779909251 18
1694508859699 0.28505328719164413 19
1694508859875 0.015226863300533017 20
1694508860044 0.047717351581817 21
1694508860226 0.002303249141103348 22
1694508860394 0.032233409336624635 23
1694508860583 0.30657446152070766 24
1694508860752 1.7849703431729067 25
1694508860919 0.11081116506645357 26
1694508861085 0.1655309686266278 27
1694508861252 0.28033861486700695 28
1694508861414 0.0001136920458365939 29
1694508861603 0.23741625292242363 30
1694508861789 0.2765583181573448 31
1694508861980 0.004461987026626106 32
1694508862158 0.24721265643074594 33
1694508862325 0.06027484779384233 34
1694508862501 0.0032936260895410382 35
1694508862693 0.03305870067031546 36
1694508862876 0.3764363986916042 37
1694508863058 0.0049533360965887865 38
1694508863241 1.1613592491641833 39
1694508863417 0.05172837108318796 40
1694508863613 0.03353416271460732 41
1694508863795 0.04665187394368117 42
1694508863988 0.11765876019100953 43
1694508864197 0.02118729713156448 44
1694508864397 0.08961477092468617 45
1694508864596 1.4659318037783307 46
1694508864788 0.287784154809105 47
1694508864977 0.04194993302005104 48
1694508865152 0.09289025972508795 49
