1694509718495 -237.95591600076256 0
1694509718656 -233.23875131312832 1
1694509718825 -228.61514570511866 2
1694509718990 -224.08323958301276 3
1694509719155 -219.64121036437186 4
1694509719332 -215.28727174064633 5
1694509719485 -211.01967295448867 6
1694509719658 -206.83669809147924 7
1694509719875 -202.73666538597652 8
1694509720074 -198.71792654081042 9
1694509720262 -194.7788660605419 10
1694509720448 -190.9179005980183 11
1694509720634 -187.13347831395862 12
1694509720822 -183.42407824930905 13
1694509721023 -179.78820971011336 14
1694509721197 -176.22441166464884 15
1694509721368 -172.7312521525825 16
1694509721559 -169.3073277059076 17
1694509721736 -165.95126278142612 18
1694509721908 -162.66170920454545 19
1694509722111 -159.43734562416466 20
1694509722283 -156.27687697842816 21
1694509722476 -153.17903397113065 22
1694509722665 -150.1425725585599 23
1694509722847 -147.16627344656965 24
1694509723037 -144.2489415976786 25
1694509723211 -141.38940574799474 26
1694509723432 -138.58651793376953 27
1694509723620 -135.83915302738967 28
1694509723816 -133.14620828261783 29
1694509723991 -130.5066028888982 30
1694509724195 -127.9192775345457 31
1694509724420 -125.38319397864184 32
1694509724597 -122.89733463146305 33
1694509724790 -120.46070214327193 34
1694509724982 -118.07231900130398 35
1694509725161 -115.73122713478638 36
1694509725344 -113.43648752782936 37
1694509725527 -111.18717984003146 38
1694509725715 -108.9824020346467 39
1694509725911 -106.82127001416147 40
1694509726086 -104.70291726313374 41
1694509726265 -102.62649449815004 42
1694509726454 -100.5917063720698 43
1694509726646 -98.59665187774644 44
1694509726838 -96.64107963149729 45
1694509727023 -94.72420591675817 46
1694509727215 -92.84526260050187 47
1694509727403 -91.0040163903334 48
1694509727609 -89.1986791073473 49
