1694509718371 169.5113586796129 0
1694509718544 166.1093686317518 1
1694509718707 162.83112273793216 2
1694509718876 159.61790326641832 3
1694509719036 156.46841735033254 4
1694509719207 153.38139786631461 5
1694509719379 150.35560292131905 6
1694509719535 147.38981534965455 7
1694509719721 144.48284222006097 8
1694509719934 141.6335143526244 9
1694509720121 138.84068584533156 10
1694509720311 136.10323361007357 11
1694509720504 133.42005691790774 12
1694509720682 130.79007695339428 13
1694509720871 128.21223637782577 14
1694509721069 125.68549890117164 15
1694509721244 123.20884886256383 16
1694509721421 120.7812908191531 17
1694509721613 118.40184914316838 18
1694509721785 116.06956762701552 19
1694509721961 113.78350909625475 20
1694509722163 111.54275503029976 21
1694509722337 109.34640519068364 22
1694509722530 107.19357725674097 23
1694509722711 105.08340646855771 24
1694509722905 103.01504527704392 25
1694509723082 100.98766300098677 26
1694509723278 99.0004454909447 27
1694509723485 97.05259479984586 28
1694509723680 95.14332886015725 29
1694509723872 93.27188116749302 30
1694509724049 91.43750047053358 31
1694509724263 89.63945046712915 32
1694509724474 87.87700950646494 33
1694509724653 86.14947029716605 34
1694509724845 84.45613962122424 35
1694509725036 82.79633805362984 36
1694509725216 81.16939968759506 37
1694509725392 79.57467186525724 38
1694509725579 78.01151491375221 39
1694509725772 76.479301886551 40
1694509725963 74.97741830995446 41
1694509726138 73.50526193464319 42
1694509726313 72.06224249218134 43
1694509726507 70.64756849695624 44
1694509726697 69.26110701534965 45
1694509726893 67.90208086720477 46
1694509727075 66.56994537920586 47
1694509727271 65.26416671201281 48
1694509727462 63.98402556527558 49
