1694510184999 0.658700978835754 0
1694510185197 0.8142268663862647 1
1694510185385 0.8135805654002707 2
1694510185558 0.815232286821885 3
1694510185722 0.8151174543693115 4
1694510185910 0.8147551336969863 5
1694510186080 0.8146029121137044 6
1694510186245 0.8152161649893388 7
1694510186410 0.8142176625740623 8
1694510186586 0.8144712808627359 9
1694510186764 0.8131630622616363 10
1694510186959 0.8147803617806758 11
1694510187157 0.8145850808903656 12
1694510187341 0.8147679004421602 13
1694510187514 0.8142270885258429 14
1694510187701 0.8138710516719623 15
1694510187904 0.8137897629586694 16
1694510188099 0.8123719368293603 17
1694510188299 0.8140593418430961 18
1694510188472 0.812959508760673 19
1694510188666 0.8149222605460877 20
1694510188839 0.8152304209272696 21
1694510189015 0.8141971986095005 22
1694510189195 0.8143794828436937 23
1694510189391 0.81386127695222 24
1694510189564 0.8145294018809954 25
1694510189758 0.8139736926392597 26
1694510189951 0.814709862872238 27
1694510190124 0.8145353525708077 28
1694510190297 0.814893803997718 29
1694510190463 0.8139978556641825 30
1694510190633 0.8141499519308804 31
1694510190841 0.8137788571412139 32
1694510191037 0.8148601514484091 33
1694510191206 0.8133061912701005 34
1694510191386 0.8147749287472601 35
1694510191567 0.8150854017646477 36
1694510191743 0.8144886431900705 37
1694510191939 0.8125510733419572 38
1694510192110 0.8130497438393485 39
1694510192284 0.8135629362468721 40
1694510192476 0.8149080989755068 41
1694510192645 0.8144407589754913 42
1694510192837 0.8139030947986716 43
1694510193008 0.814401600222599 44
1694510193212 0.8145248554691208 45
1694510193382 0.8141873354604358 46
1694510193558 0.8152706800520014 47
1694510193716 0.8143240765677753 48
1694510193893 0.8143327902486596 49
