1694510184906 0.00893434897658164 0
1694510185110 0.14091044203258962 1
1694510185301 0.028333452166263724 2
1694510185469 0.03584921264701766 3
1694510185643 0.18556461171398955 4
1694510185827 0.003387842887448331 5
1694510186000 0.00629769378037518 6
1694510186163 0.06649843157847572 7
1694510186331 0.12179976393768142 8
1694510186496 0.03030044659481452 9
1694510186677 0.09669547703324952 10
1694510186869 0.03846439114043891 11
1694510187069 0.007055796296609228 12
1694510187249 0.13755289052587305 13
1694510187430 0.05493106452201306 14
1694510187617 0.007790056612275349 15
1694510187802 0.009385829291489923 16
1694510188014 0.024662528372741965 17
1694510188207 0.011451059417697071 18
1694510188386 0.03951346867006561 19
1694510188574 0.04833468004169406 20
1694510188751 0.23192481032288817 21
1694510188932 0.0013884883740728586 22
1694510189098 0.0016538819688015208 23
1694510189304 0.6568167696165776 24
1694510189480 0.04562695852468603 25
1694510189675 0.03640861706559656 26
1694510189866 0.7017713009380132 27
1694510190038 0.01213499297812081 28
1694510190211 0.06328756757419708 29
1694510190378 0.042539780493772585 30
1694510190549 0.15695297082911397 31
1694510190751 0.01907720752477212 32
1694510190948 0.13189969174859775 33
1694510191121 0.3287737108119225 34
1694510191291 0.006593973738129192 35
1694510191482 0.0016088952044111726 36
1694510191654 0.25504468650975964 37
1694510191847 0.07691194910449335 38
1694510192024 0.03978628688934341 39
1694510192199 0.015932702886914344 40
1694510192389 0.03349760711459121 41
1694510192560 0.04212553217725442 42
1694510192754 0.04628877258348747 43
1694510192923 0.09395515180402453 44
1694510193122 0.007948699430366229 45
1694510193297 0.061000605197227706 46
1694510193478 0.025473509069330897 47
1694510193643 0.05525273451271834 48
1694510193820 0.22725504753804418 49
