1694490438512 -229.55836803193137 0
1694490438613 -226.48982149870517 1
1694490438699 -223.46258434957088 2
1694490438792 -220.47561410127614 3
1694490438894 -217.52837981056686 4
1694490438980 -214.62102116873203 5
1694490439088 -211.7522721524118 6
1694490439181 -208.92177124092763 7
1694490439271 -206.12928321719562 8
1694490439357 -203.3740134817691 9
1694490439452 -200.65565768491862 10
1694490439554 -197.97376777363132 11
1694490439647 -195.32759690347888 12
1694490439732 -192.71704626521375 13
1694490439838 -190.14063198966483 14
1694490439940 -187.59941659154714 15
1694490440048 -185.09202527986588 16
1694490440155 -182.61805168275998 17
1694490440257 -180.17715627750772 18
1694490440358 -177.76896067901032 19
1694490440460 -175.39292880719367 20
1694490440559 -173.04870598013093 21
1694490440657 -170.73558371557365 22
1694490440760 -168.45356634462036 23
1694490440860 -166.2019122826621 24
1694490440953 -163.98037366794338 25
1694490441054 -161.788795736482 26
1694490441160 -159.62619502083683 27
1694490441261 -157.49247236174187 28
1694490441367 -155.38738272170283 29
1694490441459 -153.31032424790496 30
1694490441556 -151.26106961990726 31
1694490441655 -149.23910571981335 32
1694490441753 -147.24421449183507 33
1694490441845 -145.27600370250244 34
1694490441934 -143.3339841889824 35
1694490442024 -141.41799904358078 36
1694490442119 -139.52770491869686 37
1694490442217 -137.66251685099138 38
1694490442323 -135.82218908529669 39
1694490442430 -134.00664893234202 40
1694490442515 -132.21529362358834 41
1694490442619 -130.4475700148964 42
1694490442722 -128.70366498102163 43
1694490442820 -126.9830529842921 44
1694490442925 -125.2854472224302 45
1694490443025 -123.61047707612758 46
1694490443128 -121.95786688000076 47
1694490443225 -120.32739850948738 48
1694490443318 -118.7186794154808 49
