1694490438451 169.51264622223803 0
1694490438547 167.98434936660402 1
1694490438643 160.10093421636486 2
1694490438730 158.95874175018625 3
1694490438828 163.27934495016464 4
1694490438923 153.5434746878285 5
1694490439013 152.80747741163907 6
1694490439124 154.95203485101766 7
1694490439210 150.38883053124155 8
1694490439300 152.18908830205189 9
1694490439385 148.43556602104644 10
1694490439486 142.65239565529012 11
1694490439586 140.40832053323084 12
1694490439677 135.039398715514 13
1694490439767 147.80349859440474 14
1694490439873 137.36544831319432 15
1694490439976 134.10429244726234 16
1694490440086 131.53301160975684 17
1694490440190 131.78060406013455 18
1694490440289 127.90238534995125 19
1694490440393 126.19471503537994 20
1694490440494 122.72738689901952 21
1694490440594 125.41131785398295 22
1694490440693 122.95144303132713 23
1694490440795 121.82355437771447 24
1694490440890 120.70107646013426 25
1694490440986 113.59422818121514 26
1694490441088 115.39798686672984 27
1694490441195 116.87780983826325 28
1694490441299 112.7946725857685 29
1694490441397 112.09440800442731 30
1694490441493 111.28671634597171 31
1694490441588 111.23306755031898 32
1694490441690 108.81849870532403 33
1694490441784 106.61912049868285 34
1694490441876 105.89299153412082 35
1694490441963 104.38691950761309 36
1694490442059 101.63197290705627 37
1694490442149 101.24479548021311 38
1694490442256 99.88787767347421 39
1694490442361 96.42800162441372 40
1694490442460 95.15685101579416 41
1694490442550 98.59554717437933 42
1694490442655 97.25881342209665 43
1694490442755 94.02270051412971 44
1694490442857 92.5295733769886 45
1694490442959 90.52332608980154 46
1694490443061 89.77403151091076 47
1694490443164 87.19421780489856 48
1694490443259 85.70776770152739 49
