1694490080006 0.1690395747065919 0
1694490080148 0.004975289984117482 1
1694490080293 0.003115192257121289 2
1694490080439 0.011766222091521186 3
1694490080594 0.04960884465680767 4
1694490080749 0.0019236815984858516 5
1694490080895 0.04853189442298684 6
1694490081030 0.10836333948449842 7
1694490081168 0.18219267313950877 8
1694490081316 1.0913187443072376 9
1694490081449 0.006133743581883791 10
1694490081616 0.08127890707772521 11
1694490081757 0.07306374485793238 12
1694490081890 0.016324916831715778 13
1694490082041 0.10249114203662767 14
1694490082183 0.11888074688924849 15
1694490082327 0.19871785362964506 16
1694490082468 0.01987727902069375 17
1694490082612 0.15983127052365914 18
1694490082759 0.057318082776407375 19
1694490082902 0.050390323045984335 20
1694490083050 0.005300808864384087 21
1694490083200 0.3765973405023321 22
1694490083348 0.9084458746002432 23
1694490083482 0.09927936796989109 24
1694490083621 0.21441696240442948 25
1694490083756 0.12687099706711252 26
1694490083890 0.23269179939772736 27
1694490084029 0.02011983817522356 28
1694490084181 0.01834402889148488 29
1694490084320 0.0035568752105865228 30
1694490084465 0.20967903061426074 31
1694490084604 0.13338985174340476 32
1694490084744 0.03771796882931697 33
1694490084900 0.0659852626312437 34
1694490085051 0.002628230867200808 35
1694490085201 0.16023966592572034 36
1694490085346 0.14511815712219728 37
1694490085477 0.05262216264241074 38
1694490085613 0.11089316597691916 39
1694490085753 0.11810305063748637 40
1694490085894 0.00020097031992149982 41
1694490086027 0.05649884179625342 42
1694490086168 0.12459448334617587 43
1694490086306 0.1309669809369181 44
1694490086449 0.11797108650203415 45
1694490086595 0.07100763941978817 46
1694490086737 0.0187010303192287 47
1694490086877 0.5998987169692536 48
1694490087015 0.019719360863093796 49
