1694507921040 9.639380008168406 0
1694507921290 5.025225703516277 1
1694507921516 6.119920455544611 2
1694507921760 4.950287455362394 3
1694507922010 4.631408351443393 4
1694507922271 5.7367362744863515 5
1694507922517 5.515986687870521 6
1694507922801 3.7238783487281695 7
1694507923084 8.269432614764094 8
1694507923351 8.166721890033827 9
1694507923605 4.650492565975366 10
1694507923856 5.671243954401401 11
1694507924132 4.126516541487182 12
1694507924395 8.3700481662119 13
1694507924665 2.6039897762708857 14
1694507924969 4.390514747786488 15
1694507925247 3.9652222918872484 16
1694507925505 7.378200860636921 17
1694507925769 1.706243295668564 18
1694507926028 5.691698839824361 19
1694507926297 9.021215611405125 20
1694507926574 5.761870545204429 21
1694507926831 3.02731456920823 22
1694507927099 3.478578390966788 23
1694507927366 4.2804264327668795 24
1694507927670 1.0869433344937534 25
1694507927927 2.32258443392377 26
1694507928195 3.2677456295894167 27
1694507928452 4.979125085256142 28
1694507928699 3.8950537363089186 29
1694507928982 4.022159478649981 30
1694507929274 5.456590175480247 31
1694507929582 7.038649068438901 32
1694507929903 5.065233409072299 33
1694507930206 4.5142664632103315 34
1694507930454 1.7140328701501268 35
1694507930713 4.655056091434261 36
1694507930993 4.546609681200202 37
1694507931275 4.5515907216815155 38
1694507931553 6.09386201760517 39
1694507931831 4.765609947072295 40
1694507932103 3.4678724405986427 41
1694507932393 1.9077492810555268 42
1694507932650 3.0374017804724587 43
1694507932934 2.606771107813543 44
1694507933206 4.047164402416414 45
1694507933464 4.070594315692405 46
1694507933731 3.8995047244535748 47
1694507933997 4.447634800429552 48
1694507934283 3.390064799408645 49
