1694508590691 -237.76048478261794 0
1694508590869 -233.02193788329177 1
1694508591038 -228.38692683933377 2
1694508591223 -223.85309529039276 3
1694508591395 -219.4181416941944 4
1694508591566 -215.0798180924537 5
1694508591743 -210.83592884743828 6
1694508591948 -206.6843294085303 7
1694508592137 -202.62292510807276 8
1694508592312 -198.64966998580098 9
1694508592482 -194.76256564117813 10
1694508592659 -190.95966011297006 11
1694508592840 -187.23904678540939 12
1694508593024 -183.59886332031576 13
1694508593206 -180.03729061455343 14
1694508593397 -176.55255178222225 15
1694508593617 -173.14291116099326 16
1694508593817 -169.8066733420126 17
1694508593987 -166.54218222281324 18
1694508594189 -163.3478200826857 19
1694508594371 -160.2220066799732 20
1694508594569 -157.16319837076853 21
1694508594738 -154.16988724850336 22
1694508594889 -151.2406003039321 23
1694508595029 -148.3738986050247 24
1694508595205 -145.56837649629426 25
1694508595362 -142.82266081709685 26
1694508595534 -140.13541013845145 27
1694508595749 -137.50531401793953 28
1694508595917 -134.93109227225372 29
1694508596067 -132.41149426697496 30
1694508596238 -129.94529822316903 31
1694508596413 -127.53131054040122 32
1694508596577 -125.16836513577893 33
1694508596733 -122.85532279864059 34
1694508596904 -120.59107056051869 35
1694508597055 -118.37452108001352 36
1694508597208 -116.20461204222259 37
1694508597361 -114.08030557238008 38
1694508597520 -112.00058766336741 39
1694508597673 -109.96446761676599 40
1694508597866 -107.97097749712921 41
1694508598036 -106.01917159915999 42
1694508598188 -104.10812592748626 43
1694508598374 -102.23693768873567 44
1694508598535 -100.40472479561639 45
1694508598693 -98.61062538271896 46
1694508598859 -96.85379733376051 47
1694508599027 -95.13341781999912 48
1694508599192 -93.44868284955326 49
