1694508590581 169.34901212942756 0
1694508590749 165.9781622997389 1
1694508590915 162.68444425535355 2
1694508591084 159.46270932133882 3
1694508591287 156.31131865570768 4
1694508591455 153.2286715601412 5
1694508591621 150.2132046207485 6
1694508591799 147.26339082845487 7
1694508592011 144.37773872029007 8
1694508592190 141.55479154107653 9
1694508592360 138.79312642503194 10
1694508592530 136.09135359681048 11
1694508592712 133.44811559151867 12
1694508592896 130.8620864932543 13
1694508593077 128.3319711917255 14
1694508593263 125.85650465651915 15
1694508593458 123.43445122859825 16
1694508593673 121.06460392861648 17
1694508593871 118.74578378164969 18
1694508594035 116.47683915795231 19
1694508594245 114.25664512935732 20
1694508594425 112.08410284094609 21
1694508594619 109.95813889762456 22
1694508594785 107.87770476525056 23
1694508594928 105.84177618596492 24
1694508595084 103.84935260738843 25
1694508595262 101.8994566253539 26
1694508595410 99.99113343985084 27
1694508595594 98.12345032386813 28
1694508595799 96.29549610482714 29
1694508595963 94.50638065830553 30
1694508596113 92.75523441375886 31
1694508596292 91.04120787195431 32
1694508596461 89.3634711338375 33
1694508596620 87.72121344056018 34
1694508596789 86.11364272440292 35
1694508596952 84.5399851703336 36
1694508597098 82.99948478794794 37
1694508597254 81.49140299354579 38
1694508597413 80.01501820210099 39
1694508597568 78.56962542888965 40
1694508597719 77.15453590054727 41
1694508597916 75.76907667532983 42
1694508598086 74.41259027235996 43
1694508598239 73.08443430964459 44
1694508598425 71.7839811506551 45
1694508598583 70.51061755926631 46
1694508598742 69.26374436285576 47
1694508598904 68.0427761233687 48
1694508599078 66.84714081615957 49
