1694508418263 44.48514970299351 0
1694508418393 15.960064394606952 1
1694508418517 7.953642541108631 2
1694508418639 6.220521351530764 3
1694508418772 5.506046536849367 4
1694508418909 4.879580608580514 5
1694508419048 5.1803014959877505 6
1694508419173 4.915226666124425 7
1694508419293 4.991965723610684 8
1694508419419 5.382172276250694 9
1694508419539 5.074132082303524 10
1694508419661 4.8067041927724 11
1694508419790 4.672516591146571 12
1694508419916 5.237252433001608 13
1694508420042 4.947489778532322 14
1694508420167 4.42040230533772 15
1694508420287 4.85924976089365 16
1694508420412 4.916615579591727 17
1694508420548 5.047634826950913 18
1694508420672 4.53989611023076 19
1694508420805 4.49890033254523 20
1694508420927 4.569039304916358 21
1694508421063 4.580318729696884 22
1694508421194 4.78411816140651 23
1694508421315 5.068971397737612 24
1694508421437 4.805792062906717 25
1694508421557 5.005074961311486 26
1694508421685 4.854491787649533 27
1694508421824 4.6984159326632655 28
1694508421964 4.739104318337659 29
1694508422104 4.653637883674105 30
1694508422244 4.607202874232312 31
1694508422388 4.8362980512953575 32
1694508422522 4.858751024699786 33
1694508422642 4.907317090636948 34
1694508422775 5.1879616389861445 35
1694508422910 4.973649029624606 36
1694508423051 5.078101070106284 37
1694508423199 5.236253082694334 38
1694508423344 4.812111660859901 39
1694508423485 4.768001117108984 40
1694508423613 4.9302636675661935 41
1694508423745 4.744961501651258 42
1694508423889 4.501120182447978 43
1694508424015 4.808279691264858 44
1694508424149 5.173401130222598 45
1694508424288 4.323965979612165 46
1694508424404 4.720662067724608 47
1694508424540 4.7774888438960135 48
1694508424672 5.0787421016699605 49
