1694507313692 -6.32629197715445 0
1694507314038 -5.591512495406934 1
1694507314394 -5.615665681641717 2
1694507314781 -5.632633055614011 3
1694507315109 -5.581035347313253 4
1694507315451 -5.5822048384573 5
1694507315774 -5.648800804153102 6
1694507316084 -5.55392295727811 7
1694507316450 -5.669481766547029 8
1694507316823 -5.593469596801271 9
1694507317167 -5.616500660974224 10
1694507317556 -5.599390016716254 11
1694507317893 -5.608212948576213 12
1694507318209 -5.594052448869952 13
1694507318592 -5.597082610405101 14
1694507318923 -5.65767808051854 15
1694507319260 -5.673015130411254 16
1694507319608 -5.6233857778447565 17
1694507319942 -5.616318906319099 18
1694507320283 -5.59609358128706 19
1694507320677 -5.640697903657138 20
1694507321020 -5.664326532457125 21
1694507321349 -5.604476633458171 22
1694507321695 -5.683892476041751 23
1694507322097 -5.601039370770615 24
1694507322478 -5.621549381716914 25
1694507322827 -5.625069724264436 26
1694507323131 -5.5763227597151 27
1694507323461 -5.696598259275584 28
1694507323790 -5.654089025155386 29
1694507324106 -5.641148557081033 30
1694507324476 -5.654542029606099 31
1694507324849 -5.5343373112277865 32
1694507325197 -5.604474574760616 33
1694507325565 -5.641575680012932 34
1694507325873 -5.557527812771605 35
1694507326200 -5.604520769132701 36
1694507326560 -5.6151368699653235 37
1694507326888 -5.620108305209258 38
1694507327234 -5.596404988304958 39
1694507327587 -5.666459357226586 40
1694507327932 -5.59008020594975 41
1694507328233 -5.598449466600947 42
1694507328595 -5.648350016168431 43
1694507328960 -5.607691304377607 44
1694507329300 -5.603601205319389 45
1694507329688 -5.689759033753271 46
1694507330079 -5.542217899681204 47
1694507330454 -5.626025031202017 48
1694507330846 -5.658856089805423 49
