1694490136964 0.02626619578698512 0
1694490137113 0.04956247688771696 1
1694490137268 0.034553020051398875 2
1694490137427 0.2716065879765962 3
1694490137576 0.3344014411686014 4
1694490137726 0.00016992120037916269 5
1694490137872 0.007984359045605583 6
1694490138017 0.0028608576558146566 7
1694490138178 0.015742638377554907 8
1694490138321 0.10557264762517793 9
1694490138458 0.021253867519008658 10
1694490138595 0.03380984142510609 11
1694490138744 0.015674774638973533 12
1694490138890 0.08934994978052298 13
1694490139033 0.09912200164613266 14
1694490139178 0.07360061090638088 15
1694490139325 0.15312586190177327 16
1694490139469 0.10980969732285746 17
1694490139610 0.03548140842907103 18
1694490139754 0.0008073178506430927 19
1694490139905 0.0032220270859059813 20
1694490140047 0.08933457673869458 21
1694490140207 0.028578000784419248 22
1694490140350 0.29033831424396667 23
1694490140496 0.018172199696802647 24
1694490140642 0.013816575527744047 25
1694490140785 0.3857307094233223 26
1694490140931 0.26984515236093665 27
1694490141085 0.13531610912478573 28
1694490141234 0.042963662593889645 29
1694490141380 0.3060668136527719 30
1694490141522 0.25700200878791823 31
1694490141684 0.0058609850750892525 32
1694490141834 0.09845494006420534 33
1694490141979 0.023531994476828317 34
1694490142118 0.10946164703311403 35
1694490142268 0.01333257979251761 36
1694490142409 0.021999650903432286 37
1694490142562 1.8174623741340785 38
1694490142707 0.00433356816316756 39
1694490142861 0.24946784546607823 40
1694490143004 0.006822458015928806 41
1694490143134 0.00843470342542371 42
1694490143287 0.11558469944234699 43
1694490143433 0.1836231995866627 44
1694490143579 0.06786224822671737 45
1694490143728 0.00012346513299708571 46
1694490143880 0.23051615747743306 47
1694490144018 0.26553790321623083 48
1694490144161 0.01198743058631034 49
