1694508772957 -237.24926142678555 0
1694508773181 -232.52206784931417 1
1694508773380 -227.8981462947085 2
1694508773570 -223.3751467176798 3
1694508773747 -218.95077373675318 4
1694508773933 -214.62278540387825 5
1694508774129 -210.38899194473782 6
1694508774328 -206.24725452896195 7
1694508774528 -202.19548406953282 8
1694508774709 -198.2316400506857 9
1694508774875 -194.3537293836254 10
1694508775059 -190.55980528939702 11
1694508775280 -186.84796620826293 12
1694508775481 -183.21635473495414 13
1694508775667 -179.66315657918045 14
1694508775841 -176.1865995507972 15
1694508776010 -172.7849525690408 16
1694508776208 -169.4565246952603 17
1694508776410 -166.19966418858513 18
1694508776593 -163.01275758398273 19
1694508776770 -159.8942287921726 20
1694508776931 -156.84253822087652 21
1694508777127 -153.85618191689696 22
1694508777319 -150.9336907285273 23
1694508777470 -148.07362948781034 24
1694508777645 -145.274596212172 25
1694508777838 -142.5352213249694 26
1694508778022 -139.85416689450275 27
1694508778193 -137.23012589105193 28
1694508778377 -134.66182146150823 29
1694508778535 -132.14800622118312 30
1694508778694 -129.68746156238498 31
1694508778859 -127.27899697936431 32
1694508779029 -124.92144940923907 33
1694508779197 -122.613682588519 34
1694508779372 -120.35458642485804 35
1694508779528 -118.14307638367299 36
1694508779685 -115.97809288927427 37
1694508779874 -113.85860074016395 38
1694508780076 -111.78358853816395 39
1694508780240 -109.75206813104576 40
1694508780408 -107.76307406834026 41
1694508780596 -105.81566307001458 42
1694508780774 -103.90891350770983 43
1694508780946 -102.04192489824149 44
1694508781121 -100.21381740907039 45
1694508781285 -98.42373137546032 46
1694508781471 -96.67082682904396 47
1694508781630 -94.95428303752665 48
1694508781812 -93.27329805526267 49
