1694491320758 -228.01967452034697 0
1694491320898 -223.45862261364255 1
1694491321067 -218.98848298673303 2
1694491321202 -214.60744302855773 3
1694491321350 -210.31372628250253 4
1694491321484 -206.1055917248954 5
1694491321652 -201.98133305790856 6
1694491321811 -197.93927801658074 7
1694491321953 -193.9777876896759 8
1694491322085 -190.09525585410373 9
1694491322218 -186.29010832262932 10
1694491322378 -182.56080230460728 11
1694491322516 -178.90582577947993 12
1694491322649 -175.3236968827846 13
1694491322797 -171.81296330441978 14
1694491322938 -168.3722016989254 15
1694491323054 -165.00001710753733 16
1694491323206 -161.69504239178065 17
1694491323345 -158.45593767837113 18
1694491323489 -155.2813898151992 19
1694491323637 -152.1701118381746 20
1694491323784 -149.12084244871556 21
1694491323975 -146.13234550166862 22
1694491324122 -143.20340950345184 23
1694491324271 -140.33284712021648 24
1694491324403 -137.51949469582755 25
1694491324543 -134.7622117794662 26
1694491324670 -132.059880662663 27
1694491324816 -129.4114059255724 28
1694491324977 -126.81571399230504 29
1694491325137 -124.27175269513556 30
1694491325312 -121.77849084741025 31
1694491325486 -119.3349178249792 32
1694491325658 -116.9400431559838 33
1694491325826 -114.59289611883221 34
1694491325972 -112.29252534819926 35
1694491326129 -110.03799844889062 36
1694491326256 -107.82840161741414 37
1694491326400 -105.66283927110453 38
1694491326552 -103.54043368465005 39
1694491326708 -101.46032463387415 40
1694491326879 -99.42166904662663 41
1694491327009 -97.42364066064218 42
1694491327149 -95.46542968822777 43
1694491327285 -93.54624248764208 44
1694491327420 -91.66530124103322 45
1694491327541 -89.82184363880425 46
1694491327674 -88.01512257027758 47
1694491327802 -86.24440582053299 48
1694491327942 -84.50897577329548 49
