1694491320649 169.42810631986347 0
1694491320804 166.05396746635364 1
1694491320952 162.74709460145576 2
1694491321111 159.5061462044698 3
1694491321249 156.32980752143848 4
1694491321391 153.21679003079868 5
1694491321524 150.16583091970628 6
1694491321699 147.17569257082178 7
1694491321850 144.24516205934773 8
1694491321999 141.37305066011237 9
1694491322126 138.55819336449937 10
1694491322267 135.79944840702632 11
1694491322415 133.0956968013794 12
1694491322554 130.4458418857152 13
1694491322689 127.84880887704423 14
1694491322837 125.30354443451495 15
1694491322981 122.80901623142003 16
1694491323097 120.36421253575085 17
1694491323248 117.9681417991292 18
1694491323389 115.61983225394869 19
1694491323532 113.31833151856215 20
1694491323677 111.0627062103536 21
1694491323834 108.85204156653789 22
1694491324016 106.68544107253311 23
1694491324165 104.56202609775454 24
1694491324308 102.4809355386819 25
1694491324439 100.44132546905459 26
1694491324585 98.44236879705215 27
1694491324717 96.48325492932099 28
1694491324857 94.56318944170971 29
1694491325020 92.68139375657987 30
1694491325187 90.83710482656004 31
1694491325357 89.02957482461495 32
1694491325535 87.25807084030318 33
1694491325701 85.52187458209991 34
1694491325868 83.82028208566359 35
1694491326011 82.1526034279275 36
1694491326170 80.51816244690023 37
1694491326294 78.91629646706052 38
1694491326441 77.3463560302353 39
1694491326593 75.80770463185064 40
1694491326756 74.29971846244892 41
1694491326915 72.82178615436663 42
1694491327048 71.37330853346998 43
1694491327186 69.95369837584667 44
1694491327325 68.56238016935579 45
1694491327455 67.19878987993789 46
1694491327583 65.86237472259059 47
1694491327717 64.55259293691634 48
1694491327845 63.26891356715127 49
