1694489278461 -5.78842866050049 0
1694489278751 -6.166568386866028 1
1694489278914 -6.041682576563776 2
1694489279090 -6.175829542354468 3
1694489279250 -6.124329505035005 4
1694489279426 -6.258269393752055 5
1694489279577 -5.996365167468691 6
1694489279756 -6.447695514714361 7
1694489279933 -5.972576444875516 8
1694489280109 -6.362649672338507 9
1694489280271 -6.207171683946907 10
1694489280440 -6.114196692205863 11
1694489280599 -6.179633424711165 12
1694489280742 -6.368921139849682 13
1694489280899 -6.060333828317063 14
1694489281074 -6.013981545005991 15
1694489281229 -6.369874509188286 16
1694489281395 -6.022760072878227 17
1694489281557 -7.3051657850186285 18
1694489281714 -6.1821951355154106 19
1694489281885 -6.157022454921537 20
1694489282052 -6.525661607255274 21
1694489282214 -5.961522663818132 22
1694489282404 -6.30528860396567 23
1694489282564 -6.180244341470191 24
1694489282716 -6.2013155580766135 25
1694489282875 -5.9760325552830365 26
1694489283040 -5.844093200658499 27
1694489283212 -6.467887896723191 28
1694489283366 -6.0035130928857265 29
1694489283557 -6.200569725805041 30
1694489283708 -6.291958992862064 31
1694489283868 -5.7632286293898245 32
1694489284022 -5.973086334755929 33
1694489284182 -6.423615552533681 34
1694489284333 -5.878257588438568 35
1694489284486 -6.146585835897997 36
1694489284646 -6.24263127865538 37
1694489284802 -6.571928155519738 38
1694489284962 -5.951153808304371 39
1694489285123 -5.831647910135226 40
1694489285288 -6.092616447568034 41
1694489285450 -5.9807211514402265 42
1694489285640 -7.023873456997164 43
1694489285834 -6.293536095846947 44
1694489285995 -6.056321337623698 45
1694489286158 -6.278706570372775 46
1694489286336 -6.072694718862927 47
1694489286502 -6.109707990846446 48
1694489286666 -6.546639187703887 49
