1694489278257 4.334949033868628 0
1694489278565 4.668914943393409 1
1694489278833 4.890518279458469 2
1694489279001 5.499936651984718 3
1694489279178 6.6784539013350095 4
1694489279350 1.7445709325321197 5
1694489279501 3.5898795139563453 6
1694489279661 3.5089579584533253 7
1694489279849 3.977069547627472 8
1694489280027 11.485821788614862 9
1694489280194 5.508601472275475 10
1694489280351 4.738142013084858 11
1694489280525 3.8073366821944346 12
1694489280675 5.862961656635064 13
1694489280823 5.624870230806181 14
1694489280994 3.430258532197869 15
1694489281161 8.011347590316472 16
1694489281312 3.6737099227900014 17
1694489281480 10.218494819584022 18
1694489281642 4.978734736431118 19
1694489281801 3.074079439142593 20
1694489281970 4.296955627932687 21
1694489282145 6.09486003748178 22
1694489282299 2.522416206568409 23
1694489282496 3.200735512471882 24
1694489282643 5.1624862688139626 25
1694489282801 6.72657594119214 26
1694489282959 6.850117699284073 27
1694489283124 5.930335081617389 28
1694489283290 3.8568167315707247 29
1694489283478 5.23514179325464 30
1694489283634 7.120421087424131 31
1694489283796 4.821804916772627 32
1694489283953 5.169709189421766 33
1694489284103 5.67895297892601 34
1694489284264 4.854624945096349 35
1694489284417 6.032564791110938 36
1694489284570 4.483239995488628 37
1694489284729 12.450321490519531 38
1694489284884 3.516086882122582 39
1694489285048 4.218796792570557 40
1694489285212 3.403653891360119 41
1694489285372 8.129887533120973 42
1694489285546 7.673789181136711 43
1694489285731 5.2457040412012725 44
1694489285917 7.568476205723809 45
1694489286081 2.444749926286996 46
1694489286241 3.2844770446401284 47
1694489286424 4.276548781188015 48
1694489286588 5.884735668804898 49
