1694491300178 -229.52413110937206 0
1694491300301 -226.43043583295014 1
1694491300405 -223.3782200863401 2
1694491300505 -220.36704434716052 3
1694491300614 -217.39628687760165 4
1694491300725 -214.4654288330917 5
1694491300832 -211.5740268551021 6
1694491300936 -208.72141135896754 7
1694491301037 -205.9069861351923 8
1694491301144 -203.13057038354177 9
1694491301247 -200.39124146448063 10
1694491301363 -197.68884006762607 11
1694491301471 -195.02285783513756 12
1694491301578 -192.39264945027762 13
1694491301685 -189.7974821344105 14
1694491301793 -187.23745886957013 15
1694491301884 -184.71174966331915 16
1694491301991 -182.22005360790357 17
1694491302089 -179.76148519387493 18
1694491302197 -177.33623052582408 19
1694491302308 -174.94337552006692 20
1694491302420 -172.58289297889354 21
1694491302529 -170.25395395382793 22
1694491302634 -167.95621666602682 23
1694491302746 -165.6894155164816 24
1694491302856 -163.45322052788956 25
1694491302959 -161.24689134513844 26
1694491303070 -159.07033793811348 27
1694491303168 -156.92282546558997 28
1694491303268 -154.80416455399597 29
1694491303379 -152.71410517285207 30
1694491303470 -150.65183013478523 31
1694491303563 -148.61762293581455 32
1694491303651 -146.61050443201393 33
1694491303758 -144.63043354792464 34
1694491303868 -142.67698319376913 35
1694491303967 -140.74967187421984 36
1694491304062 -138.84812372735956 37
1694491304174 -136.97235535653152 38
1694491304277 -135.12177739516875 39
1694491304379 -133.29581544760975 40
1694491304481 -131.49460807191852 41
1694491304597 -129.71748645069442 42
1694491304705 -127.9641297815349 43
1694491304809 -126.23455980336135 44
1694491304917 -124.52811916746226 45
1694491305015 -122.84466273991349 46
1694491305121 -121.18369302060407 47
1694491305226 -119.54493111413163 48
1694491305332 -117.92850558688215 49
