1694489544122 -120.77077386486924 0
1694489544263 -66.41826263121936 1
1694489544411 -39.063513857192426 2
1694489544550 -24.75617220735438 3
1694489544692 -16.97361921373447 4
1694489544826 -12.566245636722934 5
1694489544971 -9.974454144805636 6
1694489545124 -8.398384014381968 7
1694489545275 -7.41675303345524 8
1694489545409 -6.791436743694451 9
1694489545548 -6.38497213396706 10
1694489545693 -6.1217413623519725 11
1694489545838 -5.949546800820817 12
1694489545981 -5.836029850843131 13
1694489546112 -5.7615973981639526 14
1694489546242 -5.712515266072574 15
1694489546380 -5.6785579939022055 16
1694489546523 -5.658679432780688 17
1694489546661 -5.6408675596976074 18
1694489546804 -5.633662267043177 19
1694489546950 -5.623828338203865 20
1694489547094 -5.619597090609834 21
1694489547240 -5.617863344128468 22
1694489547389 -5.6169262806046305 23
1694489547529 -5.614865732269749 24
1694489547670 -5.614436599152806 25
1694489547810 -5.613324764507775 26
1694489547954 -5.612950094452407 27
1694489548095 -5.613063950230042 28
1694489548228 -5.61438446245782 29
1694489548372 -5.6115182612616366 30
1694489548510 -5.610058098237122 31
1694489548637 -5.60942340067375 32
1694489548764 -5.61086156646698 33
1694489548903 -5.611849191237101 34
1694489549046 -5.611159572904333 35
1694489549201 -5.613015707243365 36
1694489549350 -5.611733234522961 37
1694489549492 -5.611789270847931 38
