1694489544053 82.63331483693376 0
1694489544199 48.189599603975694 1
1694489544342 35.39925744517392 2
1694489544486 15.171600782852904 3
1694489544626 10.831410274702964 4
1694489544768 8.483542008196375 5
1694489544904 10.127681442700037 6
1694489545065 4.503420481977269 7
1694489545205 5.2727698576713635 8
1694489545351 4.728077653863062 9
1694489545482 3.8215572273211618 10
1694489545626 2.3974403088360163 11
1694489545769 5.589437181725484 12
1694489545918 4.830046442515539 13
1694489546054 4.083461915852389 14
1694489546186 2.6397056638621494 15
1694489546318 5.665111220118238 16
1694489546456 6.041937768814779 17
1694489546596 6.45150598255657 18
1694489546737 4.666644324676256 19
1694489546882 4.1184091472456155 20
1694489547027 4.545717650823305 21
1694489547169 4.0662128653483105 22
1694489547322 4.787352457629492 23
1694489547464 6.221633361540762 24
1694489547605 4.659400661646571 25
1694489547746 4.253940245060262 26
1694489547885 3.689093365816363 27
1694489548029 6.421989162135488 28
1694489548172 6.697255796169532 29
1694489548305 2.27358351887854 30
1694489548450 5.332802571051469 31
1694489548580 5.664077742917919 32
1694489548710 2.8868229058408583 33
1694489548836 5.820654214590633 34
1694489548979 4.224001346310128 35
1694489549133 4.719587760997299 36
1694489549281 4.974383706090473 37
1694489549429 4.072110444154005 38
