1694491176561 -200.38496416251851 0
1694491176666 -172.56450375044471 1
1694491176775 -148.5912389881688 2
1694491176867 -127.93280153935581 3
1694491176961 -110.12959585273434 4
1694491177053 -94.78868290529718 5
1694491177144 -81.56840107660025 6
1694491177242 -70.17527761905998 7
1694491177341 -60.35738266282845 8
1694491177433 -51.89695341196627 9
1694491177529 -44.60555065769916 10
1694491177635 -38.3226558656376 11
1694491177722 -32.90827628279943 12
1694491177816 -28.24199160514533 13
1694491177916 -24.220870507145687 14
1694491178009 -20.755648205700385 15
1694491178111 -17.76933018454798 16
1694491178213 -15.195782608746196 17
1694491178321 -12.978118138265812 18
1694491178424 -11.06709048096655 19
1694491178534 -9.420177209600153 20
1694491178653 -8.000840517961574 21
1694491178768 -6.777849498492535 22
1694491178874 -5.7240116119983435 23
1694491178973 -4.815839016892416 24
1694491179076 -4.033268424267088 25
1694491179172 -3.3589763442452654 26
1694491179261 -2.7778804488104902 27
1694491179360 -2.277145160685375 28
1694491179460 -1.8455884193758574 29
1694491179558 -1.4738280435384374 30
1694491179657 -1.153459002793514 31
1694491179762 -0.87749370414042 32
1694491179871 -0.6396790254568667 33
1694491179966 -0.43476399646239794 34
1694491180072 -0.25822212443987835 35
1694491180173 -0.10618661532700968 36
1694491180279 0.024861873125495593 37
1694491180378 0.13776053122413534 38
1694491180473 0.23500062261248233 39
1694491180580 0.3187981767416407 40
1694491180686 0.3909823029519718 41
1694491180792 0.45313671793118226 42
1694491180894 0.5066748892905867 43
1694491181001 0.5527604731010347 44
1694491181105 0.5924551758674648 45
1694491181199 0.6266288307777002 46
1694491181300 0.6560656745501375 47
1694491181403 0.6814139300077755 48
1694491181503 0.7032350351596418 49
