1694490893820 -114.14358727225738 0
1694490893991 -53.47325425659118 1
1694490894152 -24.806004775007754 2
1694490894314 -11.264793076946475 3
1694490894477 -4.8709858250627835 4
1694490894638 -1.8523637226496463 5
1694490894796 -0.4269370825982737 6
1694490894950 0.24611125594469618 7
1694490895106 0.562426611059683 8
1694490895289 0.7113528169382703 9
1694490895468 0.781442721020198 10
1694490895652 0.8142992153455585 11
1694490895825 0.8294134620262705 12
1694490895987 0.8364399567763399 13
1694490896144 0.8396903832290242 14
1694490896304 0.8411624565113378 15
1694490896454 0.8417512123191813 16
1694490896616 0.8420163255503408 17
1694490896776 0.8421161617549188 18
1694490896937 0.8421515016174108 19
1694490897104 0.8421374098585597 20
1694490897259 0.8421533549723776 21
1694490897421 0.842130552396759 22
1694490897579 0.8421293935243741 23
