1694490893738 72.76029127251294 0
1694490893913 37.40966755160185 1
1694490894075 18.87800803824811 2
1694490894233 6.587366801895951 3
1694490894399 5.506045409815331 4
1694490894559 1.9080921636686943 5
1694490894719 0.7931733905736935 6
1694490894882 0.42342189212791914 7
1694490895032 0.3033412429791997 8
1694490895188 0.3348389896158285 9
1694490895380 0.014230141785012253 10
1694490895570 0.09115030564692433 11
1694490895738 7.032625722127547e-05 12
1694490895915 0.012656149113095741 13
1694490896071 0.005312202968166342 14
1694490896229 0.022844792845105277 15
1694490896380 0.0971220808866227 16
1694490896532 0.022344459988055704 17
1694490896701 0.015272636122149533 18
1694490896855 0.48380300448730007 19
1694490897018 0.03596050802401784 20
1694490897182 0.0002752329490152952 21
1694490897347 0.15944604076186605 22
1694490897501 0.1798731945069373 23
