1694489721146 -60.77571005078647 0
1694489721234 -21.427454920186907 1
1694489721338 -11.074435285717984 2
1694489721426 -7.810318108666518 3
1694489721512 -6.624641298104456 4
1694489721607 -6.184462584793839 5
1694489721699 -6.003280908428509 6
1694489721799 -5.942106741594305 7
1694489721886 -5.914518593014575 8
1694489721978 -5.896515394249263 9
1694489722065 -5.88859136775779 10
1694489722169 -5.8874808115535995 11
1694489722266 -5.89297459158906 12
1694489722364 -5.881162323351997 13
1694489722452 -5.881043875280327 14
1694489722558 -5.889054282264565 15
1694489722659 -5.8828563182559455 16
1694489722758 -5.8716187334329994 17
1694489722854 -5.882537628595022 18
1694489722950 -5.889096404498759 19
1694489723048 -5.892118611255806 20
1694489723152 -5.890796695726038 21
1694489723251 -5.895685427426554 22
1694489723350 -5.888946889764306 23
1694489723452 -5.893486797951281 24
1694489723553 -5.886945975275877 25
1694489723654 -5.891092353227582 26
1694489723760 -5.881407973937622 27
1694489723852 -5.878775651943235 28
1694489723937 -5.883758035125615 29
1694489724027 -5.893932985191227 30
1694489724122 -5.889356595371327 31
1694489724225 -5.883352644539243 32
1694489724312 -5.886462486349789 33
1694489724399 -5.893433709035519 34
1694489724490 -5.889819106147684 35
1694489724587 -5.888269738834569 36
1694489724690 -5.890479763915258 37
1694489724792 -5.890321043752261 38
1694489724892 -5.884953578165749 39
1694489724992 -5.889305129839932 40
1694489725076 -5.898221604648251 41
1694489725162 -5.8946958931512095 42
1694489725256 -5.888781993548856 43
1694489725341 -5.886551284491499 44
1694489725444 -5.890418312810117 45
1694489725533 -5.881816755004075 46
1694489725618 -5.9019338947088835 47
1694489725708 -5.886279523527357 48
1694489725807 -5.89101977197731 49
