1694490512757 -54.04779922915198 0
1694490512868 -11.774657828279928 1
1694490512970 -2.187877931230013 2
1694490513074 0.0471820325655945 3
1694490513177 0.5900095508009311 4
1694490513278 0.7346583786821973 5
1694490513381 0.7766951824187942 6
1694490513492 0.7903867931516695 7
1694490513596 0.7955948683458413 8
1694490513693 0.7989423631087715 9
1694490513793 0.8015835796083499 10
1694490513893 0.8018284064990915 11
1694490513989 0.801293408611868 12
1694490514079 0.801006855929248 13
1694490514170 0.8013907511102134 14
1694490514272 0.8009961284555026 15
1694490514375 0.8016373075191288 16
1694490514475 0.8004111947330965 17
1694490514566 0.8008845889267389 18
1694490514669 0.8016665244150685 19
1694490514755 0.8016083915904796 20
1694490514849 0.8014267839777308 21
1694490514938 0.80152975674477 22
1694490515026 0.8001343580755621 23
1694490515121 0.801630874296967 24
1694490515229 0.8013066740151596 25
1694490515330 0.8004737879246311 26
1694490515422 0.8007767370504851 27
1694490515523 0.8004169857879038 28
1694490515616 0.8006595632755894 29
1694490515724 0.8018203573929568 30
1694490515823 0.8006498331773783 31
1694490515923 0.8011152471051244 32
1694490516024 0.8011783261900749 33
1694490516124 0.7999566776176432 34
1694490516226 0.8000595568595857 35
1694490516329 0.7991907470670218 36
1694490516432 0.8001796728634847 37
1694490516540 0.8002763867290208 38
1694490516632 0.8005782153157315 39
1694490516738 0.801656422445035 40
1694490516840 0.8012898440624918 41
1694490516944 0.8017328209604238 42
1694490517047 0.8014392088549601 43
1694490517138 0.8010583647684753 44
1694490517227 0.801672809569394 45
1694490517315 0.8020270938469489 46
1694490517420 0.8014306958742059 47
1694490517527 0.8013809099472253 48
1694490517623 0.8017227990409956 49
