1694490512687 39.494683866492075 0
1694490512793 8.597218498474714 1
1694490512903 2.050359490960165 2
1694490513006 0.7283953223382116 3
1694490513109 0.23905001156752248 4
1694490513211 0.15438897123622294 5
1694490513313 0.15824829858514933 6
1694490513419 0.21837262148859457 7
1694490513530 0.1320278153984663 8
1694490513631 0.15612251756560794 9
1694490513728 0.11259292539067235 10
1694490513828 0.08257397896085139 11
1694490513927 0.12386940996964195 12
1694490514019 0.18769161716440871 13
1694490514108 0.12619009126521333 14
1694490514205 0.15472004883893917 15
1694490514306 0.16451573192842642 16
1694490514409 0.144069278227514 17
1694490514506 0.11152657819884239 18
1694490514602 0.18395458003629567 19
1694490514699 0.13906157706527358 20
1694490514786 0.12359186741876144 21
1694490514881 0.15177996834598625 22
1694490514967 0.13996769734729284 23
1694490515055 0.16325098073237715 24
1694490515157 0.11681441450478841 25
1694490515263 0.1285272038866662 26
1694490515361 0.16488057481739163 27
1694490515459 0.12648147120238237 28
1694490515554 0.1101995494839278 29
1694490515653 0.092316282118458 30
1694490515761 0.12681119350772652 31
1694490515857 0.1446584987878409 32
1694490515958 0.14898330115563133 33
1694490516055 0.1693933658862021 34
1694490516158 0.11428449268774445 35
1694490516261 0.1587630066306048 36
1694490516364 0.14093757417320246 37
1694490516468 0.22167246230470877 38
1694490516573 0.1600373261400757 39
1694490516671 0.09315875105842152 40
1694490516773 0.1326782399572221 41
1694490516875 0.17150039807660475 42
1694490516980 0.1106172087079849 43
1694490517079 0.156359408857066 44
1694490517168 0.1402253864474942 45
1694490517257 0.1759993382841478 46
1694490517352 0.18965934079068542 47
1694490517456 0.15492642897713302 48
1694490517560 0.12596333892412245 49
