1694490826175 -242.82948949085093 0
1694490826312 -242.78527851489395 1
1694490826468 -242.74107548211194 2
1694490826606 -242.6968804402394 3
1694490826731 -242.65269338783372 4
1694490826852 -242.6085143234531 5
1694490826978 -242.564343245656 6
1694490827108 -242.52092770122397 7
1694490827232 -242.47744518306533 8
1694490827358 -242.4339704662816 9
1694490827494 -242.39050354872285 10
1694490827634 -242.34704442898678 11
1694490827754 -242.30359310567164 12
1694490827886 -242.26014957737576 13
1694490828015 -242.21671384269777 14
1694490828128 -242.17328590023652 15
1694490828257 -242.12986574859107 16
1694490828393 -242.08645338636086 17
1694490828546 -242.04304881214549 18
1694490828687 -241.99965202454484 19
1694490828831 -241.95626302215905 20
1694490828959 -241.91288180358845 21
1694490829094 -241.86950836743375 22
1694490829230 -241.82614271229576 23
1694490829356 -241.78278483677568 24
1694490829482 -241.73943473947486 25
1694490829627 -241.69609241899485 26
1694490829760 -241.65275787393773 27
1694490829885 -241.60943110290555 28
1694490830011 -241.56611210450066 29
1694490830132 -241.52280087732575 30
1694490830261 -241.4794974199837 31
1694490830384 -241.43620173107766 32
1694490830504 -241.39291380921105 33
1694490830645 -241.34963365298754 34
1694490830775 -241.30636126101098 35
1694490830919 -241.2630966318856 36
1694490831058 -241.2198397642156 37
1694490831184 -241.1765906566059 38
1694490831316 -241.13334930766126 39
1694490831435 -241.09011571598688 40
1694490831568 -241.0468898801882 41
1694490831701 -241.00367179887078 42
1694490831823 -240.96046147064067 43
1694490831965 -240.9172588941039 44
1694490832102 -240.87406406786698 45
1694490832233 -240.83087699053655 46
1694490832360 -240.78769766071946 47
1694490832486 -240.74452607702295 48
1694490832612 -240.70136223805443 49
