1694490826076 169.5350585284685 0
1694490826209 169.50091175272894 1
1694490826358 169.47018601512673 2
1694490826508 169.43946579843654 3
1694490826644 169.4087511358466 4
1694490826766 169.37804202635385 5
1694490826891 169.34733846895583 6
1694490827019 169.31664046265024 7
1694490827147 169.286467381962 8
1694490827271 169.25624777204993 9
1694490827406 169.22603358455765 10
1694490827530 169.19582481799057 11
1694490827667 169.16562147137378 12
1694490827789 169.1354235437326 13
1694490827923 169.1052310340925 14
1694490828047 169.07504394147912 15
1694490828168 169.0448622649183 16
1694490828296 169.01468600343603 17
1694490828431 168.98451515605842 18
1694490828587 168.95434972181192 19
1694490828732 168.92418969972297 20
1694490828873 168.89403508881838 21
1694490828993 168.8638858881249 22
1694490829130 168.83374209666965 23
1694490829269 168.80360371347984 24
1694490829394 168.77347073758287 25
1694490829528 168.74334316800633 26
1694490829663 168.71322100377793 27
1694490829795 168.68310424392564 28
1694490829925 168.65299288747755 29
1694490830052 168.6228869334619 30
1694490830172 168.5927863809072 31
1694490830300 168.56269122884203 32
1694490830417 168.53260147629524 33
1694490830541 168.50251712229573 34
1694490830688 168.47243816587272 35
1694490830811 168.4423646060555 36
1694490830958 168.41229644187356 37
1694490831099 168.38223367235662 38
1694490831228 168.35217629653454 39
1694490831346 168.32212431343726 40
1694490831466 168.29207772209506 41
1694490831611 168.26203652153825 42
1694490831735 168.23200071079748 43
1694490831885 168.2019702889033 44
1694490832004 168.17194525488682 45
1694490832142 168.14192560777897 46
1694490832269 168.11191134661104 47
1694490832401 168.08190247041443 48
1694490832525 168.05189897822078 49
