1694508834737 -242.48288315488372 0
1694508834951 -242.4390454831908 1
1694508835150 -242.39521644086943 2
1694508835334 -242.35139608464888 3
1694508835506 -242.30758441273542 4
1694508835674 -242.26378142333638 5
1694508835840 -242.21998711465955 6
1694508836013 -242.17620148491292 7
1694508836187 -242.13242453230515 8
1694508836369 -242.08865625504507 9
1694508836521 -242.04489665134187 10
1694508836679 -242.0011457194053 11
1694508836849 -241.95740345744528 12
1694508837029 -241.9136698636722 13
1694508837188 -241.86994493629683 14
1694508837373 -241.82622867353035 15
1694508837519 -241.78252107358432 16
1694508837720 -241.73882213467058 17
1694508837894 -241.69513185500136 18
1694508838071 -241.65145023278947 19
1694508838242 -241.60777726624787 20
1694508838435 -241.56411295358996 21
1694508838590 -241.5204572930295 22
1694508838778 -241.4768102827807 23
1694508838955 -241.43317192105803 24
1694508839118 -241.3895422060765 25
1694508839281 -241.3459211360514 26
1694508839451 -241.30230870919846 27
1694508839624 -241.25870492373352 28
1694508839776 -241.2151097778732 29
1694508839985 -241.17152326983424 30
1694508840172 -241.12794539783383 31
1694508840372 -241.08437616008956 32
1694508840557 -241.0408155548193 33
1694508840764 -240.9972635802414 34
1694508840943 -240.95372023457455 35
1694508841115 -240.91018551603773 36
1694508841300 -240.86665942285052 37
1694508841480 -240.82314195323266 38
1694508841660 -240.77963310540432 39
1694508841842 -240.7361328775861 40
1694508842014 -240.69264126799897 41
1694508842202 -240.64915827486416 42
1694508842362 -240.60568389640343 43
1694508842524 -240.56221813083883 44
1694508842694 -240.5187609763928 45
1694508842844 -240.47531243128822 46
1694508843012 -240.43187249374813 47
1694508843182 -240.38844116199633 48
1694508843362 -240.34501843425656 49
