1694508834601 169.2994965790836 0
1694508834804 169.2656311304035 1
1694508835009 169.23515919399276 2
1694508835202 169.20469325728237 3
1694508835393 169.1742333597218 4
1694508835556 169.14377950006354 5
1694508835719 169.11333167706078 6
1694508835887 169.08288988946694 7
1694508836064 169.05245413603572 8
1694508836239 169.02202441552117 9
1694508836415 168.99160072667752 10
1694508836573 168.96118306825923 11
1694508836729 168.93077143902113 12
1694508836890 168.90036583771823 13
1694508837071 168.8699662631058 14
1694508837260 168.83957271393948 15
1694508837416 168.80918518897502 16
1694508837566 168.77880368696853 17
1694508837775 168.74842820667638 18
1694508837939 168.71805874685515 19
1694508838119 168.68769530626176 20
1694508838296 168.6573378836533 21
1694508838481 168.6269864777872 22
1694508838639 168.5966410874211 23
1694508838831 168.566301711313 24
1694508839006 168.53596834822093 25
1694508839162 168.50564099690354 26
1694508839327 168.47531965611935 27
1694508839506 168.44500432462752 28
1694508839660 168.4146950011871 29
1694508839850 168.38439168455776 30
1694508840046 168.35409437349918 31
1694508840233 168.32380306677138 32
1694508840417 168.29351776313467 33
1694508840613 168.26323846134954 34
1694508840806 168.23296516017692 35
1694508840997 168.20269785837772 36
1694508841162 168.1724365547134 37
1694508841356 168.14218124794553 38
1694508841529 168.11193193683593 39
1694508841715 168.08168862014676 40
1694508841891 168.05145129664035 41
1694508842075 168.02121996507938 42
1694508842244 167.99099462422672 43
1694508842403 167.96077527284555 44
1694508842571 167.93056190969932 45
1694508842744 167.9003545335517 46
1694508842897 167.87015314316662 47
1694508843065 167.83995773730828 48
1694508843232 167.8097683147412 49
