1694489847090 -237.76048478261794 0
1694489847215 -233.02193788329177 1
1694489847347 -228.38692683933377 2
1694489847465 -223.85309529039276 3
1694489847599 -219.4181416941944 4
1694489847747 -215.0798180924537 5
1694489847870 -210.83592884743828 6
1694489848010 -206.6843294085303 7
1694489848128 -202.62292510807276 8
1694489848253 -198.64966998580098 9
1694489848377 -194.76256564117813 10
1694489848505 -190.95966011297006 11
1694489848635 -187.23904678540939 12
1694489848747 -183.59886332031576 13
1694489848875 -180.03729061455343 14
1694489849017 -176.55255178222225 15
1694489849161 -173.14291116099326 16
1694489849288 -169.8066733420126 17
1694489849412 -166.54218222281324 18
1694489849528 -163.3478200826857 19
1694489849664 -160.2220066799732 20
1694489849789 -157.16319837076853 21
1694489849903 -154.16988724850336 22
1694489850036 -151.2406003039321 23
1694489850163 -148.3738986050247 24
1694489850289 -145.56837649629426 25
1694489850405 -142.82266081709685 26
1694489850539 -140.13541013845145 27
1694489850662 -137.50531401793953 28
1694489850791 -134.93109227225372 29
1694489850916 -132.41149426697496 30
1694489851060 -129.94529822316903 31
1694489851209 -127.53131054040122 32
1694489851377 -125.16836513577893 33
1694489851501 -122.85532279864059 34
1694489851675 -120.5910705605187 35
1694489851817 -118.37452108001352 36
1694489851933 -116.20461204222259 37
1694489852075 -114.08030557238008 38
1694489852204 -112.00058766336741 39
1694489852336 -109.96446761676599 40
1694489852472 -107.97097749712921 41
1694489852593 -106.01917159915999 42
1694489852728 -104.10812592748626 43
1694489852868 -102.23693768873567 44
1694489853003 -100.40472479561639 45
1694489853145 -98.61062538271896 46
1694489853268 -96.85379733376051 47
1694489853404 -95.13341781999912 48
1694489853540 -93.44868284955326 49
