1694490490611 172.03196102651296 0
1694490490705 165.12527161552111 1
1694490490810 163.75568133193437 2
1694490490916 160.63204094690215 3
1694490491012 161.23247299396746 4
1694490491113 154.28977208085726 5
1694490491215 151.12346823745852 6
1694490491316 147.94399386264234 7
1694490491420 146.09322950408637 8
1694490491526 142.27882758454004 9
1694490491627 140.52628172010063 10
1694490491726 147.80142689722408 11
1694490491830 135.8179622186409 12
1694490491928 138.40256992601505 13
1694490492031 133.12740518029676 14
1694490492133 135.68186925674064 15
1694490492237 132.8707377121377 16
1694490492340 128.89555344429445 17
1694490492444 128.22884181810076 18
1694490492534 127.78294158452208 19
1694490492636 120.65195315661332 20
1694490492723 124.29227007590559 21
1694490492825 124.0872528731038 22
1694490492928 118.90789939575663 23
1694490493026 116.54153871385046 24
1694490493127 119.45712504810632 25
1694490493229 113.75383072608035 26
1694490493332 115.87538861068835 27
1694490493435 108.01998084775153 28
1694490493524 110.73585927492464 29
1694490493626 106.9104336900257 30
1694490493727 106.17578905710234 31
1694490493829 105.65351349775736 32
1694490493930 106.3163393744263 33
1694490494035 101.04312499495764 34
1694490494139 99.85713626245146 35
1694490494243 95.65481221516944 36
1694490494346 97.72223057495708 37
1694490494449 95.64143650881203 38
1694490494552 94.7819916355171 39
1694490494653 93.7081148966671 40
1694490494754 93.46751576648721 41
1694490494856 93.94715369415668 42
1694490494960 89.22350993302406 43
1694490495065 86.38416830560178 44
1694490495166 82.98330536706416 45
1694490495268 86.51025088330283 46
1694490495370 84.09168289219703 47
1694490495468 80.24378465525776 48
1694490495570 81.19380023017473 49
