1694491328568 -237.76048478261794 0
1694491328726 -233.00760735806014 1
1694491328885 -228.34941562514965 2
1694491329057 -223.784022650428 3
1694491329211 -219.3095791246448 4
1694491329356 -214.92427261195604 5
1694491329498 -210.6263268141207 6
1694491329645 -206.41400084939792 7
1694491329790 -202.2855885458478 8
1694491329956 -198.2394177487503 9
1694491330107 -194.2738496418574 10
1694491330261 -190.38727808220375 11
1694491330440 -186.57812894820333 12
1694491330595 -182.84485950076697 13
1694491330725 -179.1859577571802 14
1694491330859 -175.59994187748575 15
1694491330997 -172.08535956312113 16
1694491331129 -168.6407874675663 17
1694491331337 -165.2648306187603 18
1694491331637 -161.95612185305288 19
1694491331970 -158.71332126045888 20
1694491332159 -155.53511564099082 21
1694491332335 -152.4202179718472 22
1694491332524 -149.36736688523976 23
1694491332753 -146.37532615664702 24
1694491332958 -143.44288420328567 25
1694491333142 -140.56885359259533 26
1694491333300 -137.75207056053654 27
1694491333484 -134.99139453950616 28
1694491333651 -132.28570769567727 29
1694491333803 -129.63391447557564 30
1694491333999 -127.03494116170825 31
1694491334176 -124.48773543706236 32
1694491334362 -121.99126595829823 33
1694491334518 -119.5445219374619 34
1694491334699 -117.14651273204711 35
1694491334887 -114.79626744324028 36
1694491335080 -112.49283452218421 37
1694491335217 -110.23528138410101 38
1694491335346 -108.02269403011655 39
1694491335499 -105.85417667663313 40
1694491335639 -103.72885139209887 41
1694491335811 -101.64585774102665 42
1694491335962 -99.60435243511745 43
1694491336101 -97.60350899134592 44
1694491336247 -95.64251739686972 45
1694491336381 -93.72058378062557 46
1694491336528 -91.83693009147882 47
1694491336696 -89.99079378279568 48
1694491336841 -88.1814275033095 49
