1694491328463 169.34901212942756 0
1694491328613 165.9781622997389 1
1694491328762 162.67448319333144 2
1694491328944 159.4366355993973 3
1694491329095 156.26330702635883 4
1694491329262 153.15321116827616 5
1694491329399 150.10508738192402 6
1694491329542 147.1177001743245 7
1694491329690 144.18983870052642 8
1694491329837 141.32031627142564 9
1694491330003 138.50796987142584 10
1694491330148 135.75165968574234 11
1694491330308 133.05026863715554 12
1694491330486 130.40270193202574 13
1694491330635 127.80788661538256 14
1694491330765 125.26477113490863 15
1694491330902 122.77232491363826 16
1694491331038 120.32953793119765 17
1694491331169 117.93542031341468 18
1694491331413 115.58900193013167 19
1694491331754 113.28933200105598 20
1694491332022 111.03547870948839 21
1694491332218 108.82652882377087 22
1694491332405 106.66158732629992 23
1694491332590 104.53977704995317 24
1694491332805 102.46023832178197 25
1694491333012 100.42212861382346 26
1694491333193 98.42462220089048 27
1694491333351 96.46690982519932 28
1694491333533 94.5481983676983 29
1694491333696 92.66771052596354 30
1694491333852 90.82468449853023 31
1694491334040 89.01837367553063 32
1694491334224 87.24804633551278 33
1694491334424 85.51298534831608 34
1694491334570 83.81248788388264 35
1694491334751 82.14586512688585 36
1694491334943 80.51244199705937 37
1694491335119 78.91155687511281 38
1694491335261 77.34256133412258 39
1694491335394 75.8048198762876 40
1694491335537 74.2977096749436 41
1694491335678 72.8206203217299 42
1694491335857 71.37295357880627 43
1694491336003 69.95412313601852 44
1694491336144 68.56355437291404 45
1694491336286 67.2006841255102 46
1694491336424 65.86496045772043 47
1694491336579 64.55584243734543 48
1694491336731 63.27279991653722 49
