1694489481467 -117.95202071583871 0
1694489481628 -61.42301205291526 1
1694489481767 -34.83196584775583 2
1694489481909 -21.707629762285997 3
1694489482043 -14.907796479555884 4
1694489482189 -11.207546832466246 5
1694489482337 -9.104443392371236 6
1694489482476 -7.868642282583506 7
1694489482618 -7.126036247043658 8
1694489482766 -6.667635168238057 9
1694489482899 -6.383424807652194 10
1694489483028 -6.202411698773602 11
1694489483171 -6.087801665903968 12
1694489483310 -6.014563765843763 13
1694489483451 -5.968048018575983 14
1694489483595 -5.940109618105499 15
1694489483736 -5.925743160655975 16
1694489483869 -5.912221391662762 17
1694489483999 -5.907187923310482 18
1694489484141 -5.899645162358317 19
1694489484274 -5.894325036554907 20
1694489484424 -5.892805882776891 21
1694489484566 -5.888059210335618 22
1694489484710 -5.888436803843362 23
1694489484851 -5.887503573534717 24
1694489484996 -5.888608197409931 25
1694489485142 -5.891438953995169 26
1694489485290 -5.886475666076223 27
1694489485432 -5.886327781337863 28
1694489485577 -5.885881763041216 29
1694489485718 -5.884917522422886 30
1694489485851 -5.8864088599868385 31
1694489485997 -5.884632776895862 32
1694489486132 -5.884659667157652 33
