1694509007650 83.17078990732304 0
1694509007835 55.07576123647147 1
1694509008003 19.558380671355092 2
1694509008185 9.623541192680229 3
1694509008361 4.230719424520892 4
1694509008538 2.9322789063125603 5
1694509008704 1.9493072391393502 6
1694509008894 1.4148178243924785 7
1694509009103 0.25966927425276526 8
1694509009301 0.11959911887718187 9
1694509009469 0.00010493323727900285 10
1694509009632 0.14977825107244347 11
1694509009803 0.09128721672356521 12
1694509009971 0.0002318478887418645 13
1694509010139 0.014031609046673664 14
1694509010346 0.05353354028363534 15
1694509010519 0.002854942331385959 16
1694509010695 0.12749678622225796 17
1694509010882 0.12263523911960346 18
1694509011062 0.011240128970848192 19
1694509011253 0.2611355111427998 20
1694509011419 0.23214042925162057 21
1694509011590 0.036645177566610204 22
1694509011754 0.6528221968109938 23
1694509011949 4.290861761118243e-05 24
1694509012152 0.12462122861112601 25
1694509012332 0.5605335958446112 26
1694509012503 0.02893117294725545 27
1694509012678 0.09103157398371803 28
1694509012846 0.2564986974010238 29
1694509013054 0.4075450119466126 30
1694509013237 0.004669945027970693 31
1694509013412 0.06771373130294868 32
1694509013596 0.2849657284501937 33
1694509013781 0.04937216187981316 34
1694509013973 0.2995761271438667 35
1694509014149 0.436076147488316 36
1694509014324 0.11375267068273315 37
1694509014498 0.2170845456852506 38
1694509014683 0.6356387894203221 39
1694509014868 0.1948954326986424 40
1694509015067 0.015615734133415389 41
1694509015230 0.039733431053782894 42
1694509015394 6.313374254514559e-05 43
1694509015559 0.0007707723632994429 44
1694509015731 0.04604727232973105 45
1694509015895 0.053778462824522234 46
1694509016094 0.0006595006528349855 47
1694509016258 0.21561020343579537 48
1694509016430 0.07439733034691734 49
