1694508001159 68.90866345877863 0
1694508001455 46.80267236178599 1
1694508001738 20.833146893486727 2
1694508001996 14.733528077871322 3
1694508002255 11.753126837979778 4
1694508002533 6.72386691542656 5
1694508002808 6.727332922853923 6
1694508003082 6.327532059538436 7
1694508003388 6.444384475600269 8
1694508003686 6.258992226163204 9
1694508003962 3.9944242752659807 10
1694508004227 1.8072523773422267 11
1694508004498 7.406410465893909 12
1694508004746 5.931151137680701 13
1694508005002 4.477629898093565 14
1694508005323 3.8045065935628677 15
1694508005621 2.608252183667496 16
1694508005896 3.52503812183575 17
1694508006159 2.169458746895461 18
1694508006409 4.87932578140266 19
1694508006688 5.16492002733316 20
1694508006963 2.8183018103850364 21
1694508007219 3.6415946222843054 22
1694508007498 3.6762605756953675 23
1694508007773 5.302137577525189 24
1694508008017 3.6535118426730078 25
1694508008279 4.402054369875254 26
1694508008525 5.144209570601988 27
1694508008783 3.772145341267715 28
1694508009052 5.59804725813647 29
1694508009325 3.697642458746359 30
1694508009604 3.629770086091795 31
1694508009831 4.550930653135025 32
1694508010062 7.178766979487565 33
1694508010292 5.395896250982366 34
1694508010523 5.72114648851034 35
1694508010786 5.4708506987304775 36
1694508011045 4.693670841519273 37
1694508011290 4.795155630885725 38
1694508011531 5.2821678053872585 39
1694508011788 4.855967126082549 40
1694508012027 2.532919890525649 41
1694508012263 5.08267239577992 42
1694508012494 7.134556565838933 43
1694508012744 7.632208605032285 44
1694508012996 2.4335813601681773 45
1694508013216 3.1553458653731097 46
1694508013442 1.540560699385229 47
1694508013686 6.80410260299099 48
1694508013969 5.149204765344275 49
