1694350093847 169.34901212942756 0
1694350094053 137.16711176383774 1
1694350094251 111.35973701492989 2
1694350094451 90.5457830202861 3
1694350094654 73.74589308965103 4
1694350094852 60.17426576524754 5
1694350095036 49.20023175041107 6
1694350095251 40.31747948115492 7
1694350095455 33.11940370191658 8
1694350095621 27.279356259535827 9
1694350095811 22.53482215299278 10
1694350096000 18.67456559880849 11
1694350096171 15.529240162956507 12
1694350096374 12.961925733781495 13
1694350096642 10.86254265228099 14
1694350096865 9.142617965535248 15
1694350097093 7.730582417270778 16
1694350097276 6.568756487300146 17
1694350097472 5.610634246190957 18
1694350097732 4.8184628028790275 19
1694350097935 4.161934641703543 20
1694350098117 3.616224223927135 21
1694350098296 3.1615099699645444 22
1694350098505 2.7813787252453808 23
1694350098687 2.4628099862844404 24
1694350098890 2.195019740059454 25
1694350099096 1.9690131827952084 26
1694350099331 1.7779721750744562 27
1694350099518 1.6157323045455771 28
1694350099702 1.4777606788415214 29
1694350099898 1.3598657505636635 30
1694350100106 1.25900848521654 31
1694350100300 1.1724428958382687 32
1694350100487 1.0977294636441357 33
1694350100676 1.0333522710740783 34
1694350100904 0.9774888769964029 35
1694350101097 0.9291057954476211 36
1694350101310 0.886915488249441 37
1694350101543 0.8502023361417886 38
1694350101782 0.8181638058203066 39
1694350101970 0.7899576043794032 40
1694350102164 0.7653422261894064 41
1694350102340 0.7435963014864875 42
1694350102573 0.7245503527944654 43
1694350102793 0.7076759300618964 44
1694350102993 0.6928497444027073 45
1694350103169 0.6796828728206001 46
1694350103372 0.6680820161185896 47
1694350103592 0.6578535534769225 48
1694350103799 0.6486525469581816 49
1694350103996 0.6405985395585676 50
1694350104246 0.6333466152260331 51
1694350104456 0.6269834666225572 52
1694350104665 0.6212504418385885 53
1694350104865 0.6162093172744876 54
1694350105069 0.6116658648438846 55
1694350105266 0.6076631089208998 56
1694350105456 0.6040551819650465 57
1694350105656 0.6008710808797033 58
1694350105885 0.5980014194796345 59
1694350106083 0.5954647499663664 60
1694350106276 0.5932535335526578 61
1694350106476 0.5911676877457036 62
1694350106693 0.5894008386676844 63
1694350106876 0.5877384680464244 64
1694350107069 0.5863252079333248 65
1694350107263 0.5849988491877246 66
1694350107475 0.5838675520339507 67
1694350107688 0.582808383810429 68
1694350107875 0.581902282572507 69
1694350108104 0.5810559359940926 70
1694350108316 0.5803298917832417 71
1694350108504 0.5796532835650362 72
1694350108706 0.5790713170597228 73
1694350108899 0.5785302260128995 74
1694350109091 0.578063608400137 75
1694350109284 0.5776308025779924 76
1694350109483 0.5772565653498953 77
1694350109674 0.5769769665713934 78
1694350109860 0.5766229888183382 79
1694350110049 0.5763958260618793 80
1694350110257 0.5761136948635986 81
1694350110468 0.5759290408818791 82
1694350110694 0.5757037069281743 83
1694350110882 0.5755536395864892 84
1694350111066 0.5753734077312398 85
1694350111265 0.575251518997936 86
1694350111462 0.5751072198581508 87
1694350111657 0.5750082866460509 88
1694350111905 0.5748926853519072 89
1694350112095 0.5748124345181832 90
1694350112333 0.5747197966205525 91
1694350112549 0.5746547278695743 92
1694350112738 0.5745804933196567 93
1694350112945 0.5745277402108571 94
1694350113199 0.5744682742020686 95
1694350113383 0.5744254920690283 96
1694350113573 0.5743778921364685 97
1694350113772 0.5743431662351203 98
1694350113992 0.5743680856649881 99
1694350114183 0.5742902301359564 100
1694350114383 0.5743068903231784 101
1694350114569 0.5742455988781767 102
1694350114778 0.5742562305770181 103
1694350114988 0.5742075748472092 104
1694350115201 0.5742139522794237 105
1694350115411 0.5741750981179121 106
1694350115617 0.5741785579167985 107
1694350115812 0.574147405789274 108
1694350115994 0.574148917131201 109
1694350116185 0.5741238784275009 110
1694350116413 0.5741241228109455 111
1694350116600 0.574103975599412 112
1694350116797 0.5741034191158946 113
1694350117005 0.5740872116373463 114
1694350117221 0.5740861642143577 115
1694350117427 0.5740731480106664 116
1694350117620 0.5740718093043334 117
1694350117808 0.574061391410216 118
1694350118036 0.5740598850605627 119
1694350118222 0.5741145683456758 120
1694350118416 0.5740633553694842 121
1694350118621 0.5741038673635955 122
1694350118847 0.5740638948226611 123
1694350119067 0.574093643430138 124
1694350119268 0.574062046822128 125
1694350119468 0.5740837481633543 126
1694350119651 0.5740585440407987 127
1694350119836 0.5740742887774094 128
1694350120054 0.5740540581403591 129
1694350120240 0.5740654192798992 130
1694350120460 0.5740491180844645 131
1694350120643 0.5740572607880637 132
1694350120857 0.5740441029530475 133
1694350121048 0.5740498807824694 134
1694350121284 0.5740392634331272 135
1694350121475 0.574043296759457 136
1694350121668 0.5740347507321492 137
1694350121858 0.5740374879611062 138
1694350122070 0.5740306438868595 139
1694350122272 0.5740324079867947 140
1694350122463 0.5740900189654778 141
1694350122641 0.5740413573185245 142
1694350122859 0.5740842186933666 143
1694350123049 0.5740462840183057 144
1694350123227 0.5740779184938852 145
1694350123436 0.574047949085367 146
1694350123673 0.5740711647176447 147
1694350123854 0.5740472593676283 148
1694350124034 0.5740642204618756 149
1694350124222 0.5740450259715196 150
1694350124433 0.5740573645380378 151
1694350124637 0.574041889515029 152
1694350124850 0.5740508179951181 153
1694350125063 0.5740383184884107 154
1694350125275 0.5740447283356873 155
1694350125465 0.5740346351806928 156
1694350125685 0.5740391771378686 157
1694350125876 0.5740310481421236 158
1694350126104 0.5740341949618744 159
1694350126284 0.5740276823337287 160
1694350126467 0.5740297765042663 161
1694350126668 0.5740876824841112 162
1694350126859 0.5740392538731258 163
1694350127047 0.5740823532032368 164
1694350127238 0.5740446030606073 165
1694350127455 0.5740764296654957 166
1694350127673 0.5740466061336316 167
1694350127872 0.5740699770643202 168
1694350128059 0.5740461868029345 169
1694350128231 0.5740632735782547 170
1694350128427 0.5740441696732024 171
1694350128644 0.5740566100900886 172
1694350128829 0.5740412061679543 173
1694350129012 0.5740502173110935 174
1694350129201 0.5740377734275841 175
1694350129394 0.5740442504778263 176
1694350129566 0.5740342006658389 177
1694350129774 0.574038797358797 178
1694350129991 0.5740307019763664 179
1694350130209 0.5740338934688943 180
1694350130398 0.5740274067576772 181
1694350130588 0.574029537470095 182
1694350130791 0.5740874759511002 183
1694350131020 0.5740390641142027 184
1694350131211 0.5740821901202022 185
1694350131391 0.574044452593088 186
1694350131599 0.5740763011552076 187
1694350131818 0.5740464869814349 188
1694350132020 0.5740698760410397 189
1694350132234 0.5740460925952394 190
1694350132436 0.5740631943880805 191
1694350132667 0.5740440953225777 192
1694350132870 0.5740565482233743 193
1694350133057 0.5740411476129424 194
1694350133268 0.5740501691724917 195
1694350133491 0.5740377274268377 196
1694350133678 0.5740442132024148 197
1694350133873 0.574034164633467 198
1694350134066 0.5740387686650479 199
1694350134269 0.5740306738502542 200
1694350134478 0.5740338715411276 201
1694350134697 0.5740273848941857 202
1694350134897 0.5740295208644982 203
1694350135106 0.5740874639688663 204
1694350135279 0.5740390514760219 205
1694350135462 0.5740821814340342 206
1694350135656 0.5740444430640177 207
1694350135872 0.5740762950199217 208
1694350136065 0.5740464798818621 209
1694350136261 0.5740698718692259 210
1694350136460 0.5740460873876665 211
1694350136703 0.5740631917175842 212
1694350136902 0.5740440915824673 213
1694350137107 0.5740565466913916 214
1694350137314 0.5740411450054955 215
1694350137532 0.5740501684949586 216
1694350137734 0.5740377256884963 217
1694350137910 0.574044213157602 218
1694350138105 0.5740341635571791 219
1694350138331 0.574038769080515 220
1694350138529 0.5740306732737533 221
1694350138750 0.5740338722833481 222
1694350138954 0.5740273846906665 223
1694350139144 0.574029521830628 224
1694350139336 0.5740874659495996 225
1694350139535 0.5740390525067205 226
1694350139731 0.5740821833736959 227
1694350139975 0.574044444119807 228
1694350140194 0.5740762968921209 229
1694350140409 0.5740464809341611 230
1694350140624 0.5740698736564882 231
1694350140874 0.5740460884162314 232
1694350141089 0.5740631934091379 233
1694350141287 0.5740440925734058 234
1694350141506 0.5740565482814675 235
1694350141692 0.5740411459497131 236
1694350141889 0.5740501699814701 237
1694350142085 0.5740377265804936 238
1694350142295 0.5740442145411265 239
1694350142514 0.5740341643941298 240
1694350142710 0.5740387703635176 241
1694350142900 0.5740306740547829 242
1694350143128 0.5740338734695877 243
1694350143331 0.5740273854163003 244
1694350143534 0.5740295229247087 245
1694350143721 0.5740874673609326 246
1694350143931 0.5740390534825187 247
1694350144123 0.5740821846408765 248
1694350144301 0.5740444449905531 249
1694350144481 0.5740762980304542 250
1694350144701 0.5740464817116265 251
1694350144888 0.5740698746796485 252
1694350145101 0.574046089110872 253
1694350145355 0.5740631943293308 254
1694350145569 0.5740440931944926 255
1694350145764 0.5740565491095765 256
1694350145939 0.5740411465054639 257
1694350146127 0.5740501707271938 258
1694350146330 0.5740377270781837 259
1694350146520 0.5740442152131028 260
1694350146724 0.5740341648401924 261
1694350146922 0.5740387709694418 262
1694350147142 0.5740306744549113 263
1694350147327 0.5740338740163156 264
1694350147527 0.5740273857755306 265
1694350147754 0.574029523418346 266
1694350147965 0.5740874679700183 267
1694350148170 0.5740390539164162 268
1694350148362 0.5740821851816715 269
1694350148556 0.5740444453726078 270
1694350148747 0.574076298511367 271
1694350148931 0.5740464820486189 272
1694350149116 0.5740698751079655 273
1694350149312 0.5740460894086308 274
1694350149508 0.5740631947113702 275
1694350149752 0.5740440934580368 276
1694350149941 0.5740565494508295 277
1694350150155 0.5740411467391163 278
1694350150355 0.5740501710324389 279
1694350150545 0.5740377272856749 280
1694350150758 0.5740442154865009 281
1694350150960 0.574034165024745 282
1694350151150 0.5740387712146277 283
1694350151363 0.5740306746193162 284
1694350151537 0.5740338742364686 285
1694350151739 0.574027385922209 286
1694350151981 0.57402952361625 287
1694350152189 0.5740874682118966 288
1694350152380 0.574039054089837 289
1694350152574 0.5740821853958978 290
1694350152779 0.574044445524874 291
1694350152986 0.5740762987014408 292
1694350153189 0.5740464821825707 293
1694350153391 0.5740698752768999 294
1694350153590 0.5740460895266988 295
1694350153782 0.574063194861767 296
1694350153971 0.5740440935623011 297
1694350154169 0.574056549584939 298
1694350154373 0.5740411468313625 299
1694350154593 0.5740501711522076 300
1694350154797 0.574037727367435 301
1694350154990 0.5740442155936221 302
1694350155190 0.5740341650973411 303
1694350155375 0.5740387713105722 304
1694350155557 0.5740306746838842 305
1694350155784 0.5740338743225176 306
1694350155977 0.5740273859797305 307
1694350156214 0.5740295236935218 308
1694350156455 0.574087468306119 309
1694350156665 0.5740390541574995 310
1694350156891 0.5740821854793003 311
1694350157090 0.5740444455842433 312
1694350157278 0.5740762987754001 313
1694350157483 0.5740464822347655 314
1694350157678 0.5740698753426008 315
1694350157884 0.574046089572678 316
1694350158097 0.5740631949202318 317
1694350158287 0.5740440936028819 318
1694350158526 0.5740565496370467 319
1694350158726 0.574041146867246 320
1694350158918 0.5740501711987257 321
1694350159104 0.5740377273992247 322
1694350159328 0.5740442156352134 323
1694350159531 0.5740341651255534 324
1694350159725 0.5740387713478126 325
1694350159919 0.5740306747089687 326
1694350160122 0.5740338743559077 327
1694350160308 0.57402738600207 328
1694350160519 0.5740295237234988 329
1694350160735 0.5740874683426506 330
1694350160935 0.574039054183744 331
1694350161119 0.5740821855116295 332
1694350161312 0.5740444456072631 333
1694350161485 0.5740762988040652 334
1694350161675 0.5740464822550037 335
1694350161874 0.574069875368062 336
1694350162056 0.574046089590502 337
1694350162244 0.5740631949428866 338
1694350162424 0.5740440936186127 339
1694350162637 0.5740565496572396 340
1694350162918 0.5740411468811548 341
1694350163139 0.5740501712167482 342
1694350163372 0.5740377274115444 343
1694350163575 0.5740442156513262 344
1694350163769 0.5740341651364889 345
1694350163964 0.5740387713622382 346
1694350164202 0.574030674718687 347
1694350164397 0.5740338743688397 348
1694350164608 0.574027386010723 349
1694350164811 0.574029523735108 350
1694350165035 0.5740874683567971 351
1694350165243 0.5740390541939079 352
1694350165436 0.5740821855241501 353
1694350165634 0.5740444456161814 354
1694350165848 0.5740762988151656 355
1694350166039 0.5740464822628404 356
1694350166243 0.5740698753779201 357
1694350166433 0.5740460895974029 358
1694350166688 0.5740631949516553 359
1694350166879 0.5740440936247001 360
1694350167069 0.5740565496650529 361
1694350167283 0.5740411468865356 362
1694350167481 0.5740501712237226 363
1694350167680 0.5740377274163112 364
1694350167906 0.5740442156575616 365
1694350168102 0.5740341651407174 366
1694350168323 0.5740387713678192 367
1694350168505 0.5740306747224463 368
1694350168710 0.5740338743738419 369
1694350168905 0.5740273860140714 370
1694350169145 0.5740295237396013 371
1694350169332 0.5740874683622706 372
1694350169570 0.5740390541978407 373
1694350169765 0.574082185528995 374
1694350169970 0.5740444456196316 375
1694350170177 0.5740762988194626 376
1694350170423 0.5740464822658745 377
1694350170619 0.5740698753817379 378
1694350170821 0.5740460896000753 379
1694350171010 0.5740631949550512 380
1694350171189 0.5740440936270585 381
1694350171377 0.5740565496680795 382
1694350171586 0.5740411468886228 383
1694350171787 0.5740501712264258 384
1694350171967 0.5740377274181585 385
1694350172166 0.5740442156599771 386
1694350172386 0.5740341651423585 387
1694350172584 0.5740387713699843 388
1694350172788 0.5740306747239071 389
1694350173001 0.5740338743757848 390
1694350173218 0.5740273860153717 391
1694350173405 0.5740295237413434 392
1694350173592 0.5740874683643923 393
1694350173800 0.5740390541993634 394
1694350174012 0.5740821855308706 395
1694350174216 0.5740444456209679 396
1694350174400 0.5740762988211241 397
1694350174598 0.5740464822670475 398
1694350174826 0.5740698753832139 399
1694350175025 0.5740460896011106 400
1694350175265 0.5740631949563686 401
1694350175463 0.5740440936279754 402
1694350175668 0.5740565496692535 403
1694350175858 0.5740411468894303 404
1694350176051 0.5740501712274713 405
1694350176268 0.5740377274188739 406
1694350176499 0.5740442156609107 407
1694350176697 0.574034165142991 408
1694350176895 0.5740387713708199 409
1694350177097 0.5740306747244697 410
1694350177304 0.5740338743765345 411
1694350177489 0.574027386015873 412
1694350177676 0.5740295237420172 413
1694350177874 0.574087468365213 414
1694350178112 0.5740390541999537 415
1694350178313 0.5740821855315972 416
1694350178512 0.5740444456214856 417
1694350178714 0.5740762988217696 418
1694350178913 0.5740464822675037 419
1694350179101 0.5740698753837855 420
1694350179292 0.57404608960151 421
1694350179482 0.5740631949568761 422
1694350179694 0.5740440936283259 423
1694350179884 0.5740565496697052 424
1694350180079 0.5740411468897431 425
1694350180260 0.5740501712278766 426
1694350180459 0.5740377274191502 427
1694350180651 0.5740442156612733 428
1694350180874 0.5740341651432368 429
1694350181072 0.5740387713711442 430
1694350181289 0.5740306747246868 431
1694350181485 0.5740338743768229 432
1694350181675 0.574027386016067 433
1694350181863 0.5740295237422771 434
1694350182102 0.5740874683655302 435
1694350182296 0.5740390542001821 436
1694350182513 0.574082185531877 437
1694350182717 0.5740444456216836 438
1694350182941 0.5740762988220159 439
1694350183139 0.5740464822676763 440
1694350183382 0.5740698753840038 441
1694350183578 0.5740460896016624 442
1694350183785 0.5740631949570685 443
1694350183971 0.5740440936284588 444
1694350184157 0.5740565496698782 445
1694350184355 0.5740411468898605 446
1694350184578 0.5740501712280316 447
1694350184793 0.5740377274192572 448
1694350185015 0.5740442156614133 449
1694350185210 0.5740341651433318 450
1694350185415 0.57403877137127 451
1694350185608 0.5740306747247721 452
1694350185825 0.5740338743769368 453
1694350186022 0.5740273860161418 454
1694350186241 0.5740295237423765 455
1694350186426 0.5740874683656524 456
1694350186611 0.574039054200269 457
1694350186805 0.574082185531986 458
1694350187027 0.5740444456217603 459
1694350187218 0.5740762988221133 460
1694350187415 0.5740464822677449 461
1694350187610 0.5740698753840918 462
1694350187796 0.5740460896017243 463
1694350187971 0.5740631949571467 464
1694350188183 0.5740440936285137 465
1694350188370 0.5740565496699458 466
1694350188611 0.5740411468899075 467
1694350188822 0.5740501712280901 468
1694350189007 0.574037727419297 469
1694350189216 0.5740442156614662 470
1694350189446 0.574034165143368 471
1694350189646 0.5740387713713159 472
1694350189842 0.5740306747248031 473
1694350190038 0.5740338743769788 474
1694350190226 0.5740273860161709 475
1694350190407 0.5740295237424162 476
1694350190606 0.5740874683656995 477
1694350190790 0.5740390542003035 478
1694350191019 0.5740821855320271 479
1694350191206 0.5740444456217904 480
1694350191410 0.5740762988221497 481
1694350191613 0.5740464822677714 482
1694350191822 0.5740698753841244 483
1694350192017 0.5740460896017459 484
1694350192212 0.574063194957176 485
1694350192408 0.5740440936285353 486
1694350192614 0.5740565496699748 487
1694350192809 0.5740411468899271 488
1694350192992 0.5740501712281169 489
1694350193195 0.5740377274193155 490
1694350193403 0.574044215661489 491
1694350193610 0.5740341651433833 492
1694350193800 0.5740387713713377 493
1694350193980 0.5740306747248177 494
1694350194155 0.5740338743769974 495
1694350194384 0.5740273860161831 496
1694350194573 0.5740295237424315 497
1694350194760 0.5740874683657202 498
1694350194945 0.5740390542003182 499
