1694491294370 -243.2554819144865 0
1694491294483 -239.98459346883146 1
1694491294583 -236.75828650236846 2
1694491294680 -233.57525446912874 3
1694491294798 -230.43447225126965 4
1694491294903 -227.3358789230851 5
1694491295004 -224.27886218577814 6
1694491295093 -221.2630065006623 7
1694491295190 -218.28780843111167 8
1694491295294 -215.35177812013208 9
1694491295395 -212.45545075875427 10
1694491295512 -209.59795409592672 11
1694491295625 -206.77868520552133 12
1694491295732 -203.997190165992 13
1694491295837 -201.25313949781813 14
1694491295952 -198.54594968687238 15
1694491296058 -195.8747739137356 16
1694491296172 -193.2396000972718 17
1694491296281 -190.63968998901376 18
1694491296391 -188.07457281525805 19
1694491296496 -185.5439758641341 20
1694491296602 -183.04703013632167 21
1694491296709 -180.58389065159284 22
1694491296800 -178.15358886902155 23
1694491296907 -175.75586096785716 24
1694491297017 -173.3903104272661 25
1694491297119 -171.05662297313245 26
1694491297233 -168.75392359210517 27
1694491297342 -166.48231640596507 28
1694491297447 -164.2408645788052 29
1694491297556 -162.02983766844065 30
1694491297668 -159.84833949479864 31
1694491297773 -157.69576763070734 32
1694491297875 -155.57251125207193 33
1694491297977 -153.47767315992897 34
1694491298085 -151.4105148473747 35
1694491298190 -149.3714287054865 36
1694491298310 -147.35964761504454 37
1694491298405 -145.37463295351057 38
1694491298514 -143.4163870851419 39
1694491298644 -141.48432648313377 40
1694491298777 -139.57822519582925 41
1694491298882 -137.69747532789222 42
1694491298982 -135.8421089564464 43
1694491299089 -134.01167385924558 44
1694491299195 -132.2056489739137 45
1694491299305 -130.42397900340706 46
1694491299407 -128.6659267515546 47
1694491299504 -126.93166169959265 48
1694491299618 -125.22056355035132 49
