1694491294300 161.98147241714648 0
1694491294408 170.41160118017714 1
1694491294519 161.4622911176054 2
1694491294614 153.02757308222937 3
1694491294720 157.04920487995557 4
1694491294836 156.5878363632135 5
1694491294939 153.69406700010404 6
1694491295034 148.79704150948376 7
1694491295125 142.52517546902092 8
1694491295225 148.948412424365 9
1694491295325 145.27908648112427 10
1694491295430 144.74165979679034 11
1694491295552 143.44236010644298 12
1694491295661 142.02120728901872 13
1694491295767 139.61047994411936 14
1694491295877 134.16816623568727 15
1694491295988 134.48007021803684 16
1694491296094 131.97607151084858 17
1694491296208 130.4178745701354 18
1694491296316 129.48980569042297 19
1694491296425 125.43513453998926 20
1694491296533 129.266304984091 21
1694491296638 122.21487615725842 22
1694491296739 121.4373693000599 23
1694491296836 120.76991742585656 24
1694491296946 118.76437143900836 25
1694491297052 114.78710002049334 26
1694491297157 116.70616642008181 27
1694491297271 114.84075212369338 28
1694491297378 117.30199658359658 29
1694491297483 111.13180831323982 30
1694491297592 109.20722474841699 31
1694491297706 112.00689032248859 32
1694491297808 105.68048414491426 33
1694491297910 102.96951504272303 34
1694491298012 107.51854316757154 35
1694491298118 101.7709236448579 36
1694491298238 98.82310632671863 37
1694491298342 101.60570025946879 38
1694491298442 99.27104679158047 39
1694491298552 97.48157936613744 40
1694491298687 96.33454272547608 41
1694491298816 96.88954351855742 42
1694491298916 94.28831201286013 43
1694491299020 92.26781771890747 44
1694491299125 92.06638521809882 45
1694491299233 88.34750812140268 46
1694491299341 91.59720245620774 47
1694491299436 87.9044858207415 48
1694491299540 86.97200723481667 49
