1694509223511 37.97791276759338 0
1694509223643 9.053225808524811 1
1694509223775 2.4484306384353935 2
1694509223894 0.7195573081417513 3
1694509224020 0.35258514082068126 4
1694509224148 0.21598970371344764 5
1694509224280 0.14300092202051165 6
1694509224404 0.14506198554201188 7
1694509224533 0.1470865357562331 8
1694509224657 0.1827443067611887 9
1694509224792 0.15050041290716223 10
1694509224937 0.13871275031443528 11
1694509225088 0.12226371464795724 12
1694509225227 0.12694512871264435 13
1694509225364 0.2026469103782247 14
1694509225481 0.19490942702992783 15
1694509225601 0.13879442759260757 16
1694509225734 0.1839430303837125 17
1694509225870 0.1410218514942223 18
1694509225999 0.11485379849480735 19
1694509226123 0.09977061875994699 20
1694509226243 0.15980507839864078 21
1694509226365 0.1401829834466602 22
1694509226487 0.14940017161884708 23
1694509226609 0.14071123166749255 24
1694509226734 0.16611720349797154 25
1694509226852 0.1891935864728901 26
1694509226974 0.17469991108805144 27
1694509227116 0.12466221744241673 28
1694509227250 0.20678669054979004 29
1694509227380 0.0956282121461232 30
1694509227520 0.12654506285275982 31
1694509227653 0.11463626612933195 32
1694509227778 0.12122559966458227 33
1694509227899 0.10308019380515439 34
1694509228038 0.16199430783934812 35
1694509228161 0.10784385802161686 36
1694509228284 0.10101541642744617 37
1694509228404 0.16707422273982103 38
1694509228521 0.1787993746885222 39
1694509228644 0.13342549772611179 40
1694509228769 0.17588503915354944 41
1694509228896 0.1285675626688172 42
1694509229019 0.10849138733728797 43
1694509229146 0.14637661173697222 44
1694509229275 0.12502093850161955 45
1694509229409 0.12184941382027276 46
1694509229540 0.18565638225379683 47
1694509229669 0.1583118514695122 48
1694509229800 0.1324789642318364 49
