1694489926046 -246.23815352742756 0
1694489926170 -245.74463722431585 1
1694489926314 -245.25220584308687 2
1694489926455 -244.7608568996454 3
1694489926611 -244.2705879157138 4
1694489926731 -243.7813964188185 5
1694489926862 -243.29327994227583 6
1694489926983 -242.80623602517892 7
1694489927126 -242.32026221238314 8
1694489927256 -241.83535605449313 9
1694489927386 -241.35151510784922 10
1694489927521 -240.86873693451324 11
1694489927647 -240.38701910225544 12
1694489927778 -239.9063591845409 13
1694489927904 -239.42675476051582 14
1694489928030 -238.94820341499434 15
1694489928148 -238.47070273844488 16
1694489928273 -237.99425032697684 17
1694489928397 -237.51884378232728 18
1694489928509 -237.04448071184746 19
1694489928622 -236.57115872848965 20
1694489928756 -236.0988754507938 21
1694489928890 -235.62762850287424 22
1694489929016 -235.1574155144067 23
1694489929136 -234.68823412061482 24
1694489929265 -234.22008196225724 25
1694489929384 -233.75295668561435 26
1694489929500 -233.28685594247537 27
1694489929625 -232.82177739012505 28
1694489929739 -232.3577186913309 29
1694489929875 -231.89467751432989 30
1694489929990 -231.43265153281604 31
1694489930151 -230.9716384259268 32
1694489930274 -230.51163587823066 33
1694489930390 -230.0526415797141 34
1694489930513 -229.59465322576878 35
1694489930639 -229.1376685171786 36
1694489930765 -228.6816851601073 37
1694489930892 -228.22670086608514 38
1694489931052 -227.77271335199683 39
1694489931185 -227.3197203400684 40
1694489931299 -226.8677195578546 41
1694489931424 -226.41670873822636 42
1694489931556 -225.96668561935837 43
1694489931673 -225.51764794471617 44
1694489931794 -225.06959346304384 45
1694489931925 -224.62251992835138 46
1694489932050 -224.1764250999024 47
1694489932193 -223.73130674220147 48
1694489932343 -223.28716262498187 49
