1694489925961 169.48393322403484 0
1694489926087 169.14523320650605 1
1694489926211 168.80727811438064 2
1694489926356 168.4700662416325 3
1694489926500 168.13359588623157 4
1694489926651 167.7978653501341 5
1694489926777 167.46287293927313 6
1694489926900 167.12861696354938 7
1694489927020 166.7950957368216 8
1694489927165 166.4623075768973 9
1694489927297 166.13025080552336 10
1694489927426 165.79892374837667 11
1694489927554 165.46832473505475 12
1694489927679 165.1384520990667 13
1694489927812 164.8093041778237 14
1694489927935 164.48087931262984 15
1694489928060 164.15317584867287 16
1694489928186 163.82619213501502 17
1694489928310 163.49992652458386 18
1694489928426 163.1743773741631 19
1694489928549 162.84954304438338 20
1694489928671 162.52542189971322 21
1694489928795 162.20201230845007 22
1694489928925 161.87931264271091 23
1694489929052 161.5573212784235 24
1694489929170 161.2360365953172 25
1694489929304 160.91545697691396 26
1694489929417 160.59558081051944 27
1694489929545 160.27640648721396 28
1694489929660 159.95793240184355 29
1694489929780 159.6401569530111 30
1694489929907 159.32307854306723 31
1694489930023 159.00669557810187 32
1694489930183 158.69100646793487 33
1694489930304 158.37600962610762 34
1694489930426 158.06170346987386 35
1694489930546 157.7480864201911 36
1694489930681 157.43515690171185 37
1694489930799 157.12291334277478 38
1694489930932 156.81135417539596 39
1694489931091 156.5004778352603 40
1694489931215 156.19028276171275 41
1694489931339 155.88076739774965 42
1694489931458 155.57193019001002 43
1694489931589 155.26376958876696 44
1694489931713 154.9562840479193 45
1694489931830 154.64947202498246 46
1694489931965 154.34333198108044 47
1694489932086 154.03786238093696 48
1694489932240 153.733061692867 49
