1694509421055 -238.7561927534239 0
1694509421213 -235.2152455937034 1
1694509421365 -231.7267384357765 2
1694509421506 -228.28995919866153 3
1694509421657 -224.90413232664798 4
1694509421808 -221.56881107184498 5
1694509421963 -218.282669694366 6
1694509422125 -215.04548402563205 7
1694509422286 -211.85628900748497 8
1694509422430 -208.71416552838227 9
1694509422574 -205.61888083533344 10
1694509422720 -202.5695349292087 11
1694509422866 -199.56539209131768 12
1694509423029 -196.60570957070126 13
1694509423194 -193.68998666090536 14
1694509423362 -190.81750120341906 15
1694509423521 -187.98779750760735 16
1694509423674 -185.19989358220315 17
1694509423827 -182.45329752206206 18
1694509423987 -179.7476935249692 19
1694509424144 -177.08204314559828 20
1694509424298 -174.45588852200294 21
1694509424458 -171.86869674677658 22
1694509424600 -169.3199026069873 23
1694509424751 -166.80876841101937 24
1694509424902 -164.33499446319706 25
1694509425059 -161.89785080779723 26
1694509425209 -159.49680747046878 27
1694509425385 -157.13148814069058 28
1694509425543 -154.80121485656127 29
1694509425691 -152.50540423155832 30
1694509425846 -150.24363587104642 31
1694509425995 -148.01537158903625 32
1694509426149 -145.82027018006406 33
1694509426298 -143.6575588138183 34
1694509426460 -141.52700700751555 35
1694509426617 -139.4282003085804 36
1694509426776 -137.3602731863655 37
1694509426931 -135.32297847347112 38
1694509427081 -133.31591251403992 39
1694509427233 -131.33857547911043 40
1694509427382 -129.39077392876897 41
1694509427536 -127.4716392561609 42
1694509427668 -125.58093622698034 43
1694509427815 -123.7182971768398 44
1694509427957 -121.88348246507962 45
1694509428095 -120.0755055703363 46
1694509428235 -118.29440107821986 47
1694509428376 -116.53956629702307 48
1694509428527 -114.81093631645355 49
