1694509420956 172.61740318458192 0
1694509421105 162.6460687488251 1
1694509421266 162.09529077418966 2
1694509421412 158.95927244506652 3
1694509421561 159.2791282221026 4
1694509421709 152.7175608778402 5
1694509421859 155.83568484029007 6
1694509422021 148.73171618000262 7
1694509422176 144.7691066642664 8
1694509422334 152.92664839015677 9
1694509422479 142.49036144995864 10
1694509422625 137.6117534572505 11
1694509422766 137.26639937924048 12
1694509422913 139.999786236948 13
1694509423088 136.62147798135965 14
1694509423253 134.22079040240746 15
1694509423416 130.4868512314423 16
1694509423574 128.84968862630745 17
1694509423724 128.96834881256336 18
1694509423880 125.16616741684176 19
1694509424039 122.3692942214868 20
1694509424195 120.77587490148058 21
1694509424356 119.3425163638881 22
1694509424508 115.60466101418675 23
1694509424654 120.16192174487963 24
1694509424803 111.85624646222792 25
1694509424958 113.43166798251004 26
1694509425107 114.20482250761415 27
1694509425268 109.91785450419603 28
1694509425444 107.63163203179015 29
1694509425593 107.33639376651199 30
1694509425746 108.76567635158753 31
1694509425895 104.4521510701782 32
1694509426047 103.6409383017176 33
1694509426198 100.65989526164756 34
1694509426350 98.4265143673614 35
1694509426514 98.600009819219 36
1694509426672 95.61584247457101 37
1694509426828 95.40391501756801 38
1694509426983 94.10514936364173 39
1694509427133 91.60800584486803 40
1694509427288 88.63315606850932 41
1694509427436 86.97535105839475 42
1694509427581 87.3333096901929 43
1694509427715 88.00999470528828 44
1694509427864 82.65020862144299 45
1694509428003 84.64115204419102 46
1694509428144 80.84272035108417 47
1694509428286 83.93068777449945 48
1694509428426 82.2230599320427 49
