1694491257086 -54.114496943198525 0
1694491257181 -11.434685932821205 1
1694491257285 -1.923641624735076 2
1694491257392 0.1975899222710572 3
1694491257494 0.6728909681710282 4
1694491257589 0.781232887617937 5
1694491257691 0.8065882604619085 6
1694491257805 0.8125937488023364 7
1694491257923 0.8140697019051648 8
1694491258024 0.8144151678324424 9
1694491258112 0.8146053681891582 10
1694491258206 0.8147641252235456 11
1694491258297 0.8146487424024594 12
1694491258409 0.8147828640016739 13
1694491258505 0.8146654534433388 14
1694491258601 0.8146111584434715 15
1694491258710 0.8144373674376576 16
1694491258828 0.814500118204329 17
1694491258919 0.8145763469384937 18
1694491259029 0.8145952810541731 19
1694491259133 0.8145599774186831 20
1694491259241 0.8145150596123052 21
1694491259345 0.8146232764746951 22
1694491259448 0.814617140984397 23
1694491259554 0.8146851415075781 24
1694491259661 0.8145642556142713 25
1694491259768 0.8143562676136588 26
1694491259876 0.8143832407783218 27
1694491259983 0.8145247480604312 28
1694491260082 0.8145850141195938 29
1694491260187 0.8145281305571602 30
1694491260288 0.8144269923840243 31
1694491260399 0.814557814533373 32
1694491260510 0.8144511086275474 33
1694491260621 0.8145592190982378 34
1694491260725 0.8145740893104666 35
1694491260838 0.8143451979940656 36
1694491260946 0.8144513626333745 37
1694491261056 0.8147149894900232 38
1694491261160 0.814652899766939 39
1694491261268 0.8146953304410065 40
1694491261368 0.8147161917272732 41
1694491261470 0.8145159440868456 42
1694491261563 0.814647966400279 43
1694491261653 0.8144757356070973 44
1694491261753 0.8146166579469132 45
1694491261858 0.8144563047044499 46
1694491261959 0.8143663154627102 47
1694491262059 0.8144693841630244 48
1694491262148 0.8146467612297197 49
