1694508928053 -115.02037287592228 0
1694508928239 -54.476551622607666 1
1694508928430 -25.69619563833295 2
1694508928616 -11.977517121225373 3
1694508928788 -5.412034248424655 4
1694508928979 -2.255244984715794 5
1694508929178 -0.7264011270610262 6
1694508929364 0.023562857227284573 7
1694508929557 0.3946901501626636 8
1694508929733 0.5824820802503932 9
1694508929908 0.6798047008769644 10
1694508930100 0.7316499042178304 11
1694508930279 0.7594675521672947 12
1694508930449 0.7754734644643632 13
1694508930616 0.7847851796160845 14
1694508930784 0.7907984894260928 15
1694508930968 0.7943373495176971 16
1694508931146 0.796824865097073 17
1694508931310 0.7980462635538504 18
1694508931476 0.7990325818553977 19
1694508931648 0.7999240464793419 20
1694508931842 0.8004447536370516 21
1694508932039 0.8006330563655524 22
1694508932210 0.8008433937665675 23
1694508932373 0.801117478800521 24
1694508932543 0.8013584778183804 25
1694508932709 0.8011609943723037 26
1694508932877 0.8014297511680374 27
1694508933057 0.8014073631931997 28
1694508933252 0.8014057579289053 29
