1694508927957 73.69385461978455 0
1694508928155 50.29373006850738 1
1694508928342 26.977164395995967 2
1694508928533 10.789601570356991 3
1694508928708 5.092884256974067 4
1694508928894 4.065106975131869 5
1694508929096 1.6405823048665702 6
1694508929282 0.23645130806511763 7
1694508929473 1.4511392294599013 8
1694508929654 0.013471593219078638 9
1694508929824 0.1052642319491221 10
1694508930017 0.03591594852667022 11
1694508930196 0.30244843088294515 12
1694508930369 0.24215577595480806 13
1694508930535 0.012198096273892607 14
1694508930705 0.0033855660639217173 15
1694508930890 0.21845222518462218 16
1694508931058 0.0036679982675812675 17
1694508931233 0.03444557221282873 18
1694508931398 0.37543141493271276 19
1694508931561 0.043137612348099826 20
1694508931756 0.07879204575853037 21
1694508931956 0.0041462887077458755 22
1694508932130 0.064364623171246 23
1694508932296 0.08392924395571479 24
1694508932460 0.477382331546469 25
1694508932630 0.023075594760048567 26
1694508932796 0.02048411786949673 27
1694508932981 0.0022800515727716235 28
1694508933174 0.0008527711287524639 29
