1694491286717 -208.61099035604124 0
1694491286826 -179.66578837130442 1
1694491286931 -154.72123648985553 2
1694491287050 -133.22386550633658 3
1694491287161 -114.69719257977405 4
1694491287268 -98.73099967791381 5
1694491287374 -84.97068222794812 6
1694491287484 -73.11127742678255 7
1694491287591 -62.890967789071986 8
1694491287703 -54.082781622629874 9
1694491287807 -46.49138725729205 10
1694491287917 -39.948860979826165 11
1694491288023 -34.310962446320715 12
1694491288127 -29.451944908496785 13
1694491288238 -25.264265874473878 14
1694491288345 -21.655128628668866 15
1694491288451 -18.54475897063938 16
1694491288561 -15.864024708818992 17
1694491288669 -13.553863107947812 18
1694491288780 -11.56295330542466 19
1694491288885 -9.847275977454196 20
1694491288999 -8.368630529606127 21
1694491289107 -7.09450931076443 22
1694491289199 -5.996363220224401 23
1694491289290 -5.049982481513832 24
1694491289397 -4.234348969345147 25
1694491289499 -3.5316322295925424 26
1694491289591 -2.9260363200301223 27
1694491289683 -2.404093834586703 28
1694491289778 -1.9543859305042783 29
1694491289882 -1.5668891979150605 30
1694491289988 -1.2329597853934113 31
1694491290092 -0.9452596225505749 32
1694491290201 -0.6974222865558357 33
1694491290314 -0.4837847872017693 34
1694491290421 -0.29973013593510434 35
1694491290527 -0.14113911741860097 36
1694491290630 -0.004551241227648717 37
1694491290729 0.11313211529908107 38
1694491290835 0.21449723236582918 39
1694491290942 0.30185197639625794 40
1694491291048 0.3770626009580189 41
1694491291163 0.4418588426639122 42
1694491291278 0.4976873575335361 43
1694491291384 0.5457510309226065 44
1694491291495 0.5871236168278343 45
1694491291603 0.6227531143196383 46
1694491291711 0.6534446336540185 47
1694491291820 0.6798730912715253 48
1694491291926 0.7026199032709413 49
