1694491286648 148.30803637991275 0
1694491286756 127.36532350706916 1
1694491286861 109.46294427146958 2
1694491286971 94.67854797578777 3
1694491287089 81.83184416230996 4
1694491287196 68.59809111461722 5
1694491287304 59.65139672469554 6
1694491287410 52.269208191461125 7
1694491287520 44.23915670700194 8
1694491287627 38.63778095506976 9
1694491287739 34.241449183902425 10
1694491287844 30.029411205139464 11
1694491287954 24.58134706301476 12
1694491288059 20.384953533972467 13
1694491288164 18.528179856632228 14
1694491288275 15.762215202510935 15
1694491288381 13.98422692817492 16
1694491288488 12.43857404319415 17
1694491288599 9.864626699476842 18
1694491288710 8.992837233462593 19
1694491288816 6.80492588214446 20
1694491288923 6.687545602057665 21
1694491289038 5.687039928269258 22
1694491289139 5.017560038764566 23
1694491289231 4.108295811604209 24
1694491289327 3.9280759878806903 25
1694491289438 2.8570346810733467 26
1694491289529 2.6765164166347124 27
1694491289621 2.5200789166663706 28
1694491289716 2.236636809491643 29
1694491289813 1.8852530895037527 30
1694491289917 1.5433215247059864 31
1694491290023 1.4155999761423657 32
1694491290127 1.2690889658933677 33
1694491290240 1.1457406201975247 34
1694491290351 0.9966757292724316 35
1694491290457 0.8530338674803476 36
1694491290562 0.536744457546401 37
1694491290666 0.6716281175310403 38
1694491290767 0.6012860297534228 39
1694491290871 0.5295930220597672 40
1694491290978 0.381770508635197 41
1694491291086 0.3832032265460854 42
1694491291205 0.3937681718215269 43
1694491291314 0.27417137481813586 44
1694491291421 0.22051350195611086 45
1694491291532 0.22379536297100563 46
1694491291640 0.2189062227358275 47
1694491291746 0.3455736695880625 48
1694491291856 0.2447718391511927 49
