1694490665242 -242.1228281196216 0
1694490665377 -241.64555603686554 1
1694490665506 -241.1691849447793 2
1694490665642 -240.69375349405632 3
1694490665808 -240.21925982686577 4
1694490665938 -239.745702089467 5
1694490666059 -239.27307843178866 6
1694490666183 -238.8013870074214 7
1694490666308 -238.3306259736107 8
1694490666428 -237.86079349124947 9
1694490666569 -237.39188772487122 10
1694490666723 -236.92390684264237 11
1694490666844 -236.4568490163551 12
1694490666994 -235.99071242142062 13
1694490667143 -235.52549523686153 14
1694490667266 -235.06119564530488 15
1694490667397 -234.5978118329749 16
1694490667534 -234.13534198968594 17
1694490667667 -233.6737843088355 18
1694490667789 -233.21313698739692 19
1694490667917 -232.7533982259123 20
1694490668057 -232.29456622848556 21
1694490668178 -231.83663920277536 22
1694490668304 -231.37961535998787 23
1694490668429 -230.92349291487008 24
1694490668557 -230.46827008570241 25
1694490668693 -230.013945094292 26
1694490668841 -229.56051616596568 27
1694490668983 -229.10798152956266 28
1694490669111 -228.65633941742814 29
1694490669252 -228.2055880654058 30
1694490669374 -227.75572571283138 31
1694490669499 -227.30675060252537 32
1694490669627 -226.8586609807861 33
1694490669751 -226.41145509738337 34
1694490669886 -225.96513120555088 35
1694490670008 -225.5196875619798 36
1694490670146 -225.07512242681176 37
1694490670271 -224.6314340636321 38
1694490670406 -224.18862073946295 39
1694490670526 -223.74668072475657 40
1694490670657 -223.30561229338832 41
1694490670784 -222.86541372265015 42
1694490670911 -222.4260832932436 43
1694490671073 -221.98761928927314 44
1694490671187 -221.55001999823946 45
1694490671317 -221.11328371103272 46
1694490671446 -220.67740872192581 47
1694490671581 -220.24239332856766 48
1694490671715 -219.80823583197645 49
