1694490665139 169.34901212942756 0
1694490665281 169.0104005485274 1
1694490665415 168.6787016601223 2
1694490665549 168.34762852209644 3
1694490665681 168.0172085006485 4
1694490665842 167.6874403040343 5
1694490665977 167.35832264336315 6
1694490666098 167.02985423229677 7
1694490666217 166.70203378704434 8
1694490666344 166.3748600263574 9
1694490666469 166.04833167152458 10
1694490666611 165.7224474463671 11
1694490666762 165.39720607723328 12
1694490666884 165.07260629299356 13
1694490667032 164.74864682503585 14
1694490667181 164.42532640726014 15
1694490667306 164.10264377607376 16
1694490667438 163.7805976703863 17
1694490667575 163.45918683160474 18
1694490667701 163.1384100036284 19
1694490667831 162.818265932844 20
1694490667957 162.49875336812096 21
1694490668095 162.179871060806 22
1694490668214 161.86161776471872 23
1694490668342 161.54399223614647 24
1694490668466 161.22699323383944 25
1694490668595 160.91061951900576 26
1694490668732 160.59486985530685 27
1694490668885 160.27974300885234 28
1694490669022 159.96523774819508 29
1694490669157 159.6513528443267 30
1694490669292 159.33808707067246 31
1694490669408 159.02543920308665 32
1694490669538 158.71340801984744 33
1694490669665 158.40199230165243 34
1694490669791 158.09119083161366 35
1694490669919 157.78100239525287 36
1694490670047 157.47142578049673 37
1694490670181 157.16245977767204 38
1694490670311 156.85410317950107 39
1694490670439 156.54635478109657 40
1694490670569 156.23921337995742 41
1694490670697 155.93267777596347 42
1694490670825 155.6267467713712 43
1694490670959 155.32141917080864 44
1694490671106 155.0166937812711 45
1694490671229 154.712569412116 46
1694490671362 154.40904487505858 47
1694490671486 154.10611898416698 48
1694490671619 153.80379055585777 49
