1694509538883 -245.65609095907553 0
1694509539009 -245.16788185180144 1
1694509539169 -244.6806442707819 2
1694509539350 -244.19450205772625 3
1694509539505 -243.70920146515076 4
1694509539656 -243.22486659768583 5
1694509539861 -242.74149552916393 6
1694509540052 -242.25921161520128 7
1694509540230 -241.77776212753963 8
1694509540381 -241.29727068387592 9
1694509540519 -240.81773537338097 10
1694509540684 -240.33915428904143 11
1694509540858 -239.86165015202255 12
1694509540992 -239.3849715613195 13
1694509541140 -238.90924149905862 14
1694509541277 -238.4344580734126 15
1694509541411 -237.96061939633162 16
1694509541580 -237.48784755699134 17
1694509541739 -237.0158924761434 18
1694509541900 -236.54487650280973 19
1694509542071 -236.0747977639754 20
1694509542312 -235.60577786812087 21
1694509542539 -235.1375677431418 22
1694509542705 -234.6702892565344 23
1694509542871 -234.20394055019878 24
1694509543073 -233.73851976974538 25
1694509543241 -233.27414789593158 26
1694509543409 -232.81057716885763 27
1694509543564 -232.34792882718978 28
1694509543709 -231.88620103130495 29
1694509543954 -231.42551428466882 30
1694509544153 -230.96562182691113 31
1694509544376 -230.50664441858189 32
1694509544611 -230.04858023470712 33
1694509544833 -229.59142745395687 34
1694509545025 -229.13530595631593 35
1694509545195 -228.67997028413373 36
1694509545385 -228.22554057338016 37
1694509545551 -227.77201501722845 38
1694509545729 -227.31951302175568 39
1694509545911 -226.8677901212792 40
1694509546092 -226.41696597704325 41
1694509546255 -225.96703879660853 42
1694509546439 -225.5180067911152 43
1694509546585 -225.06998874737707 44
1694509546750 -224.62274149301274 45
1694509546916 -224.17638406891174 46
1694509547078 -223.73091470045853 47
1694509547224 -223.28645170392392 48
1694509547386 -222.84275289138594 49
