1694490796310 -232.54818906318417 0
1694490796442 -232.08932518806395 1
1694490796606 -231.63129574674437 2
1694490796748 -231.17417086257188 3
1694490796871 -230.7181427199921 4
1694490796999 -230.2630127120168 5
1694490797121 -229.8087810077054 6
1694490797250 -229.35544583017153 7
1694490797391 -228.90300540608246 8
1694490797515 -228.4514579656175 9
1694490797639 -228.0008017424615 10
1694490797768 -227.55103497379747 11
1694490797895 -227.10215590029992 12
1694490798046 -226.65416276612794 13
1694490798187 -226.2070538189181 14
1694490798321 -225.76082730977765 15
1694490798451 -225.31548149327776 16
1694490798581 -224.8710146274466 17
1694490798701 -224.4274249737621 18
1694490798828 -223.98471079714582 19
1694490798959 -223.54287036595562 20
1694490799092 -223.10190195197893 21
1694490799218 -222.66180383042607 22
1694490799341 -222.2225742799234 23
1694490799465 -221.78421158250643 24
1694490799582 -221.3467140236133 25
1694490799703 -220.91007989207793 26
1694490799829 -220.4743074801231 27
1694490799959 -220.03939508335404 28
1694490800087 -219.60534100075157 29
1694490800249 -219.17214353466537 30
1694490800401 -218.73980099080742 31
1694490800530 -218.3083116782452 32
1694490800686 -217.87767390939518 33
1694490800815 -217.44788600001613 34
1694490800946 -217.01894626920225 35
1694490801079 -216.59085303937707 36
1694490801203 -216.1636046362864 37
1694490801332 -215.73719938899205 38
1694490801457 -215.3116356298648 39
1694490801588 -214.88691169457857 40
1694490801711 -214.4630259221031 41
1694490801838 -214.0399766546979 42
1694490801972 -213.6177622379058 43
1694490802098 -213.19638102054583 44
1694490802226 -212.7758313547075 45
1694490802378 -212.35611159574378 46
1694490802523 -211.93722010226486 47
1694490802653 -211.51915523613164 48
1694490802788 -211.10191536244918 49
