1694490688201 -242.56123674970982 0
1694490688336 -242.51778711599485 1
1694490688471 -242.47430480990846 2
1694490688624 -242.4308303049716 3
1694490688747 -242.38736359936874 4
1694490688875 -242.34390469169765 5
1694490689006 -242.30045358055642 6
1694490689125 -242.25701026454323 7
1694490689271 -242.21357474225678 8
1694490689410 -242.17014701229584 9
1694490689536 -242.12672707325942 10
1694490689660 -242.0833149237468 11
1694490689783 -242.03991056235768 12
1694490689908 -241.99651398769177 13
1694490690041 -241.95312519834914 14
1694490690171 -241.9097441929302 15
1694490690308 -241.86637097003535 16
1694490690436 -241.82300552826555 17
1694490690561 -241.7796478662219 18
1694490690707 -241.73629798250562 19
1694490690842 -241.69295587571835 20
1694490690976 -241.6496215444619 21
1694490691083 -241.60629498733837 22
1694490691219 -241.56297620295004 23
1694490691337 -241.51966518989957 24
1694490691469 -241.4763619467898 25
1694490691573 -241.43306647222377 26
1694490691696 -241.38977876480484 27
1694490691828 -241.34649882313656 28
1694490691955 -241.30322664582283 29
1694490692077 -241.25996223146774 30
1694490692228 -241.2167055786756 31
1694490692330 -241.17345668605103 32
1694490692457 -241.13021555219885 33
1694490692587 -241.0869821757242 34
1694490692715 -241.0437565552324 35
1694490692856 -241.0005386893291 36
1694490693026 -240.9573285766201 37
1694490693150 -240.9141262157115 38
1694490693297 -240.87093160520973 39
1694490693423 -240.82774474372127 40
1694490693556 -240.7845656298531 41
1694490693676 -240.74139426221222 42
1694490693798 -240.6982306394061 43
1694490693903 -240.65507476004223 44
1694490694035 -240.61192662272856 45
1694490694171 -240.56878622607317 46
1694490694308 -240.52565356868448 47
1694490694438 -240.48252864917094 48
1694490694574 -240.43941146614154 49
