1694490688087 169.34901212942756 0
1694490688243 169.31513570535824 1
1694490688375 169.28493912685724 2
1694490688520 169.25471933815754 3
1694490688663 169.22450497182132 4
1694490688785 169.19429602657777 5
1694490688914 169.16409250145193 6
1694490689046 169.13389439546904 7
1694490689167 169.1037017076545 8
1694490689318 169.07351443703388 9
1694490689452 169.04333258263296 10
1694490689575 169.0131561434776 11
1694490689699 168.98298511859403 12
1694490689817 168.95281950700848 13
1694490689943 168.92265930774735 14
1694490690079 168.89250451983742 15
1694490690209 168.86235514230535 16
1694490690347 168.8322111741782 17
1694490690477 168.80207261448314 18
1694490690600 168.77193946224745 19
1694490690745 168.7418117164987 20
1694490690884 168.71168937626456 21
1694490691010 168.68157244057286 22
1694490691130 168.65146090845172 23
1694490691249 168.62135477892923 24
1694490691375 168.5912540510339 25
1694490691503 168.5611587237942 26
1694490691613 168.5310687962389 27
1694490691738 168.50098426739694 28
1694490691863 168.47090513629738 29
1694490691988 168.44083140196946 30
1694490692116 168.41076306344266 31
1694490692259 168.38070011974656 32
1694490692370 168.35064256991095 33
1694490692492 168.32059041296586 34
1694490692626 168.29054364794132 35
1694490692754 168.26050227386767 36
1694490692901 168.23046628977545 37
1694490693060 168.20043569469524 38
1694490693187 168.17041048765793 39
1694490693335 168.14039066769453 40
1694490693462 168.11037623383623 41
1694490693594 168.08036718511428 42
1694490693719 168.0503635205604 43
1694490693832 168.02036523920611 44
1694490693945 167.99037234008344 45
1694490694075 167.96038482222434 46
1694490694212 167.93040268466112 47
1694490694344 167.9004259264261 48
1694490694474 167.87045454655194 49
