1694507496005 -5.436329963193558 0
1694507496261 -5.490022329038387 1
1694507496522 -5.811928168106772 2
1694507496808 -5.305854177419339 3
1694507497076 -5.473454859863355 4
1694507497342 -5.762239901299798 5
1694507497603 -5.5871263611009265 6
1694507497879 -5.560518071578334 7
1694507498144 -5.903229737201311 8
1694507498404 -5.448043731643039 9
1694507498686 -5.3949451502719805 10
1694507498966 -5.840916812017507 11
1694507499251 -5.378747574969758 12
1694507499525 -5.38511145647985 13
1694507499810 -5.577722515573944 14
1694507500097 -5.7309901206194045 15
1694507500405 -5.834384322384842 16
1694507500721 -5.746741825099938 17
1694507500973 -5.636813108449213 18
1694507501229 -5.9568264828303175 19
1694507501468 -5.9359513040695 20
1694507501718 -5.907085182793021 21
1694507501978 -5.811937885689443 22
1694507502237 -5.67854122520512 23
1694507502546 -5.768886329977869 24
1694507502821 -5.876563197073032 25
1694507503097 -5.637286447514121 26
1694507503366 -5.580503102927771 27
1694507503642 -5.58830019151107 28
1694507503893 -5.366009318672038 29
1694507504116 -5.965297951146877 30
1694507504356 -5.310708791956266 31
1694507504658 -5.966368520348793 32
1694507504928 -5.865270820063992 33
1694507505186 -5.774637986999582 34
1694507505466 -5.647961547924191 35
1694507505718 -6.190569769544528 36
1694507505974 -5.327024519170494 37
1694507506294 -6.35253648621345 38
1694507506560 -5.697096569939062 39
1694507506836 -5.998028343546042 40
1694507507113 -5.612904724921462 41
1694507507426 -5.889877354106132 42
1694507507749 -6.125656582158482 43
1694507508085 -5.748741056623011 44
1694507508467 -5.621071406285852 45
1694507508832 -5.499016202836489 46
1694507509215 -5.554092150184102 47
1694507509592 -5.486800425579943 48
1694507509922 -5.863803664088672 49
