1694490563248 169.42810631986347 0
1694490563411 166.05396746635364 1
1694490563555 162.77512925403047 2
1694490563689 159.56117024497414 3
1694490563808 156.41118546820445 4
1694490563933 153.3237112851888 5
1694490564085 150.2975042326969 6
1694490564209 147.33115120412347 7
1694490564338 144.42384713967968 8
1694490564464 141.57422655636347 9
1694490564587 138.78114214427728 10
1694490564720 136.04327535527472 11
1694490564840 133.35991292446462 12
1694490564998 130.72978011997944 13
1694490565134 128.1518183431375 14
1694490565259 125.62479647074466 15
1694490565385 123.14808555549887 16
1694490565510 120.72049478066513 17
1694490565644 118.34104739309504 18
1694490565802 116.0085931082818 19
1694490565937 113.72258040886688 20
1694490566079 111.4818960814748 21
1694490566210 109.28563888456209 22
1694490566328 107.13273329079426 23
1694490566453 105.02269886923374 24
1694490566585 102.95449418160237 25
1694490566712 100.92728765457456 26
1694490566843 98.94007290204566 27
1694490566971 96.99243473805204 28
1694490567096 95.08339811712227 29
1694490567231 93.2120070510562 30
1694490567349 91.37788774686402 31
1694490567469 89.58011368849787 32
1694490567600 87.81796250177565 33
1694490567737 86.09053842838473 34
1694490567873 84.39752398704464 35
1694490568023 82.73805050668155 36
1694490568143 81.11145144148615 37
1694490568301 79.51688675467493 38
1694490568428 77.95409061410213 39
1694490568557 76.42224787265354 40
1694490568684 74.92074349370166 41
1694490568809 73.44878899734928 42
1694490568937 72.00616590974818 43
1694490569068 70.5921086159298 44
1694490569194 69.20586673023267 45
1694490569351 67.84725070171896 46
1694490569490 66.5155316468519 47
1694490569625 65.21017526745658 48
1694490569757 63.93047609810918 49
