1694489414501 -126.21822289894378 0
1694489414650 -69.43514505245025 1
1694489414790 -40.845845637439936 2
1694489414928 -25.897930694956163 3
1694489415072 -17.763930073071823 4
1694489415223 -13.158135511519262 5
1694489415370 -10.447810140788102 6
1694489415514 -8.800209197310478 7
1694489415655 -7.774723138750932 8
1694489415802 -7.11891573437001 9
1694489415943 -6.697653290691443 10
1694489416084 -6.423407441737631 11
1694489416216 -6.242328716533553 12
1694489416367 -6.1244886503184714 13
1694489416506 -6.046645067254364 14
1694489416650 -5.994445188555709 15
1694489416794 -5.960909985901533 16
1694489416941 -5.936232828980111 17
1694489417083 -5.921930931814159 18
1694489417224 -5.911130754121157 19
1694489417366 -5.903647618914527 20
1694489417511 -5.8970354429471685 21
1694489417653 -5.890717397841893 22
1694489417795 -5.890396459245008 23
1694489417943 -5.890397678932357 24
