1694489414425 85.38426643538988 0
1694489414582 42.377720074050174 1
1694489414726 22.32226363609318 2
1694489414864 17.462676189822282 3
1694489415005 16.25599317892498 4
1694489415157 10.426120951245409 5
1694489415302 9.837158568968 6
1694489415449 4.923929874775639 7
1694489415589 7.801096419101708 8
1694489415731 6.027439225294825 9
1694489415879 1.8017218315755668 10
1694489416024 6.860642271494839 11
1694489416155 6.7782726826956745 12
1694489416300 5.215640875632345 13
1694489416443 3.8074361506112897 14
1694489416583 3.937969353160276 15
1694489416728 3.4861876185673877 16
1694489416871 3.1499916694815204 17
1694489417016 4.945278685479152 18
1694489417157 2.121204443012196 19
1694489417299 3.5886869107142125 20
1694489417442 4.902850574588839 21
1694489417587 6.183251849664576 22
1694489417728 5.087927111948737 23
1694489417871 3.63714588568049 24
