1694508137632 -127.99127360203929 0
1694508137917 -70.54589170739813 1
1694508138213 -41.58481209573658 2
1694508138481 -26.431837903198137 3
1694508138759 -18.176798353956674 4
1694508139041 -13.493784066051411 5
1694508139322 -10.742609084594216 6
1694508139592 -9.066052727856553 7
1694508139877 -8.022613997160699 8
1694508140172 -7.3594041951193265 9
1694508140458 -6.930566926874717 10
1694508140768 -6.651208230010443 11
1694508141067 -6.467632022981205 12
1694508141379 -6.34802839536027 13
1694508141663 -6.2660689343088 14
1694508141948 -6.213564261281601 15
1694508142244 -6.177784515073906 16
1694508142534 -6.154338059871777 17
1694508142810 -6.135821687223277 18
1694508143050 -6.124841880056974 19
1694508143311 -6.116996556015374 20
1694508143594 -6.111784947049384 21
1694508143842 -6.108755604477795 22
1694508144102 -6.10779508465167 23
1694508144365 -6.106249112244288 24
1694508144641 -6.106613837784164 25
1694508144905 -6.105119758268737 26
1694508145135 -6.103805690366621 27
1694508145369 -6.10408448827365 28
1694508145614 -6.106487495760561 29
1694508145873 -6.10479370169898 30
1694508146150 -6.107591702369167 31
1694508146391 -6.10716559602818 32
1694508146635 -6.104154543122298 33
1694508146875 -6.1048180165370765 34
1694508147100 -6.103297800173227 35
1694508147336 -6.105820312161528 36
1694508147566 -6.105537120082341 37
1694508147791 -6.105687302779318 38
1694508148036 -6.105513021320659 39
1694508148255 -6.106572298045637 40
1694508148499 -6.105888586550612 41
1694508148715 -6.104663911704154 42
1694508148952 -6.107380000652096 43
1694508149172 -6.106688613100466 44
1694508149404 -6.103027059733127 45
1694508149627 -6.104528136693836 46
1694508149858 -6.103879910366868 47
1694508150128 -6.102398624546236 48
1694508150381 -6.101527615743723 49
