1694490286435 0.34195693191741056 0
1694490286625 0.005121279254477786 1
1694490286783 0.2677080543684947 2
1694490286939 0.0025049354013643613 3
1694490287092 0.003850558875692826 4
1694490287240 0.07495611442084486 5
1694490287408 0.3477090746027162 6
1694490287554 0.14905200200699442 7
1694490287689 0.1682439632541719 8
1694490287852 0.060860391047366076 9
1694490288004 0.030857799823848415 10
1694490288165 0.10379846763134978 11
1694490288324 0.018127892722089593 12
1694490288498 0.05613857437821063 13
1694490288661 0.07562710350100636 14
1694490288818 0.03298066980354368 15
1694490288981 0.001339366627909764 16
1694490289130 0.7484831322982198 17
1694490289281 0.017397209115422724 18
1694490289437 9.85569629566823e-05 19
1694490289589 0.09926191415677156 20
1694490289737 0.022098053283039355 21
1694490289890 0.012012480403032376 22
1694490290031 1.853592424481781e-05 23
1694490290177 4.70372914286938e-05 24
1694490290323 0.6492531184870871 25
1694490290479 0.0288614101457973 26
1694490290627 0.2519318188563085 27
1694490290769 5.414734381476898e-05 28
1694490290913 0.020089159218532715 29
1694490291060 0.06205450460197648 30
1694490291201 0.009488810523587117 31
1694490291347 0.025804927362791816 32
1694490291483 0.0007326107649513829 33
1694490291619 0.032351864217756786 34
1694490291767 0.625869037425977 35
1694490291917 1.0009148052365622 36
1694490292056 0.5095335348657726 37
1694490292205 0.0207196496810161 38
1694490292358 0.010351547573314114 39
1694490292512 0.193165732428739 40
1694490292658 0.1744567849832884 41
1694490292800 0.18697304383307944 42
1694490292945 0.38624594181306315 43
1694490293096 0.02975665506191484 44
1694490293233 0.09795944691143153 45
1694490293368 0.10230866791562059 46
1694490293524 0.19460758584687546 47
1694490293671 0.10850948978899962 48
1694490293822 0.48446419514990535 49
