1694510776052 -242.61410034878776 0
1694510776229 -242.1269594551534 1
1694510776402 -241.64079340854207 2
1694510776593 -241.15560025746365 3
1694510776770 -240.67137805433651 4
1694510776959 -240.18812485548017 5
1694510777122 -239.70583872110726 6
1694510777322 -239.22451771531559 7
1694510777527 -238.74415990608065 8
1694510777743 -238.26476336524763 9
1694510777923 -237.78632616852363 10
1694510778113 -237.30884639547017 11
1694510778324 -236.8323221294952 12
1694510778522 -236.35675145784552 13
1694510778734 -235.88213247159902 14
1694510778919 -235.40846326565705 15
1694510779114 -234.93574193873678 16
1694510779313 -234.46396659336344 17
1694510779517 -233.9931353358629 18
1694510779718 -233.52324627635363 19
1694510779899 -233.05429752873974 20
1694510780104 -232.58628721070272 21
1694510780297 -232.11921344369432 22
1694510780472 -231.65307435292888 23
1694510780664 -231.1878680673757 24
1694510780863 -230.72359271975148 25
1694510781051 -230.26024644651315 26
1694510781248 -229.79782738784982 27
1694510781438 -229.33633368767576 28
1694510781633 -228.87576349362283 29
1694510781848 -228.4161149570329 30
1694510782063 -227.95738623295037 31
1694510782240 -227.49957548011508 32
1694510782401 -227.0426808609546 33
1694510782574 -226.58670054157673 34
1694510782724 -226.13163269176266 35
1694510782888 -225.677475484959 36
1694510783053 -225.22422709827083 37
1694510783247 -224.77188571245412 38
1694510783413 -224.3204495119087 39
1694510783595 -223.86991668467056 40
1694510783774 -223.42028542240487 41
1694510783959 -222.97155392039875 42
1694510784110 -222.5237203775537 43
1694510784258 -222.07678299637863 44
1694510784424 -221.6307399829824 45
1694510784603 -221.18558954706697 46
1694510784761 -220.74132990191973 47
1694510784914 -220.29795926440667 48
1694510785072 -219.8554758549651 49
