1694510775921 169.6970025663437 0
1694510776102 169.35770137332275 1
1694510776284 169.0190793545381 2
1694510776465 168.68113514977318 3
1694510776649 168.34386740153775 4
1694510776823 168.00727475506193 5
1694510777008 167.6713558582913 6
1694510777174 167.33610936188106 7
1694510777391 167.00153391919073 8
1694510777594 166.6676281862788 9
1694510777797 166.33439082189707 10
1694510777973 166.00182048748562 11
1694510778177 165.6699158471671 12
1694510778374 165.33867556774138 13
1694510778578 165.00809831868045 14
1694510778785 164.6781827721227 15
1694510778976 164.34892760286783 16
1694510779168 164.02033148837137 17
1694510779368 163.69239310873948 18
1694510779572 163.36511114672345 19
1694510779769 163.03848428771454 20
1694510779966 162.71251121973862 21
1694510780162 162.38719063345104 22
1694510780356 162.06252122213104 23
1694510780527 161.73850168167672 24
1694510780723 161.41513071059984 25
1694510780917 161.09240701002037 26
1694510781108 160.7703292836614 27
1694510781302 160.44889623784383 28
1694510781495 160.1281065814812 29
1694510781699 159.80795902607466 30
1694510781914 159.4884522857074 31
1694510782118 159.1695850770398 32
1694510782295 158.85135611930417 33
1694510782458 158.53376413429947 34
1694510782618 158.21680784638636 35
1694510782774 157.90048598248185 36
1694510782929 157.5847972720544 37
1694510783110 157.26974044711864 38
1694510783294 156.95531424223023 39
1694510783471 156.64151739448099 40
1694510783645 156.32834864349346 41
1694510783832 156.0158067314163 42
1694510784007 155.70389040291866 43
1694510784156 155.39259840518562 44
1694510784308 155.08192948791284 45
1694510784478 154.77188240330162 46
1694510784650 154.4624559060539 47
1694510784807 154.15364875336724 48
1694510784967 153.84545970492974 49
