1694491346741 -232.20599819499705 0
1694491346881 -231.73944422599214 1
1694491347013 -231.2738244267751 2
1694491347178 -230.80913692633197 3
1694491347310 -230.34537985739792 4
1694491347428 -229.88255135644943 5
1694491347551 -229.42064956369688 6
1694491347678 -228.9596726230771 7
1694491347817 -228.49961868224585 8
1694491347956 -228.0404858925704 9
1694491348098 -227.58227240912208 10
1694491348245 -227.12497639066882 11
1694491348369 -226.66859599966784 12
1694491348492 -226.21312940225803 13
1694491348619 -225.75857476825297 14
1694491348755 -225.30493027113303 15
1694491348894 -224.85219408803854 16
1694491349024 -224.40036439976205 17
1694491349147 -223.94943939074136 18
1694491349275 -223.49941724905187 19
1694491349413 -223.0502961663994 20
1694491349538 -222.60207433811317 21
1694491349674 -222.15474996313816 22
1694491349817 -221.70832124402813 23
1694491349940 -221.26278638693822 24
1694491350068 -220.8181436016177 25
1694491350202 -220.3743911014031 26
1694491350352 -219.93152710321053 27
1694491350472 -219.48954982752892 28
1694491350603 -219.04845749841266 29
1694491350728 -218.60824834347432 30
1694491350854 -218.16892059387797 31
1694491350990 -217.73047248433144 32
1694491351116 -217.29290225307975 33
1694491351241 -216.8562081418978 34
1694491351377 -216.42038839608338 35
1694491351505 -215.98544126444972 36
1694491351632 -215.55136499931908 37
1694491351768 -215.1181578565153 38
1694491351938 -214.68581809535684 39
1694491352074 -214.25434397864984 40
1694491352211 -213.82373377268104 41
1694491352350 -213.3939857472109 42
1694491352515 -212.96509817546666 43
1694491352646 -212.53706933413525 44
1694491352771 -212.10989750335642 45
1694491352906 -211.68358096671582 46
1694491353030 -211.25811801123825 47
1694491353162 -210.83350692738048 48
1694491353305 -210.40974600902447 49
