1694491346650 169.42810631986347 0
1694491346783 169.0891636667872 1
1694491346922 168.7508997852534 2
1694491347055 168.4133133154083 3
1694491347222 168.07640290012372 4
1694491347349 167.74016718499155 5
1694491347470 167.4046048183183 6
1694491347587 167.06971445111978 7
1694491347715 166.73549473711552 8
1694491347858 166.4019443327235 9
1694491347992 166.06906189705458 10
1694491348143 165.73684609190718 11
1694491348277 165.40529558176186 12
1694491348410 165.0744090337761 13
1694491348533 164.7441851177786 14
1694491348661 164.41462250626424 15
1694491348794 164.08571987438862 16
1694491348934 163.75747589996263 17
1694491349060 163.42988926344728 18
1694491349183 163.10295864794833 19
1694491349316 162.77668273921088 20
1694491349452 162.45106022561433 21
1694491349577 162.12608979816673 22
1694491349713 161.80177015049992 23
1694491349852 161.47809997886392 24
1694491349983 161.15507798212192 25
1694491350107 160.83270286174488 26
1694491350251 160.51097332180638 27
1694491350390 160.1898880689774 28
1694491350516 159.86944581252112 29
1694491350641 159.54964526428765 30
1694491350766 159.23048513870884 31
1694491350895 158.91196415279336 32
1694491351026 158.59408102612107 33
1694491351154 158.27683448083832 34
1694491351284 157.9602232416525 35
1694491351420 157.64424603582697 36
1694491351546 157.3289015931761 37
1694491351671 157.01418864606 38
1694491351824 156.70010592937933 39
1694491351973 156.38665218057042 40
1694491352115 156.07382613960007 41
1694491352255 155.7616265489604 42
1694491352392 155.45005215366402 43
1694491352552 155.13910170123873 44
1694491352682 154.82877394172257 45
1694491352815 154.5190676276589 46
1694491352936 154.2099815140911 47
1694491353077 153.9015143585579 48
1694491353205 153.59366492108808 49
