1694510203421 0.16909144533601342 0
1694510203615 0.01901050343910584 1
1694510203818 0.0950277693392949 2
1694510204006 0.006249258302652704 3
1694510204181 0.00014965382010671778 4
1694510204351 0.019881198382119266 5
1694510204533 0.19798801512255843 6
1694510204702 0.009922705833581043 7
1694510204866 0.04855195579499372 8
1694510205035 0.0027488130268367742 9
1694510205236 0.20985938610500518 10
1694510205406 0.004943309948243313 11
1694510205604 0.001658607045536508 12
1694510205788 0.00521082767184724 13
1694510205983 0.01757677298056171 14
1694510206159 0.010518893028348776 15
1694510206354 0.004636572428616977 16
1694510206538 1.0513650114281774 17
1694510206750 0.10728601943205504 18
1694510206922 0.030596228829132415 19
1694510207114 0.08467622923214516 20
1694510207304 0.010406182579721488 21
1694510207498 0.03896737527748035 22
1694510207674 0.05021818528737952 23
1694510207856 0.00035553871288419815 24
1694510208042 0.04594866818992577 25
1694510208220 0.02588958227968448 26
1694510208404 0.3007052993403218 27
1694510208576 0.12250476952189779 28
1694510208774 0.32036871622608154 29
1694510208955 0.06538635148557922 30
1694510209139 0.04500268043564308 31
1694510209338 0.03194570782840009 32
1694510209525 0.0452889183642479 33
1694510209680 0.00013086310720337616 34
1694510209839 0.0005795904968182936 35
1694510210009 0.007817663717620934 36
1694510210165 0.004669462644647363 37
1694510210348 0.16989495146777073 38
1694510210511 0.013228684157388843 39
1694510210667 0.0030447136051377703 40
1694510210820 0.1522993283538606 41
1694510210984 0.09053303265880332 42
1694510211147 0.028369003953203215 43
1694510211304 0.3342656034082382 44
1694510211461 0.13480755355488988 45
1694510211627 0.0011961553172181402 46
1694510211781 0.1267695935918922 47
1694510211935 0.5592796927719417 48
1694510212086 0.041712256424491057 49
