1694490119562 0.0007355353674649617 0
1694490119719 0.013820087799950235 1
1694490119857 0.02155286539074741 2
1694490119988 0.5285590520847949 3
1694490120135 0.0912759185194139 4
1694490120278 0.019859398980750186 5
1694490120422 0.00032867068098494864 6
1694490120584 0.02012815842314929 7
1694490120738 0.07356620282894942 8
1694490120888 0.1663938034535224 9
1694490121037 0.0026446454273442873 10
1694490121181 0.12847700016935934 11
1694490121319 0.0001538222749983877 12
1694490121465 0.0004092900373211897 13
1694490121618 0.09371822656480487 14
1694490121764 1.571025903488555e-06 15
1694490121915 0.011868703334661718 16
1694490122046 0.012174980069128954 17
1694490122190 0.0009526253676807702 18
1694490122336 0.11137842124723725 19
1694490122480 0.005639894465020802 20
1694490122623 0.1387419247513302 21
1694490122769 0.014047442294819907 22
1694490122915 0.007281439677529315 23
1694490123062 0.028046555865728504 24
1694490123201 0.07354408375173264 25
1694490123347 0.03768794414969488 26
1694490123488 0.028630003018165026 27
1694490123633 0.13830184314443492 28
1694490123787 0.22431242261929377 29
1694490123933 2.6012231281108998e-05 30
1694490124078 0.1158061880860037 31
1694490124214 0.06293617706506736 32
1694490124357 0.04142859434512607 33
1694490124489 0.005319501354336696 34
1694490124634 0.02625130188117769 35
1694490124779 0.06222063003788915 36
1694490124935 0.2295201293061764 37
1694490125062 0.03109198713299483 38
1694490125204 0.015811581134682052 39
1694490125350 0.0482667535683242 40
1694490125510 0.012888195355684777 41
1694490125646 0.01713405265315696 42
1694490125789 0.02141539388081239 43
1694490125939 0.4246221950758272 44
1694490126070 0.06974835855119456 45
1694490126212 0.10431516316294442 46
1694490126355 0.01852495190274369 47
1694490126496 0.09535517313532464 48
1694490126640 0.0013115441610843063 49
