1694425911719 -5.582269461706496 0
1694425911881 -6.052180618835039 1
1694425912029 -5.7456375214747615 2
1694425912195 -5.56526353824968 3
1694425912411 -5.727321441555056 4
1694425912601 -5.455654387878804 5
1694425912774 -5.470849479392619 6
1694425912930 -5.658216787802285 7
1694425913086 -5.56991599319856 8
1694425913240 -5.590060511574357 9
1694425913430 -5.5962839942170675 10
1694425913599 -6.005720350543768 11
1694425913767 -5.8438761397708365 12
1694425913938 -5.711226987789346 13
1694425914098 -5.622092514051064 14
1694425914252 -6.063872153567598 15
1694425914428 -5.504939230171288 16
1694425914597 -5.826616046775907 17
1694425914771 -5.6236984729315935 18
1694425914936 -5.215481857047458 19
1694425915079 -5.721558913985615 20
1694425915232 -5.6223294862014885 21
1694425915411 -5.954188331734388 22
1694425915565 -5.720726037135421 23
1694425915732 -6.2444216608496435 24
1694425915896 -5.622812278650676 25
1694425916054 -6.053262552404791 26
1694425916213 -5.346022224905819 27
1694425916414 -5.772485166395517 28
1694425916605 -5.686455508761524 29
1694425916792 -5.642505986375969 30
1694425916958 -5.6543897608842 31
1694425917115 -5.495098368513518 32
1694425917273 -6.295976392002893 33
1694425917442 -5.807691569287772 34
1694425917642 -6.184397988422065 35
1694425917818 -5.573187453842122 36
1694425918006 -5.751268698131158 37
1694425918165 -5.6319013679714605 38
1694425918329 -6.023698816773086 39
1694425918520 -5.8911053397212045 40
1694425918708 -5.520235198165864 41
1694425918872 -5.544061240678709 42
1694425919049 -5.343865717820702 43
1694425919212 -5.941933272149084 44
1694425919416 -5.373982056481806 45
1694425919596 -5.662496275644985 46
1694425919786 -5.493953810740116 47
1694425919963 -5.649505532196657 48
1694425920137 -5.673879338606332 49
