1694508469425 -239.73505015028783 0
1694508469558 -236.51189002430462 1
1694508469696 -233.33605545156428 2
1694508469844 -230.20712796594344 3
1694508469989 -227.12422487572496 4
1694508470110 -224.0865713257935 5
1694508470242 -221.09370022307877 6
1694508470379 -218.14449430283065 7
1694508470503 -215.23916079771755 8
1694508470637 -212.37609064730532 9
1694508470771 -209.55510933923645 10
1694508470914 -206.77538382246996 11
1694508471053 -204.03645264835816 12
1694508471198 -201.33750467314593 13
1694508471356 -198.67800921877296 14
1694508471493 -196.05734516393835 15
1694508471637 -193.47522666736327 16
1694508471778 -190.9306662618219 17
1694508471926 -188.42328094823785 18
1694508472057 -185.95231070672122 19
1694508472188 -183.51741115712557 20
1694508472321 -181.1178414430514 21
1694508472463 -178.7533856622124 22
1694508472605 -176.42301602909902 23
1694508472733 -174.12657408043668 24
1694508472861 -171.8637864811169 25
1694508472997 -169.63338224691068 26
1694508473138 -167.43540503959886 27
1694508473275 -165.26934020892332 28
1694508473412 -163.13477170635713 29
1694508473579 -161.0308723318441 30
1694508473723 -158.95751595114032 31
1694508473855 -156.9137876814205 32
1694508473983 -154.89994396726476 33
1694508474126 -152.9150121693628 34
1694508474259 -150.95862861018207 35
1694508474401 -149.03044258726658 36
1694508474527 -147.13006375147762 37
1694508474665 -145.25693731717044 38
1694508474796 -143.41083342634954 39
1694508474915 -141.59113259575034 40
1694508475026 -139.7974561377121 41
1694508475145 -138.02964669414396 42
1694508475266 -136.2870248139857 43
1694508475389 -134.56947832345514 44
1694508475516 -132.87631696050408 45
1694508475637 -131.20759721622773 46
1694508475761 -129.56234053104123 47
1694508475886 -127.94071816860483 48
1694508476008 -126.3424053672038 49
