1694489704040 -239.3594449171896 0
1694489704173 -235.78694044752444 1
1694489704303 -232.27291588489814 2
1694489704441 -228.81637475802268 3
1694489704547 -225.41628455390259 4
1694489704657 -222.07171991092557 5
1694489704781 -218.78179675515958 6
1694489704902 -215.5454242095752 7
1694489705030 -212.36162198909116 8
1694489705157 -209.22978211601762 9
1694489705296 -206.14904730215935 10
1694489705428 -203.1181898819843 11
1694489705557 -200.13667877482402 12
1694489705690 -197.20347253361103 13
1694489705803 -194.3177831909446 14
1694489705926 -191.47900935550723 15
1694489706047 -188.68612465999115 16
1694489706173 -185.93843567438446 17
1694489706302 -183.2353380151388 18
1694489706432 -180.57580332849614 19
1694489706558 -177.9592510909133 20
1694489706695 -175.38494732777804 21
1694489706834 -172.85216582085667 22
1694489706961 -170.36015081734865 23
1694489707108 -167.90825158224254 24
1694489707232 -165.49569807101614 25
1694489707375 -163.1220277587981 26
1694489707490 -160.78647967984793 27
1694489707599 -158.48831619996557 28
1694489707725 -156.2269832794166 29
1694489707859 -154.00192501260466 30
1694489707989 -151.81256342933608 31
1694489708114 -149.6581264214059 32
1694489708238 -147.53813098352612 33
1694489708344 -145.45197123387436 34
1694489708473 -143.39908715347806 35
1694489708611 -141.37890832958166 36
1694489708722 -139.3908510653917 37
1694489708857 -137.43450193956318 38
1694489708988 -135.50919245210702 39
1694489709086 -133.61445585347997 40
1694489709188 -131.74985136417993 41
1694489709285 -129.91480906301578 42
1694489709407 -128.10869008341166 43
1694489709531 -126.33129177994695 44
1694489709652 -124.58199871315901 45
1694489709743 -122.86039740618338 46
1694489709838 -121.16586517848022 47
1694489709928 -119.49813860169719 48
1694489710015 -117.85664169096789 49
