1694489703976 172.6077219435962 0
1694489704084 165.75597187955836 1
1694489704217 161.33874826692886 2
1694489704349 157.27627771171126 3
1694489704479 155.6276743877107 4
1694489704583 155.44328692038954 5
1694489704696 147.47617093502882 6
1694489704821 148.09504965730775 7
1694489704939 153.56900770777904 8
1694489705076 146.5938693234549 9
1694489705205 137.29559902157203 10
1694489705338 143.55114562004243 11
1694489705477 137.334343386563 12
1694489705602 139.11913553174475 13
1694489705723 139.28044717831014 14
1694489705843 132.50197294254053 15
1694489705964 134.1982920066623 16
1694489706092 132.12873979499543 17
1694489706216 124.21866007972781 18
1694489706347 128.29090085911778 19
1694489706475 123.33287434530374 20
1694489706609 121.04668719329337 21
1694489706746 117.38885497025073 22
1694489706878 116.85444335250511 23
1694489707016 116.11637963363964 24
1694489707148 118.15726545569603 25
1694489707280 112.3293052492876 26
1694489707420 110.55863729227941 27
1694489707525 112.0285154797697 28
1694489707642 110.79489687804804 29
1694489707781 107.90099526778513 30
1694489707904 102.46702264261275 31
1694489708032 104.38011314903817 32
1694489708159 103.9394647892235 33
1694489708272 100.89253814928928 34
1694489708388 100.57823223442811 35
1694489708517 99.87352366207368 36
1694489708653 99.84111043801147 37
1694489708766 95.20825088218554 38
1694489708901 96.9281684707412 39
1694489709022 94.90399759738578 40
1694489709121 91.87174590147464 41
1694489709221 91.01644335416798 42
1694489709323 96.15606336996714 43
1694489709451 89.22449818837045 44
1694489709579 86.74789826541674 45
1694489709685 85.21110792890897 46
1694489709773 86.87720993179113 47
1694489709870 83.71195994407063 48
1694489709959 83.75755493027621 49
