1694491504095 -246.4219093490649 0
1694491504231 -246.37250143398975 1
1694491504393 -246.32310339785053 2
1694491504546 -246.27371523867143 3
1694491504688 -246.22433695447688 4
1694491504817 -246.17496854329187 5
1694491504935 -246.1256100031417 6
1694491505075 -246.07626133205204 7
1694491505201 -246.02692252804903 8
1694491505338 -245.9775935891591 9
1694491505472 -245.92827451340924 10
1694491505595 -245.87896529882667 11
1694491505726 -245.82966594343907 12
1694491505885 -245.78037644527453 13
1694491506039 -245.73109680236155 14
1694491506166 -245.68182701272895 15
1694491506300 -245.63256707440596 16
1694491506438 -245.5833169854223 17
1694491506565 -245.53407674380793 18
1694491506704 -245.48484634759345 19
1694491506828 -245.4356257948095 20
1694491506962 -245.3864150834875 21
1694491507105 -245.33721421165896 22
1694491507230 -245.28802317735585 23
1694491507354 -245.23884197861065 24
1694491507482 -245.1896706134562 25
1694491507610 -245.14050907992564 26
1694491507734 -245.09135737605257 27
1694491507865 -245.04221549987093 28
1694491507988 -244.99308344941522 29
1694491508152 -244.9439612227201 30
1694491508299 -244.89484881782076 31
1694491508429 -244.84574623275273 32
1694491508552 -244.79665346555205 33
1694491508679 -244.747570514255 34
1694491508805 -244.69849737689827 35
1694491508933 -244.6494340515191 36
1694491509061 -244.60038053615494 37
1694491509209 -244.55133682884372 38
1694491509344 -244.50230292762373 39
1694491509476 -244.45327883053366 40
1694491509599 -244.40426453561264 41
1694491509725 -244.35526004090013 42
1694491509853 -244.30626534443599 43
1694491509982 -244.25728044426052 44
1694491510103 -244.20830533841433 45
1694491510240 -244.1593400249385 46
1694491510401 -244.11038450187453 47
1694491510535 -244.06143876726418 48
1694491510675 -244.01250281914972 49
