1694491504005 169.29944878385177 0
1694491504134 169.26560920503857 1
1694491504268 169.2317763950307 2
1694491504439 169.19795035247415 3
1694491504590 169.16413107601508 4
1694491504729 169.13031856430018 5
1694491504853 169.096512815976 6
1694491504984 169.06271382968984 7
1694491505107 169.02892160408882 8
1694491505236 168.9951361378206 9
1694491505378 168.96135742953305 10
1694491505507 168.92758547787432 11
1694491505637 168.8938202814928 12
1694491505767 168.86006183903712 13
1694491505931 168.82631014915628 14
1694491506075 168.7925652104995 15
1694491506205 168.75882702171617 16
1694491506341 168.7250955814562 17
1694491506478 168.69137088836948 18
1694491506604 168.65765294110636 19
1694491506739 168.6239417383174 20
1694491506868 168.59023727865343 21
1694491506996 168.55653956076557 22
1694491507146 168.52284858330515 23
1694491507264 168.48916434492386 24
1694491507394 168.45548684427362 25
1694491507517 168.42181608000664 26
1694491507651 168.3881520507753 27
1694491507777 168.35449475523228 28
1694491507906 168.3208441920307 29
1694491508030 168.28720035982377 30
1694491508196 168.25356325726503 31
1694491508335 168.21993288300825 32
1694491508474 168.18630923570754 33
1694491508588 168.1526923140172 34
1694491508718 168.11908211659187 35
1694491508840 168.08547864208643 36
1694491508974 168.051881889156 37
1694491509101 168.018291856456 38
1694491509250 167.98470854264215 39
1694491509385 167.95113194637037 40
1694491509517 167.91756206629688 41
1694491509639 167.8839989010782 42
1694491509765 167.85044244937103 43
1694491509893 167.8168927098325 44
1694491510019 167.7833496811198 45
1694491510142 167.7498133618906 46
1694491510281 167.71628375080266 47
1694491510437 167.68276084651413 48
1694491510576 167.6492446476833 49
