1694346143486 169.34901212942756 0
1694346143698 137.16711176383774 1
1694346143913 111.35973701492989 2
1694346144159 90.54578302028608 3
1694346144363 73.745893089651 4
1694346144564 60.17426576524752 5
1694346144769 49.200231750411064 6
1694346144998 40.317479481154905 7
1694346145189 33.11940370191657 8
1694346145371 27.279356259535817 9
1694346145574 22.534822152992767 10
1694346145819 18.67456559880847 11
1694346146037 15.529240162956492 12
1694346146233 12.961925733781483 13
1694346146450 10.862542652280977 14
1694346146644 9.142617965535237 15
1694346146845 7.730582417270768 16
1694346147039 6.568756487300136 17
1694346147234 5.610634246190948 18
1694346147428 4.81846280287902 19
1694346147645 4.161934641703535 20
1694346147865 3.6162242239271283 21
1694346148106 3.1615099699645377 22
1694346148304 2.7813787252453746 23
1694346148494 2.462809986284435 24
1694346148684 2.195019740059449 25
1694346148906 1.9690131827952035 26
1694346149110 1.777972175074456 27
1694346149303 1.6157323045455774 28
1694346149493 1.4777606788415214 29
1694346149711 1.3598657505636635 30
1694346149915 1.25900848521654 31
1694346150134 1.1724428958382687 32
1694346150371 1.0977294636441357 33
1694346150584 1.0333522710740783 34
1694346150766 0.9774888769964029 35
1694346150957 0.9291057954476213 36
1694346151151 0.886915488249441 37
1694346151348 0.8502023361417886 38
1694346151555 0.8181638058203066 39
1694346151773 0.7899576043794032 40
1694346151971 0.7653422261894064 41
1694346152203 0.7435963014864875 42
1694346152415 0.7245503527944654 43
1694346152654 0.7076759300618966 44
1694346152865 0.6928497444027073 45
1694346153061 0.6796828728206001 46
1694346153264 0.6680820161185896 47
1694346153459 0.6578535534769224 48
1694346153676 0.6486525469581816 49
1694346153906 0.6405985395585676 50
1694346154131 0.6333466152260331 51
1694346154372 0.6269834666225572 52
1694346154594 0.6212504418385885 53
1694346154813 0.6162093172744876 54
1694346155029 0.6116658648438846 55
1694346155244 0.6076631089208997 56
1694346155464 0.6040551819650464 57
1694346155640 0.6008710808797033 58
1694346155811 0.5980014194796346 59
1694346155999 0.5954647499663664 60
1694346156215 0.5932535335526578 61
1694346156423 0.5911676877457036 62
1694346156625 0.5894008386676844 63
1694346156837 0.5877384680464245 64
1694346157085 0.5863252079333248 65
1694346157288 0.5849988491877246 66
1694346157476 0.5838675520339507 67
1694346157672 0.5828083838104289 68
1694346157878 0.581902282572507 69
1694346158081 0.5810559359940926 70
1694346158333 0.5803298917832417 71
1694346158516 0.5796532835650361 72
1694346158748 0.5790713170597228 73
1694346158944 0.5785302260128996 74
1694346159192 0.5780636084001369 75
1694346159383 0.5776308025779923 76
1694346159601 0.5772565653498953 77
1694346159794 0.5769769665713935 78
1694346159995 0.5766229888183382 79
1694346160180 0.5763958260618793 80
1694346160378 0.5761136948635986 81
1694346160604 0.5759290408818791 82
1694346160788 0.5757037069281743 83
1694346160979 0.5755536395864892 84
1694346161205 0.5753734077312398 85
1694346161467 0.5752515189979361 86
1694346161696 0.5751072198581508 87
1694346161907 0.5750082866460509 88
1694346162097 0.5748926853519072 89
1694346162314 0.5748124345181831 90
1694346162515 0.5747197966205525 91
1694346162727 0.5746547278695743 92
1694346162921 0.5745804933196567 93
1694346163115 0.574527740210857 94
1694346163326 0.5744682742020686 95
1694346163553 0.5744254920690284 96
1694346163764 0.5743778921364685 97
1694346163967 0.5743431662351203 98
1694346164176 0.5743680856649881 99
1694346164393 0.5742902301359564 100
1694346164596 0.5743068903231784 101
1694346164825 0.5742455988781767 102
1694346165021 0.5742562305770181 103
1694346165232 0.5742075748472092 104
1694346165433 0.5742139522794237 105
1694346165652 0.5741750981179122 106
1694346165858 0.5741785579167985 107
1694346166064 0.5741474057892741 108
1694346166263 0.574148917131201 109
1694346166482 0.5741238784275009 110
1694346166703 0.5741241228109455 111
1694346166925 0.5741039755994121 112
1694346167108 0.5741034191158946 113
1694346167292 0.5740872116373463 114
1694346167489 0.5740861642143578 115
1694346167700 0.5740731480106664 116
1694346167918 0.5740718093043334 117
1694346168109 0.574061391410216 118
1694346168309 0.5740598850605627 119
1694346168512 0.5741145683456758 120
1694346168713 0.574063355369484 121
1694346168909 0.5741038673635955 122
1694346169097 0.5740638948226611 123
1694346169316 0.574093643430138 124
1694346169498 0.5740620468221281 125
1694346169693 0.5740837481633543 126
1694346169902 0.5740585440407989 127
1694346170118 0.5740742887774094 128
1694346170313 0.5740540581403591 129
1694346170511 0.5740654192798991 130
1694346170726 0.5740491180844646 131
1694346170971 0.5740572607880639 132
1694346171173 0.5740441029530476 133
1694346171371 0.5740498807824694 134
1694346171586 0.5740392634331272 135
1694346171792 0.574043296759457 136
1694346171998 0.5740347507321492 137
1694346172206 0.5740374879611061 138
1694346172400 0.5740306438868598 139
1694346172621 0.5740324079867947 140
1694346172823 0.574090018965478 141
1694346173013 0.5740413573185245 142
1694346173214 0.5740842186933666 143
1694346173431 0.5740462840183058 144
1694346173627 0.5740779184938852 145
1694346173821 0.574047949085367 146
1694346174020 0.5740711647176447 147
1694346174273 0.5740472593676282 148
1694346174493 0.5740642204618756 149
1694346174698 0.5740450259715197 150
1694346174917 0.5740573645380378 151
1694346175128 0.574041889515029 152
1694346175322 0.5740508179951181 153
1694346175522 0.5740383184884107 154
1694346175727 0.5740447283356873 155
1694346175921 0.5740346351806926 156
1694346176126 0.5740391771378688 157
1694346176310 0.5740310481421235 158
1694346176537 0.5740341949618742 159
1694346176760 0.5740276823337288 160
1694346176947 0.5740297765042665 161
1694346177152 0.5740876824841112 162
1694346177431 0.5740392538731257 163
1694346177723 0.5740823532032368 164
1694346177939 0.5740446030606073 165
1694346178136 0.5740764296654957 166
1694346178360 0.5740466061336316 167
1694346178571 0.5740699770643202 168
1694346178791 0.5740461868029344 169
1694346179008 0.5740632735782547 170
1694346179230 0.5740441696732024 171
1694346179427 0.5740566100900887 172
1694346179607 0.5740412061679543 173
1694346179805 0.5740502173110934 174
1694346180045 0.5740377734275841 175
1694346180264 0.5740442504778263 176
1694346180467 0.5740342006658389 177
1694346180705 0.5740387973587971 178
1694346180886 0.5740307019763664 179
1694346181085 0.5740338934688943 180
1694346181301 0.574027406757677 181
1694346181538 0.574029537470095 182
1694346181723 0.5740874759511002 183
1694346181911 0.5740390641142027 184
1694346182109 0.5740821901202022 185
1694346182332 0.5740444525930879 186
1694346182550 0.5740763011552077 187
1694346182748 0.5740464869814348 188
1694346182960 0.5740698760410397 189
1694346183209 0.5740460925952394 190
1694346183397 0.5740631943880805 191
1694346183580 0.5740440953225777 192
1694346183760 0.5740565482233742 193
1694346183961 0.5740411476129424 194
1694346184179 0.5740501691724917 195
1694346184400 0.5740377274268377 196
1694346184583 0.5740442132024147 197
1694346184807 0.574034164633467 198
1694346185021 0.5740387686650479 199
1694346185210 0.5740306738502542 200
1694346185447 0.5740338715411276 201
1694346185657 0.5740273848941857 202
1694346185832 0.5740295208644982 203
1694346186019 0.5740874639688663 204
1694346186227 0.574039051476022 205
1694346186429 0.5740821814340342 206
1694346186629 0.5740444430640177 207
1694346186852 0.5740762950199217 208
1694346187054 0.5740464798818621 209
1694346187285 0.5740698718692259 210
1694346187483 0.5740460873876664 211
1694346187697 0.5740631917175841 212
1694346187884 0.5740440915824674 213
1694346188096 0.5740565466913916 214
1694346188282 0.5740411450054956 215
1694346188501 0.5740501684949586 216
1694346188722 0.5740377256884963 217
1694346188916 0.574044213157602 218
1694346189134 0.5740341635571791 219
1694346189342 0.5740387690805151 220
1694346189539 0.5740306732737536 221
1694346189773 0.5740338722833481 222
1694346189963 0.5740273846906665 223
1694346190155 0.574029521830628 224
1694346190381 0.5740874659495996 225
1694346190584 0.5740390525067205 226
1694346190782 0.5740821833736959 227
1694346190983 0.574044444119807 228
1694346191180 0.5740762968921209 229
1694346191383 0.574046480934161 230
1694346191579 0.5740698736564882 231
1694346191794 0.5740460884162314 232
1694346192011 0.5740631934091379 233
1694346192232 0.5740440925734058 234
1694346192422 0.5740565482814675 235
1694346192627 0.5740411459497131 236
1694346192843 0.5740501699814701 237
1694346193056 0.5740377265804935 238
1694346193249 0.5740442145411265 239
1694346193439 0.5740341643941298 240
1694346193680 0.5740387703635176 241
1694346193872 0.5740306740547829 242
1694346194075 0.5740338734695878 243
1694346194322 0.5740273854163003 244
1694346194542 0.5740295229247087 245
1694346194740 0.5740874673609326 246
1694346194939 0.5740390534825186 247
1694346195139 0.5740821846408765 248
1694346195372 0.5740444449905531 249
1694346195563 0.5740762980304542 250
1694346195770 0.5740464817116268 251
1694346195965 0.5740698746796488 252
1694346196200 0.5740460891108718 253
1694346196423 0.5740631943293307 254
1694346196661 0.5740440931944926 255
1694346196871 0.5740565491095765 256
1694346197062 0.574041146505464 257
1694346197289 0.5740501707271938 258
1694346197507 0.5740377270781838 259
1694346197749 0.5740442152131026 260
1694346197972 0.5740341648401925 261
1694346198163 0.5740387709694418 262
1694346198368 0.5740306744549113 263
1694346198596 0.5740338740163156 264
1694346198820 0.5740273857755306 265
1694346199013 0.5740295234183459 266
1694346199205 0.5740874679700183 267
1694346199411 0.5740390539164161 268
1694346199611 0.5740821851816715 269
1694346199800 0.5740444453726079 270
1694346199985 0.574076298511367 271
1694346200204 0.5740464820486189 272
1694346200410 0.5740698751079654 273
1694346200601 0.5740460894086308 274
1694346200864 0.5740631947113702 275
1694346201120 0.5740440934580368 276
1694346201330 0.5740565494508295 277
1694346201560 0.5740411467391164 278
1694346201752 0.5740501710324389 279
1694346201987 0.5740377272856749 280
1694346202212 0.5740442154865009 281
1694346202470 0.574034165024745 282
1694346202697 0.5740387712146277 283
1694346202898 0.5740306746193162 284
1694346203117 0.5740338742364661 285
1694346203316 0.574027385922209 286
1694346203526 0.5740295236162503 287
1694346203714 0.5740874682118966 288
1694346203902 0.574039054089837 289
1694346204082 0.5740821853958978 290
1694346204305 0.574044445524874 291
1694346204525 0.5740762987014408 292
1694346204730 0.5740464821825707 293
1694346204930 0.5740698752768999 294
1694346205139 0.5740460895266988 295
1694346205367 0.574063194861767 296
1694346205549 0.5740440935623011 297
1694346205734 0.5740565495849389 298
1694346205968 0.5740411468313624 299
1694346206165 0.5740501711522076 300
1694346206359 0.574037727367435 301
1694346206569 0.5740442155936221 302
1694346206797 0.574034165097341 303
1694346206991 0.5740387713105722 304
1694346207193 0.5740306746838842 305
1694346207414 0.5740338743225176 306
1694346207653 0.5740273859797305 307
1694346207851 0.5740295236935218 308
1694346208042 0.5740874683061188 309
1694346208226 0.5740390541574996 310
1694346208461 0.5740821854793002 311
1694346208671 0.5740444455842433 312
1694346208870 0.5740762987754001 313
1694346209087 0.5740464822347655 314
1694346209307 0.5740698753426008 315
1694346209524 0.574046089572678 316
1694346209745 0.574063194920232 317
1694346209925 0.5740440936028819 318
1694346210146 0.5740565496370467 319
1694346210349 0.574041146867246 320
1694346210560 0.5740501711987256 321
1694346210790 0.5740377273992247 322
1694346211001 0.5740442156352134 323
1694346211202 0.5740341651255534 324
1694346211501 0.5740387713478103 325
1694346211752 0.5740306747089663 326
1694346211963 0.5740338743559052 327
1694346212191 0.5740273860020676 328
1694346212391 0.5740295237234962 329
1694346212596 0.5740874683426482 330
1694346212792 0.5740390541837417 331
1694346213018 0.5740821855116295 332
1694346213220 0.5740444456072631 333
1694346213408 0.5740762988040653 334
1694346213624 0.5740464822550038 335
1694346213854 0.574069875368062 336
1694346214063 0.574046089590502 337
1694346214244 0.5740631949428866 338
1694346214452 0.5740440936186125 339
1694346214660 0.5740565496572395 340
1694346214843 0.5740411468811548 341
1694346215077 0.5740501712167482 342
1694346215266 0.5740377274115444 343
1694346215503 0.5740442156513264 344
1694346215687 0.5740341651364864 345
1694346215889 0.5740387713622358 346
1694346216106 0.5740306747186846 347
1694346216326 0.5740338743688373 348
1694346216537 0.574027386010723 349
1694346216748 0.574029523735108 350
1694346216966 0.5740874683567971 351
1694346217173 0.5740390541939079 352
1694346217358 0.5740821855241501 353
1694346217566 0.5740444456161814 354
1694346217779 0.5740762988151656 355
1694346217982 0.5740464822628405 356
1694346218202 0.5740698753779201 357
1694346218420 0.5740460895974027 358
1694346218652 0.5740631949516553 359
1694346218863 0.5740440936247001 360
1694346219064 0.5740565496650529 361
1694346219245 0.5740411468865357 362
1694346219439 0.5740501712237226 363
1694346219680 0.5740377274163112 364
1694346219875 0.5740442156575616 365
1694346220067 0.5740341651407173 366
1694346220307 0.5740387713678192 367
1694346220509 0.5740306747224463 368
1694346220696 0.5740338743738419 369
1694346220893 0.5740273860140714 370
1694346221118 0.5740295237396013 371
1694346221330 0.5740874683622708 372
1694346221522 0.5740390541978407 373
1694346221735 0.574082185528995 374
1694346221993 0.5740444456196316 375
1694346222231 0.5740762988194625 376
1694346222412 0.5740464822658745 377
1694346222624 0.5740698753817379 378
1694346222841 0.5740460896000753 379
1694346223020 0.5740631949550512 380
1694346223216 0.5740440936270585 381
1694346223429 0.5740565496680795 382
1694346223665 0.5740411468886228 383
1694346223887 0.5740501712264258 384
1694346224070 0.5740377274181585 385
1694346224267 0.574044215659977 386
1694346224492 0.5740341651423586 387
1694346224696 0.5740387713699843 388
1694346224906 0.5740306747239071 389
1694346225110 0.5740338743757848 390
1694346225289 0.5740273860153717 391
1694346225551 0.5740295237413434 392
1694346225791 0.5740874683643923 393
1694346226017 0.5740390541993634 394
1694346226213 0.5740821855308706 395
1694346226424 0.5740444456209679 396
1694346226649 0.5740762988211241 397
1694346226871 0.5740464822670475 398
1694346227093 0.5740698753832137 399
1694346227313 0.5740460896011106 400
1694346227510 0.5740631949563683 401
1694346227717 0.5740440936279754 402
1694346227905 0.5740565496692535 403
1694346228107 0.5740411468894303 404
1694346228302 0.5740501712274713 405
1694346228507 0.5740377274188738 406
1694346228713 0.5740442156609107 407
1694346228908 0.574034165142991 408
1694346229117 0.5740387713708199 409
1694346229327 0.5740306747244697 410
1694346229515 0.5740338743765345 411
1694346229717 0.5740273860158732 412
1694346229943 0.5740295237420171 413
1694346230171 0.5740874683652128 414
1694346230363 0.5740390541999537 415
1694346230569 0.5740821855315973 416
1694346230782 0.5740444456214856 417
1694346230984 0.5740762988217698 418
1694346231178 0.5740464822675037 419
1694346231379 0.5740698753837855 420
1694346231612 0.5740460896015102 421
1694346231817 0.574063194956876 422
1694346232026 0.5740440936283259 423
1694346232217 0.5740565496697053 424
1694346232426 0.574041146889743 425
1694346232636 0.5740501712278765 426
1694346232852 0.5740377274191502 427
1694346233054 0.5740442156612733 428
1694346233272 0.5740341651432368 429
1694346233480 0.5740387713711442 430
1694346233710 0.5740306747246868 431
1694346233951 0.5740338743768227 432
1694346234182 0.574027386016067 433
1694346234369 0.5740295237422771 434
1694346234580 0.57408746836553 435
1694346234779 0.5740390542001821 436
1694346235025 0.5740821855318794 437
1694346235216 0.574044445621686 438
1694346235400 0.5740762988220184 439
1694346235588 0.5740464822676785 440
1694346235796 0.5740698753840063 441
1694346236023 0.5740460896016646 442
1694346236241 0.5740631949570708 443
1694346236424 0.5740440936284612 444
1694346236640 0.5740565496698783 445
1694346236833 0.5740411468898605 446
1694346237040 0.5740501712280316 447
1694346237214 0.5740377274192573 448
1694346237429 0.5740442156614133 449
1694346237619 0.5740341651433317 450
1694346237810 0.57403877137127 451
1694346238010 0.5740306747247721 452
1694346238203 0.5740338743769368 453
1694346238406 0.5740273860161418 454
1694346238608 0.5740295237423765 455
1694346238805 0.5740874683656524 456
1694346239029 0.5740390542002688 457
1694346239234 0.574082185531986 458
1694346239431 0.5740444456217602 459
1694346239611 0.5740762988221133 460
1694346239837 0.5740464822677449 461
1694346240032 0.5740698753840919 462
1694346240273 0.5740460896017243 463
1694346240485 0.5740631949571465 464
1694346240700 0.5740440936285137 465
1694346240876 0.5740565496699458 466
1694346241096 0.5740411468899074 467
1694346241320 0.5740501712280901 468
1694346241542 0.574037727419297 469
1694346241725 0.5740442156614662 470
1694346241912 0.574034165143368 471
1694346242123 0.5740387713713161 472
1694346242325 0.5740306747248031 473
1694346242543 0.574033874376979 474
1694346242736 0.574027386016171 475
1694346242943 0.5740295237424162 476
1694346243145 0.5740874683656995 477
1694346243339 0.5740390542003034 478
1694346243536 0.5740821855320271 479
1694346243745 0.5740444456217904 480
1694346243962 0.5740762988221497 481
1694346244158 0.5740464822677714 482
1694346244364 0.5740698753841244 483
1694346244576 0.5740460896017459 484
1694346244819 0.574063194957176 485
1694346245001 0.5740440936285354 486
1694346245179 0.5740565496699748 487
1694346245385 0.5740411468899271 488
1694346245605 0.5740501712281169 489
1694346245788 0.5740377274193155 490
1694346245975 0.574044215661489 491
1694346246174 0.5740341651433832 492
1694346246371 0.5740387713713377 493
1694346246563 0.5740306747248178 494
1694346246771 0.5740338743769974 495
1694346247022 0.574027386016183 496
1694346247231 0.5740295237424315 497
1694346247421 0.5740874683657201 498
1694346247601 0.5740390542003183 499
