1694510378530 38.09174070431194 0
1694510378672 8.479411857497762 1
1694510378810 1.9252078856325732 2
1694510378933 0.44604523190845685 3
1694510379064 0.15410641339700898 4
1694510379176 0.10181985044615038 5
1694510379289 0.11657884998791711 6
1694510379403 0.10250959768854123 7
1694510379523 0.1267636831487414 8
1694510379636 0.06698831649842582 9
1694510379763 0.07136341036228595 10
1694510379898 0.14067538348707437 11
1694510380025 0.13310105279542753 12
1694510380155 0.11676147125188387 13
1694510380292 0.09623550034234402 14
1694510380421 0.11312410699446963 15
1694510380548 0.0930581622694652 16
1694510380681 0.12644766919237863 17
1694510380812 0.09943765159946713 18
1694510380938 0.1302123457402946 19
1694510381070 0.19679502410939384 20
1694510381212 0.11382800642898137 21
1694510381344 0.11476298648014178 22
1694510381472 0.15537663021197218 23
1694510381600 0.16773063212024752 24
1694510381729 0.13791225052876782 25
1694510381869 0.11899986866557372 26
1694510382009 0.07632969163074475 27
1694510382155 0.09191568251321897 28
1694510382285 0.1051520331675016 29
1694510382417 0.08361672689426224 30
1694510382549 0.10482655728382224 31
1694510382680 0.10414523682627172 32
1694510382811 0.12973567229657898 33
1694510382940 0.08036706935331683 34
1694510383069 0.10026700502764567 35
1694510383212 0.12236372472948936 36
1694510383349 0.10261834132830218 37
1694510383488 0.115467959221177 38
1694510383622 0.1256491140578272 39
1694510383758 0.08134681815246592 40
1694510383896 0.07396804694139926 41
1694510384033 0.10190122151771376 42
1694510384160 0.14140857220434536 43
1694510384295 0.07019006954118891 44
1694510384425 0.11779581709393842 45
1694510384562 0.1291995115286324 46
1694510384696 0.10306098499194288 47
1694510384828 0.09862330912228835 48
1694510384957 0.16911872676798634 49
