1694508046797 4.716226293260995 0
1694508047079 3.7969122987048083 1
1694508047348 7.586348791931545 2
1694508047609 8.035795640334534 3
1694508047890 8.886542728222343 4
1694508048139 5.636275507987842 5
1694508048389 7.414977589999955 6
1694508048655 6.329064619540227 7
1694508048979 3.3931480799699285 8
1694508049246 4.365218266550274 9
1694508049544 7.104309633547626 10
1694508049814 3.612974401871928 11
1694508050094 6.5824514133967655 12
1694508050358 2.0160342633892108 13
1694508050646 6.652012486659449 14
1694508050904 5.808955347626571 15
1694508051155 4.349337603942586 16
1694508051417 6.894843874143814 17
1694508051721 6.664369997498489 18
1694508052015 1.6294161495372874 19
1694508052295 11.474331981029616 20
1694508052536 5.17051464614615 21
1694508052800 5.563901370906685 22
1694508053076 4.768502231231544 23
1694508053393 4.654361648919369 24
1694508053643 3.966371156502974 25
1694508053921 4.206179636383358 26
1694508054205 2.6548857267057913 27
1694508054468 5.125768220052364 28
1694508054767 8.579712950210563 29
1694508055004 5.369589993935268 30
1694508055249 3.87504229350017 31
1694508055487 1.8802007422705969 32
1694508055735 4.689851484715233 33
1694508055960 6.263056431238691 34
1694508056188 5.2352750251481766 35
1694508056438 7.178122900924369 36
1694508056676 4.439680773720446 37
1694508056916 6.512199496919097 38
1694508057149 5.3619821876765075 39
1694508057384 3.9576300092961407 40
1694508057613 3.38505316750384 41
1694508057837 4.072636253887859 42
1694508058097 10.151666530291582 43
1694508058332 4.081740034719907 44
1694508058562 6.351209789859782 45
1694508058800 3.9825411923526812 46
1694508059036 4.689380423790697 47
1694508059346 5.818768119853542 48
1694508059596 4.568561806259009 49
