1694490193076 0.7715126132655226 0
1694490193219 0.8172204388520157 1
1694490193369 0.815106667667306 2
1694490193516 0.7902839625039503 3
1694490193664 0.8021209978138639 4
1694490193811 0.8108554162452545 5
1694490193957 0.7808165798916771 6
1694490194102 0.764591358280889 7
1694490194252 0.7976106847897125 8
1694490194399 0.7939116455276345 9
1694490194548 0.8128058880250489 10
1694490194697 0.7915369494195431 11
1694490194844 0.8091755199862899 12
1694490195003 0.7618399852751347 13
1694490195152 0.8275937056438901 14
1694490195299 0.7937399107820985 15
1694490195448 0.7634289956544011 16
1694490195596 0.8014887518387475 17
1694490195742 0.7926738750612214 18
1694490195890 0.8059444069816832 19
1694490196039 0.7956566587466556 20
1694490196189 0.7587020082458532 21
1694490196323 0.7480916516997484 22
1694490196465 0.8105271022768541 23
1694490196600 0.8220467891788426 24
1694490196740 0.8120923476494302 25
1694490196898 0.7936829042187734 26
1694490197043 0.8049844969621025 27
1694490197189 0.8093946255160902 28
1694490197338 0.7599057360229682 29
1694490197485 0.7911882728946188 30
1694490197630 0.8205942304921261 31
1694490197776 0.8057495047817033 32
1694490197922 0.8029087955909833 33
1694490198069 0.8175844527588088 34
1694490198217 0.7895722142496187 35
1694490198365 0.7947910925082887 36
1694490198508 0.8111216571683686 37
1694490198654 0.8046953170807012 38
1694490198802 0.8079476926514719 39
1694490198949 0.7875979439145557 40
1694490199090 0.7970200036755417 41
1694490199226 0.7916897962470766 42
1694490199370 0.8087269952328964 43
1694490199515 0.7697094994782929 44
1694490199663 0.815100124098683 45
1694490199810 0.7802801263254998 46
1694490199978 0.8034355638769862 47
1694490200119 0.7928426120185514 48
1694490200250 0.7924926103481925 49
