1694509830631 -245.21557234050982 0
1694509830849 -244.7323185468092 1
1694509831086 -244.25014467732578 2
1694509831298 -243.76879378162835 3
1694509831508 -243.28839357509761 4
1694509831721 -242.80894091069285 5
1694509831935 -242.33043391563785 6
1694509832114 -241.8529968044401 7
1694509832306 -241.3767733956723 8
1694509832473 -240.90148600692802 9
1694509832682 -240.42713552671853 10
1694509832875 -239.95384550152806 11
1694509833092 -239.4813617362681 12
1694509833284 -239.01020246231337 13
1694509833487 -238.53996743374307 14
1694509833680 -238.07065875093892 15
1694509833881 -237.60239928533883 16
1694509834059 -237.13493631130004 17
1694509834238 -236.66839545656768 18
1694509834454 -236.2027736532565 19
1694509834658 -235.7381932912251 20
1694509834848 -235.2744026570736 21
1694509835047 -234.8115268861502 22
1694509835221 -234.34956292987266 23
1694509835435 -233.88863269791852 24
1694509835626 -233.42848548585468 25
1694509835797 -232.96924593812483 26
1694509836019 -232.51091102532104 27
1694509836223 -232.05347896126116 28
1694509836430 -231.59707102882703 29
1694509836601 -231.14143783776964 30
1694509836781 -230.6867033917468 31
1694509836992 -230.23286468542585 32
1694509837174 -229.78004252492735 33
1694509837341 -229.3279885213496 34
1694509837532 -228.87682619093542 35
1694509837745 -228.42655254723877 36
1694509837936 -227.97716583560538 37
1694509838148 -227.52878623960996 38
1694509838320 -227.08116667504433 39
1694509838494 -226.6344300217147 40
1694509838665 -226.18857331689298 41
1694509838830 -225.74371627078278 42
1694509839014 -225.29961279295733 43
1694509839215 -224.85638527927674 44
1694509839419 -224.41403078561646 45
1694509839585 -223.9726685502362 46
1694509839790 -223.5320534732717 47
1694509839980 -223.09230746810817 48
1694509840143 -222.65342760910062 49
