1694510255733 -211.75932709198295 0
1694510255858 -182.15871866849912 1
1694510255979 -156.6818887805782 2
1694510256096 -134.75436041959347 3
1694510256210 -115.88136690223408 4
1694510256323 -99.63735985841066 5
1694510256435 -85.65657258990993 6
1694510256548 -73.6224613072607 7
1694510256662 -63.264493767760726 8
1694510256782 -54.34917579278356 9
1694510256908 -46.675435615924634 10
1694510257021 -40.07002224719565 11
1694510257140 -34.38457748223854 12
1694510257253 -29.490313582192023 13
1694510257377 -25.27763760373466 14
1694510257497 -21.65107854300861 15
1694510257613 -18.5293949784186 16
1694510257734 -15.842223397178508 17
1694510257857 -13.528914631671975 18
1694510257977 -11.53698917497436 19
1694510258089 -9.822440471027452 20
1694510258209 -8.346340533317504 21
1694510258319 -7.075445162480843 22
1694510258433 -5.98109076117918 23
1694510258547 -5.039028065180571 24
1694510258661 -4.227883792992173 25
1694510258773 -3.529481931340027 26
1694510258887 -2.928063125045625 27
1694510259010 -2.4101680667778127 28
1694510259124 -1.9641680289080439 29
1694510259242 -1.5800709653411458 30
1694510259357 -1.2492292607768944 31
1694510259468 -0.9643322322255112 32
1694510259589 -0.718934140795525 33
1694510259708 -0.5075610413257712 34
1694510259835 -0.3254198528770298 35
1694510259958 -0.16851576695448545 36
1694510260084 -0.03328605816351948 37
1694510260216 0.08316414372167391 38
1694510260346 0.18357274200639973 39
1694510260470 0.27009060018656017 40
1694510260592 0.34463417510763983 41
1694510260714 0.4088835786932038 42
1694510260840 0.464317301213524 43
1694510260965 0.5120794300798983 44
1694510261086 0.5532648913067966 45
1694510261226 0.5887853040567952 46
1694510261360 0.6194263961759847 47
1694510261484 0.6458713470896373 48
1694510261637 0.668695551750099 49
