1694510255653 141.46157734989416 0
1694510255776 127.92576713970264 1
1694510255901 109.23115030314821 2
1694510256018 94.06574917903623 3
1694510256134 81.88564049486526 4
1694510256247 70.13932000904774 5
1694510256362 58.69271241849671 6
1694510256475 52.055113132847914 7
1694510256585 44.58058277580235 8
1694510256701 37.72273118814271 9
1694510256826 31.55596835743477 10
1694510256947 27.770135337734146 11
1694510257060 23.666568777903386 12
1694510257179 21.099746863641624 13
1694510257292 17.232511690951657 14
1694510257415 15.885168685799623 15
1694510257536 13.367270619828458 16
1694510257650 11.241973958036906 17
1694510257778 9.403033879256885 18
1694510257902 8.49969309541817 19
1694510258014 7.0973283412084935 20
1694510258131 6.185655158039287 21
1694510258247 5.691919369003172 22
1694510258358 4.965823280451528 23
1694510258469 3.9543405665741695 24
1694510258585 3.4313497269489592 25
1694510258698 2.829811137185697 26
1694510258811 2.5716612107720893 27
1694510258928 2.1901794992766686 28
1694510259050 1.8577872490380372 29
1694510259166 1.8199033220115002 30
1694510259283 1.5875063013701638 31
1694510259394 1.3637429448395408 32
1694510259511 1.1982373904077637 33
1694510259628 1.0152864402559778 34
1694510259751 0.9414020262669823 35
1694510259878 0.8303261983222715 36
1694510260002 0.7087037362339789 37
1694510260128 0.5432853014702023 38
1694510260261 0.6452501021930421 39
1694510260387 0.5237520585509745 40
1694510260513 0.4198881869076167 41
1694510260634 0.37319266596637213 42
1694510260758 0.4203681848125842 43
1694510260882 0.27727184643565833 44
1694510261007 0.2897995591223872 45
1694510261134 0.2312206654578732 46
1694510261278 0.21638779592806381 47
1694510261401 0.21427391636757012 48
1694510261534 0.24617442628145478 49
