1694509840724 169.45246637326989 0
1694509840910 169.11082686448748 1
1694509841123 168.77847130433656 2
1694509841314 168.44672034455624 3
1694509841498 168.11562473269734 4
1694509841680 167.78518317077118 5
1694509841866 167.4553943638822 6
1694509842066 167.12625701970197 7
1694509842258 166.79776984846438 8
1694509842427 166.46993156296023 9
1694509842612 166.1427408785325 10
1694509842812 165.81619651307085 11
1694509842993 165.49029718700703 12
1694509843184 165.1650416233096 13
1694509843371 164.84042854747887 14
1694509843555 164.51673861636988 15
1694509843752 164.1936847557351 16
1694509843940 163.87126853177955 17
1694509844173 163.54948868300662 18
1694509844374 163.2283439504558 19
1694509844557 162.90783307766077 20
1694509844750 162.5879548106443 21
1694509844967 162.2687078979135 22
1694509845139 161.95009109045458 23
1694509845303 161.6321031417284 24
1694509845470 161.31474280766508 25
1694509845629 160.99800884665942 26
1694509845792 160.68190001956594 27
1694509845984 160.36641508969385 28
1694509846180 160.05155282280245 29
1694509846389 159.737311987096 30
1694509846597 159.42369135321925 31
1694509846775 159.11068969425202 32
1694509846954 158.79830578570485 33
1694509847135 158.48653840551412 34
1694509847311 158.17538633403706 35
1694509847490 157.86484835404704 36
1694509847671 157.55492325072885 37
1694509847833 157.24560981167375 38
1694509848006 156.9369068268749 39
1694509848181 156.62881308872238 40
1694509848355 156.32132739199866 41
1694509848536 156.01444853387375 42
1694509848730 155.70817531390037 43
1694509848902 155.40250653400938 44
1694509849058 155.09744099850502 45
1694509849245 154.79297751406014 46
1694509849430 154.48911488971163 47
1694509849580 154.18585193685553 48
1694509849747 153.88318746924256 49
