1694490507323 39.296605925579186 0
1694490507415 9.256768200270367 1
1694490507520 2.526416030059869 2
1694490507623 0.6130514065415948 3
1694490507732 0.39832233628304475 4
1694490507845 0.19248822218210582 5
1694490507949 0.10563810056086335 6
1694490508053 0.116544881646482 7
1694490508157 0.1726792719396652 8
1694490508258 0.11682032949342823 9
1694490508352 0.09748250991325794 10
1694490508450 0.14310315339965177 11
1694490508547 0.1644321154578522 12
1694490508636 0.12409509189804904 13
1694490508739 0.11141654289332094 14
1694490508841 0.1442362622762161 15
1694490508945 0.09766000382475334 16
1694490509048 0.14649308934940158 17
1694490509155 0.19466305475901724 18
1694490509266 0.12726232325207454 19
1694490509375 0.1295015870571676 20
1694490509474 0.18336694441393514 21
1694490509568 0.16012696932650722 22
1694490509669 0.15349747074852627 23
1694490509759 0.11431482229061815 24
1694490509855 0.15955461445309965 25
1694490509952 0.12042209040520661 26
1694490510049 0.15448263303600582 27
1694490510138 0.17636672177487372 28
1694490510231 0.12428382859084676 29
1694490510339 0.18216049517790572 30
1694490510435 0.14535793263492727 31
1694490510540 0.1349058213321348 32
1694490510644 0.17047181579211604 33
1694490510732 0.13869839229547504 34
1694490510830 0.09655910243986036 35
1694490510929 0.15038075402275927 36
1694490511029 0.1420673943609865 37
1694490511127 0.13266760507992906 38
1694490511227 0.1655036315692781 39
1694490511332 0.1482335397467101 40
1694490511441 0.12411534666454639 41
1694490511541 0.12242592975370684 42
1694490511636 0.10812529516549205 43
1694490511734 0.15040842045282715 44
1694490511837 0.1282193451184925 45
1694490511942 0.1996348279327522 46
1694490512038 0.10195221579288688 47
1694490512130 0.13522303411158312 48
1694490512233 0.15380367918624752 49
