1694510056162 79.04475051024512 0
1694510056360 53.11972474479202 1
1694510056544 23.22656639889096 2
1694510056736 12.56969763254322 3
1694510056911 5.320458394638248 4
1694510057104 2.4246718526431295 5
1694510057274 1.3853564129705291 6
1694510057449 2.136919766084509 7
1694510057619 0.9747333267089616 8
1694510057776 0.28309841622215237 9
1694510057931 0.35466008095480533 10
1694510058103 0.20858005043608907 11
1694510058255 1.249502405750287 12
1694510058424 0.012059130795175848 13
1694510058602 4.364098432306252e-05 14
1694510058758 0.16512315845711278 15
1694510058911 0.042353524289704354 16
1694510059074 0.07155117946631132 17
1694510059229 0.002153893812533033 18
1694510059386 0.1558998468732576 19
1694510059543 0.006212917031342318 20
1694510059704 0.22582173048730783 21
1694510059861 0.10873222624259885 22
1694510060021 0.043597367636247955 23
1694510060176 0.03325156309226254 24
1694510060327 0.15914627625379696 25
1694510060476 0.01245805299212386 26
1694510060637 0.19494397339447886 27
1694510060802 0.00022656487599684164 28
1694510060961 0.11383716344397336 29
1694510061118 0.02908844871730402 30
1694510061272 0.05561526048939866 31
1694510061447 0.01274527071826709 32
1694510061608 0.020057684092836647 33
1694510061761 0.15034424491532353 34
1694510061913 0.3292983221529056 35
1694510062066 0.017586677173751977 36
1694510062240 0.16805411532076214 37
1694510062409 0.0019704094217571017 38
1694510062584 0.10563843508590444 39
1694510062738 0.0015403770368995304 40
1694510062903 0.010700889066144553 41
1694510063062 0.06775165899042922 42
1694510063220 0.04395990102497769 43
1694510063393 0.11657992851787073 44
1694510063544 0.10243465930608511 45
1694510063695 0.4897053857044529 46
1694510063848 0.05900503801655668 47
1694510064000 0.45759638977299105 48
1694510064157 0.0006370021482899724 49
