1694508878126 0.5406143034465691 0
1694508878325 0.7769395474064369 1
1694508878492 0.7838729940789209 2
1694508878667 0.7773932961428731 3
1694508878845 0.7855965753231331 4
1694508879028 0.7838791827189601 5
1694508879220 0.7773013002200828 6
1694508879408 0.7827868733144098 7
1694508879590 0.7788698811968612 8
1694508879766 0.7761440644534989 9
1694508879927 0.7836827859351637 10
1694508880091 0.7848094019292498 11
1694508880247 0.7762036162611244 12
1694508880407 0.779681097984583 13
1694508880567 0.7744804843710634 14
1694508880748 0.7801363827059075 15
1694508880952 0.7824013796032387 16
1694508881122 0.7780654908606214 17
1694508881296 0.7793252945783399 18
1694508881478 0.782234962394156 19
1694508881656 0.7832308713281555 20
1694508881827 0.7812843582289176 21
1694508882007 0.7796801967703828 22
1694508882179 0.7781351585843692 23
1694508882348 0.7796369649103247 24
1694508882514 0.7713128170939063 25
1694508882680 0.7816654077122447 26
1694508882864 0.7781860389809772 27
1694508883032 0.7841606483242991 28
1694508883195 0.7772119934712124 29
1694508883375 0.7769164407726411 30
1694508883539 0.7870119988675224 31
1694508883736 0.7786820210818329 32
1694508883931 0.7759426045474461 33
1694508884103 0.7805390284785099 34
1694508884278 0.7814627671708805 35
1694508884441 0.7802051619680794 36
1694508884614 0.779991731471333 37
1694508884789 0.7817656720293377 38
1694508884954 0.7818195625622427 39
1694508885139 0.7793304970535709 40
1694508885335 0.7813880662144577 41
1694508885511 0.7733342484083225 42
1694508885685 0.7751899056769845 43
1694508885884 0.7788224182503385 44
1694508886063 0.7750631712307706 45
1694508886229 0.779625939769746 46
1694508886423 0.7828788652037753 47
1694508886592 0.7790880247844074 48
1694508886768 0.7812595457749372 49
