1694508878008 0.5809925284000519 0
1694508878228 0.0071851452770450176 1
1694508878412 0.6977757413967737 2
1694508878579 0.34987282059009334 3
1694508878762 0.007608443122258974 4
1694508878934 0.35903319143699075 5
1694508879120 0.12333252606380855 6
1694508879320 0.21753649938685685 7
1694508879497 0.0642813242779315 8
1694508879682 0.0004980721573732808 9
1694508879852 0.09429154562103183 10
1694508880011 0.16593382192095113 11
1694508880175 0.011415050203142856 12
1694508880332 0.17601259872853642 13
1694508880490 0.028345092050217645 14
1694508880672 0.31820016745805174 15
1694508880865 0.028385083244291467 16
1694508881041 0.01075507035937893 17
1694508881217 0.13916518640144407 18
1694508881389 0.37788546752675467 19
1694508881575 0.2298618277255739 20
1694508881746 1.583028389749424 21
1694508881928 0.18229532672855392 22
1694508882100 0.16508449634728703 23
1694508882270 0.8225099849574009 24
1694508882435 4.6748230502630506e-08 25
1694508882600 1.1121367799292312 26
1694508882785 0.08193074775176709 27
1694508882956 0.09606538214137914 28
1694508883118 0.06237115565219858 29
1694508883284 0.009910054357008235 30
1694508883463 0.11764068708913189 31
1694508883647 0.027510349910452328 32
1694508883850 0.0779111789289049 33
1694508884018 0.25360076594554165 34
1694508884191 0.02785714344370707 35
1694508884365 0.0736729954443205 36
1694508884534 0.0624993579943809 37
1694508884711 0.44215086618864347 38
1694508884879 0.003685289768241723 39
1694508885060 0.20151475842648278 40
1694508885249 0.0012571944197137773 41
1694508885429 0.0005434459630110916 42
1694508885605 0.027420689215788215 43
1694508885793 0.015516942037576576 44
1694508885982 0.04965439132661905 45
1694508886151 0.07162166478830628 46
1694508886334 0.05768772696878054 47
1694508886510 0.017363845816291936 48
1694508886692 0.12960286905532886 49
