1694489406897 -120.99806352671352 0
1694489407032 -66.53851039255427 1
1694489407185 -39.11771364353125 2
1694489407337 -24.78502143654478 3
1694489407503 -16.99192174803753 4
1694489407643 -12.5732010029558 5
1694489407788 -9.977720829183719 6
1694489407927 -8.40001236594248 7
1694489408060 -7.4179361078398465 8
1694489408206 -6.78902033059735 9
1694489408351 -6.387564583972893 10
1694489408485 -6.12528265904632 11
1694489408614 -5.952072403472374 12
1694489408758 -5.8376197197645165 13
1694489408898 -5.760115778587564 14
1694489409029 -5.710201726988159 15
1694489409169 -5.676505257400756 16
1694489409320 -5.652793649327512 17
1694489409466 -5.638649978931738 18
1694489409608 -5.628631556501349 19
1694489409753 -5.623356939585128 20
1694489409897 -5.618886228310845 21
1694489410041 -5.6155092374154005 22
1694489410188 -5.612716055425154 23
1694489410331 -5.612642076270397 24
1694489410476 -5.611756872075964 25
1694489410618 -5.610705007365244 26
1694489410760 -5.609805868690814 27
1694489410905 -5.608348557597956 28
1694489411048 -5.609177816195179 29
1694489411199 -5.608710775375666 30
1694489411344 -5.609113123219116 31
1694489411498 -5.6109645607174 32
1694489411638 -5.610500146867909 33
1694489411787 -5.613585025910744 34
1694489411929 -5.613096638299045 35
1694489412061 -5.612010369199156 36
1694489412210 -5.612452127978353 37
1694489412356 -5.610039770735243 38
1694489412501 -5.609303589686937 39
1694489412647 -5.609962792099822 40
1694489412790 -5.612599304656246 41
1694489412935 -5.61407967318996 42
1694489413069 -5.615302524674342 43
1694489413218 -5.615462154534689 44
1694489413363 -5.61288898773351 45
1694489413506 -5.611399824154408 46
1694489413656 -5.611794567624541 47
1694489413804 -5.609894104683957 48
1694489413950 -5.609081953846005 49
