1694489406836 80.04869459218266 0
1694489406969 43.72512920294681 1
1694489407115 30.02625065529929 2
1694489407270 15.558427584290882 3
1694489407431 7.396873097839867 4
1694489407578 11.328916036940862 5
1694489407722 7.749084954142118 6
1694489407865 4.756276507340273 7
1694489408001 7.022159160801061 8
1694489408139 3.477201287419208 9
1694489408283 2.5527483362746226 10
1694489408428 6.593596361776236 11
1694489408558 4.321434667036842 12
1694489408692 5.156130612883019 13
1694489408831 5.020754482741595 14
1694489408970 8.636951873004493 15
1694489409112 3.6385486374295724 16
1694489409244 3.1684048183576197 17
1694489409400 3.8094053335893445 18
1694489409543 3.9184086909907903 19
1694489409684 1.694148572665986 20
1694489409829 5.604064184744783 21
1694489409973 6.592454189059596 22
1694489410121 6.2325002974741395 23
1694489410264 5.082597640609662 24
1694489410407 3.405611535435123 25
1694489410552 6.09222021158906 26
1694489410694 6.083569230642337 27
1694489410836 6.949394334488399 28
1694489410981 5.095435325868946 29
1694489411125 5.2722612396278254 30
1694489411279 6.782577211714093 31
1694489411426 7.039684640752678 32
1694489411576 3.5649664524619964 33
1694489411715 5.438905535474152 34
1694489411863 3.2955828459553196 35
1694489412001 8.914936882296573 36
1694489412141 2.756609106142743 37
1694489412287 5.6355805455949275 38
1694489412434 6.21242718604705 39
1694489412577 4.723059235744632 40
1694489412723 7.195282390660731 41
1694489412866 5.638402566505123 42
1694489413012 4.165903578309614 43
1694489413146 5.40752659482889 44
1694489413294 4.018600674870697 45
1694489413440 4.65685192419163 46
1694489413585 5.735242881483847 47
1694489413736 6.031369979141085 48
1694489413883 6.132059247803278 49
