1694489579801 147.19077433198535 0
1694489579894 125.14668342861154 1
1694489579998 108.80135726270636 2
1694489580100 97.7836416820764 3
1694489580208 81.17770429667229 4
1694489580308 74.12116495902102 5
1694489580414 63.542079856642566 6
1694489580512 54.30177407587354 7
1694489580606 49.510490758832674 8
1694489580699 42.27091222469603 9
1694489580803 39.033942224736876 10
1694489580910 33.674508400701065 11
1694489581021 32.196749924136974 12
1694489581118 27.68483089133528 13
1694489581210 24.565248165137742 14
1694489581311 22.64865374197711 15
1694489581413 19.920957129373598 16
1694489581513 18.5775640171334 17
1694489581603 17.345289458519765 18
1694489581690 15.700291356617171 19
1694489581791 14.577290386856841 20
1694489581894 13.284029091458525 21
1694489581995 13.505473003323422 22
1694489582084 11.460597565874851 23
1694489582179 10.653288613346332 24
1694489582277 10.345756183901818 25
1694489582378 9.207879303035657 26
1694489582473 9.667843959727463 27
1694489582599 8.999550574567818 28
1694489582693 8.788545006272859 29
1694489582793 8.436035223056258 30
1694489582882 7.811922351853882 31
1694489582979 7.943751223749792 32
1694489583073 7.760133434744202 33
1694489583168 6.850844937167692 34
1694489583269 6.813983681845671 35
1694489583372 6.569573808799495 36
1694489583466 6.861709896860775 37
1694489583551 6.343866591024454 38
1694489583634 6.357603098122123 39
1694489583727 5.888401620765958 40
1694489583827 5.888714957203591 41
1694489583934 5.880047901357057 42
1694489584041 5.961107769778121 43
1694489584149 6.076452072606398 44
1694489584253 5.520943249450585 45
1694489584354 5.504818835790404 46
1694489584444 5.691573233692797 47
1694489584531 5.272627144287212 48
1694489584632 5.051119386765731 49
