1694491063283 0.008935748558366484 0
1694491063436 0.10993205017242894 1
1694491063573 0.016067676823575454 2
1694491063717 0.006203586226904531 3
1694491063867 0.667166202107699 4
1694491064028 0.045830417809746976 5
1694491064184 0.06402581190984905 6
1694491064325 0.09017982243925307 7
1694491064471 0.0016613016599865422 8
1694491064615 0.11280152909513938 9
1694491064759 0.02235878784709847 10
1694491064903 0.004073755026147428 11
1694491065048 0.17889263830546384 12
1694491065184 0.8835713671268359 13
1694491065333 0.07067368651214115 14
1694491065481 0.08551608291282993 15
1694491065618 0.2308461415325312 16
1694491065764 0.0132428802831097 17
1694491065907 0.032733360681472236 18
1694491066051 0.0009250595418700529 19
1694491066199 0.058653010907481096 20
1694491066346 0.06143641693975214 21
1694491066499 0.000716299075063538 22
1694491066637 0.27647008785589844 23
1694491066780 0.01323880578914593 24
1694491066914 0.023211797322760658 25
1694491067058 0.003051369892216925 26
1694491067193 0.012661588486575564 27
1694491067334 0.0009408822499294025 28
1694491067487 0.11048248016248084 29
1694491067630 0.009535574122922228 30
1694491067770 0.030188659233763376 31
1694491067908 0.05812964941887733 32
1694491068045 0.02738831745564949 33
1694491068194 0.00018379548705083177 34
1694491068338 0.4385601144869256 35
1694491068499 0.06584639786527145 36
1694491068646 0.014159723837387731 37
1694491068794 0.08755329825704111 38
1694491068923 0.0005794231471269908 39
1694491069070 0.05978490852187795 40
1694491069215 0.027275536919921746 41
1694491069363 0.00919951024301371 42
1694491069503 0.004378848949172428 43
1694491069647 0.03444237383457559 44
1694491069793 0.1076265216591392 45
1694491069938 0.058070840524864775 46
1694491070068 0.045524168991810665 47
1694491070197 2.7927302993459256e-07 48
1694491070341 0.0010693378686194356 49
