1694510688417 -232.62671812075632 0
1694510688635 -232.58463373122106 1
1694510688835 -232.5425568820447 2
1694510689034 -232.5004876187075 3
1694510689238 -232.45842593984094 4
1694510689461 -232.41637184407728 5
1694510689660 -232.374325330049 6
1694510689866 -232.33228639638878 7
1694510690056 -232.2902550417297 8
1694510690261 -232.24823126470483 9
1694510690473 -232.2062150639477 10
1694510690688 -232.16420643809207 11
1694510690886 -232.12220538577182 12
1694510691080 -232.08021190562116 13
1694510691296 -232.0382259962746 14
1694510691468 -231.99624765636676 15
1694510691633 -231.95427688453265 16
1694510691803 -231.9123136794074 17
1694510691954 -231.8703580396265 18
1694510692112 -231.82840996382558 19
1694510692284 -231.7864694506406 20
1694510692438 -231.7445364987077 21
1694510692602 -231.7026111066633 22
1694510692790 -231.6606932731441 23
1694510692959 -231.618782996787 24
1694510693121 -231.57688027622913 25
1694510693270 -231.53498511010798 26
1694510693435 -231.49309749706106 27
1694510693593 -231.45121743572636 28
1694510693746 -231.40934492474202 29
1694510693900 -231.36747996274633 30
1694510694059 -231.32562254837805 31
1694510694214 -231.28377268027597 32
1694510694374 -231.24193035707924 33
1694510694542 -231.20009557742725 34
1694510694711 -231.15826833995956 35
1694510694907 -231.11644864331612 36
1694510695113 -231.0746364861369 37
1694510695286 -231.03283186706236 38
1694510695470 -230.99103478473307 39
1694510695654 -230.94924523778982 40
1694510695857 -230.90746322487374 41
1694510696022 -230.86568874462623 42
1694510696176 -230.82392179568865 43
1694510696363 -230.78216237670304 44
1694510696531 -230.74041048631142 45
1694510696719 -230.69866612315602 46
1694510696876 -230.65692928587944 47
1694510697060 -230.6151999731245 48
1694510697277 -230.57347818353418 49
