1694510688259 169.4281063198635 0
1694510688488 169.39419676687865 1
1694510688691 169.36368447046564 2
1694510688901 169.33317764192805 3
1694510689092 169.30267631425247 4
1694510689307 169.27218048644627 5
1694510689520 169.24169015751738 6
1694510689725 169.21120532647382 7
1694510689927 169.18072599232391 8
1694510690113 169.15025215407607 9
1694510690325 169.11978381073888 10
1694510690538 169.0893209613211 11
1694510690753 169.0588636048318 12
1694510690943 169.02841174028003 13
1694510691145 168.99796536667517 14
1694510691348 168.96752448302672 15
1694510691512 168.93708908834435 16
1694510691679 168.90665918163793 17
1694510691846 168.87623476191754 18
1694510691997 168.8458158281933 19
1694510692159 168.81540237947573 20
1694510692334 168.78499441477533 21
1694510692482 168.75459193310283 22
1694510692651 168.72419493346928 23
1694510692837 168.6938034148857 24
1694510693009 168.6634173763634 25
1694510693167 168.6330368169139 26
1694510693316 168.60266173554876 27
1694510693479 168.57229213127988 28
1694510693637 168.54192800311924 29
1694510693794 168.51156935007901 30
1694510693946 168.48121617117158 31
1694510694101 168.45086846540943 32
1694510694263 168.42052623180538 33
1694510694422 168.39018946937225 34
1694510694586 168.35985817712313 35
1694510694762 168.3295323540713 36
1694510694964 168.29921199923012 37
1694510695168 168.26889711161328 38
1694510695344 168.23858769023457 39
1694510695519 168.20828373410782 40
1694510695704 168.17798524224736 41
1694510695915 168.14769221366743 42
1694510696078 168.11740464738247 43
1694510696230 168.0871225424073 44
1694510696417 168.05684589775657 45
1694510696582 168.0265747124455 46
1694510696771 167.9963089854892 47
1694510696927 167.9660487159031 48
1694510697125 167.9357939027027 49
