1694491564864 -242.4838769573615 0
1694491564993 -242.00185592741428 1
1694491565133 -241.52078983275766 2
1694491565285 -241.04067682964998 3
1694491565412 -240.5615150291522 4
1694491565542 -240.0833025460714 5
1694491565666 -239.60603749895333 6
1694491565798 -239.1297180100745 7
1694491565934 -238.65434220543523 8
1694491566057 -238.17990821475195 9
1694491566195 -237.70641417144998 10
1694491566350 -237.23385821265614 11
1694491566476 -236.76223847919135 12
1694491566602 -236.29155311556332 13
1694491566737 -235.82180026995934 14
1694491566863 -235.3529780942387 15
1694491566994 -234.8850847439258 16
1694491567113 -234.41811837820254 17
1694491567256 -233.95207715990125 18
1694491567423 -233.4869592554973 19
1694491567547 -233.02276283510201 20
1694491567678 -232.55948607245534 21
1694491567809 -232.09712714491874 22
1694491567937 -231.63568423346803 23
1694491568061 -231.17515552268586 24
1694491568183 -230.71553920075516 25
1694491568311 -230.25683345945154 26
1694491568443 -229.79903649413623 27
1694491568559 -229.34214650374918 28
1694491568697 -228.88616169080146 29
1694491568834 -228.43108026136898 30
1694491568964 -227.9769004250846 31
1694491569086 -227.52362039513153 32
1694491569206 -227.07123838823614 33
1694491569333 -226.6197526246611 34
1694491569475 -226.16916132819793 35
1694491569610 -225.7194627261606 36
1694491569752 -225.2706550493781 37
1694491569888 -224.82273653218755 38
1694491570016 -224.37570541242724 39
1694491570140 -223.9295599314299 40
1694491570275 -223.48429833401542 41
1694491570397 -223.03991886848425 42
1694491570533 -222.59641978661017 43
1694491570655 -222.15379934363366 44
1694491570790 -221.712055798255 45
1694491570926 -221.27118741262703 46
1694491571050 -220.83119245234897 47
1694491571175 -220.392069186459 48
1694491571299 -219.95381588742774 49
