1694491564770 169.60793212341903 0
1694491564907 169.2687984276937 1
1694491565036 168.93372985981728 2
1694491565177 168.59932527627367 3
1694491565322 168.26558339448067 4
1694491565453 167.93250290042297 5
1694491565582 167.600082482693 6
1694491565705 167.2683208324853 7
1694491565833 166.93721664359148 8
1694491565968 166.60676861239492 9
1694491566095 166.27697543786581 10
1694491566236 165.94783582155588 11
1694491566381 165.61934846759323 12
1694491566516 165.29151208267734 13
1694491566635 164.96432537607387 14
1694491566773 164.63778705960968 15
1694491566903 164.31189584766747 16
1694491567026 163.98665045718116 17
1694491567148 163.66204960763022 18
1694491567292 163.33809202103538 19
1694491567463 163.0147764219527 20
1694491567588 162.6921015374693 21
1694491567717 162.37006609719793 22
1694491567851 162.04866883327202 23
1694491567975 161.7279084803407 24
1694491568098 161.40778377556376 25
1694491568224 161.08829345860687 26
1694491568347 160.7694362716362 27
1694491568478 160.4512109593139 28
1694491568595 160.13361626879282 29
1694491568739 159.81665094971171 30
1694491568871 159.50031375419024 31
1694491568994 159.18460343682406 32
1694491569119 158.86951875467997 33
1694491569241 158.55505846729093 34
1694491569369 158.24122133665108 35
1694491569514 157.92800612721103 36
1694491569657 157.61541160587302 37
1694491569787 157.30343654198572 38
1694491569927 156.99207970733966 39
1694491570052 156.68133987616235 40
1694491570185 156.37121582511332 41
1694491570308 156.06170633327952 42
1694491570437 155.75281018217015 43
1694491570565 155.44452615571214 44
1694491570696 155.13685304024526 45
1694491570835 154.8297896245173 46
1694491570964 154.52333469967925 47
1694491571090 154.2174870592807 48
1694491571214 153.91224549926486 49
