1694349157412 169.34901212942756 0
1694349157658 137.1671117638377 1
1694349157863 111.65669355917429 2
1694349158050 91.38224590327701 3
1694349158280 75.22407662670183 4
1694349158479 62.30793542598359 5
1694349158676 51.95043578202883 6
1694349158867 43.61671355469532 7
1694349159112 36.887565266940534 8
1694349159302 31.43393223293305 9
1694349159508 26.997078643932763 10
1694349159705 23.373184559333282 11
1694349159922 20.40136321898238 12
1694349160122 17.954335327260306 13
1694349160340 15.931165742895724 14
1694349160623 14.251601767653405 15
1694349160821 12.851655795318912 16
1694349161032 11.680155289931212 17
1694349161229 10.696045190939245 18
1694349161444 9.86627597827711 19
1694349161664 9.16414793265537 20
1694349161852 8.568011040847242 21
1694349162039 8.060242414537075 22
1694349162238 7.626440478770623 23
1694349162449 7.254788675694066 24
1694349162656 6.935551898597204 25
1694349162859 6.660676999718821 26
1694349163064 6.423475028984669 27
1694349163277 6.218367767352937 28
1694349163483 6.040684933432176 29
1694349163667 5.886501410114667 30
1694349163882 5.752506148691709 31
1694349164092 5.635896208218504 32
1694349164275 5.534290791693177 33
1694349164477 5.445661236252108 34
1694349164680 5.368273770594729 35
1694349164909 5.300642522413534 36
1694349165118 5.241490783000452 37
1694349165315 5.189718947484287 38
1694349165520 5.144377872229194 39
1694349165706 5.104646645148046 40
1694349165898 5.069813965109626 41
1694349166087 5.039262484958357 42
1694349166306 5.0124555980403755 43
1694349166504 4.988926247647726 44
1694349166702 4.968267417995922 45
1694349166892 4.950124028566466 46
1694349167115 4.93418600425639 47
1694349167339 4.920182334426832 48
1694349167526 4.907875966704534 49
1694349167711 4.897059407889762 50
1694349167914 4.88755092583844 51
1694349168104 4.87919126372156 52
1694349168300 4.871840792412912 53
1694349168507 4.865377038544545 54
1694349168706 4.859692535493848 55
1694349168925 4.854692952620691 56
1694349169114 4.850295464772172 57
1694349169347 4.846427329665746 58
1694349169568 4.843024645450326 59
1694349169759 4.840031264690207 60
1694349169950 4.8373978443482475 61
1694349170133 4.835081014168312 62
1694349170350 4.8330426482575595 63
1694349170551 4.831249226716559 64
1694349170740 4.829671275916684 65
1694349170949 4.828282877526323 66
1694349171160 4.827061237679256 67
1694349171416 4.825986308791614 68
1694349171626 4.825040457495591 69
1694349171806 4.824208172989968 70
1694349172007 4.82347581082913 71
1694349172209 4.822831367798339 72
1694349172385 4.822264284067937 73
1694349172568 4.821765269293382 74
1694349172770 4.821326149741324 75
1694349172995 4.820939733882863 76
1694349173199 4.8205996942102365 77
1694349173398 4.8203004633086195 78
1694349173633 4.8200371424559005 79
1694349173869 4.819805421234115 80
1694349174053 4.819601506821302 81
1694349174257 4.819422061794335 82
1694349174471 4.819264149415553 83
1694349174662 4.819125185500436 84
1694349174857 4.819002896073093 85
1694349175030 4.818895280112301 86
1694349175225 4.8188005767749935 87
1694349175432 4.818717236558432 88
1694349175616 4.818643895926953 89
1694349175817 4.818579354986747 90
1694349176067 4.818522557842049 91
1694349176265 4.81847257531041 92
