1694510654844 169.4281063198635 0
1694510655053 169.0891636667872 1
1694510655275 168.7542841362828 2
1694510655483 168.42006849627737 3
1694510655681 168.08651546401111 4
1694510655882 167.75362372529617 5
1694510656074 167.4213919685527 6
1694510656269 167.08981888480355 7
1694510656467 166.75890316766882 8
1694510656651 166.42864351336075 9
1694510656820 166.09903862067873 10
1694510657005 165.77008719100402 11
1694510657185 165.4417879282946 12
1694510657380 165.1141395390802 13
1694510657583 164.78714073245712 14
1694510657794 164.46079022008314 15
1694510657986 164.1350867161723 16
1694510658160 163.81002893749005 17
1694510658340 163.48561560334812 18
1694510658535 163.1618454355994 19
1694510658734 162.83871715863276 20
1694510658937 162.51622949936845 21
1694510659127 162.19438118725262 22
1694510659330 161.87317095425254 23
1694510659515 161.55259753485151 24
1694510659723 161.23265966604401 25
1694510659940 160.9133560873305 26
1694510660128 160.59468554071248 27
1694510660323 160.2766467706878 28
1694510660537 159.95923852424528 29
1694510660765 159.64245955086014 30
1694510660964 159.32630860248884 31
1694510661155 159.01078443356423 32
1694510661370 158.6958858009906 33
1694510661568 158.38161146413876 34
1694510661748 158.0679601848413 35
1694510661931 157.75493072738752 36
1694510662103 157.4425218585186 37
1694510662280 157.1307323474227 38
1694510662435 156.8195609657303 39
1694510662602 156.50900648750897 40
1694510662764 156.19906768925907 41
1694510662937 155.88974334990826 42
1694510663115 155.58103225080734 43
1694510663294 155.272933175725 44
1694510663477 154.96544491084316 45
1694510663650 154.65856624475208 46
1694510663808 154.35229596844587 47
1694510663978 154.04663287531747 48
1694510664181 153.7415757611537 49
