1694490543524 -229.04063612087356 0
1694490543625 -225.97707076532626 1
1694490543734 -222.95663981301456 2
1694490543852 -219.97653776319618 3
1694490543973 -217.03655174313252 4
1694490544075 -214.13551382643317 5
1694490544177 -211.2735750271572 6
1694490544287 -208.4489699375604 7
1694490544392 -205.6629178067738 8
1694490544486 -202.91422878351818 9
1694490544585 -200.20201233406098 10
1694490544689 -197.5263825108547 11
1694490544778 -194.8861758976239 12
1694490544874 -192.28118526564054 13
1694490544985 -189.71132393873282 14
1694490545080 -187.17573760528387 15
1694490545183 -184.6737950342529 16
1694490545296 -182.2054867621342 17
1694490545385 -179.77044124350053 18
1694490545495 -177.36758183524955 19
1694490545586 -174.99684857119436 20
1694490545688 -172.6580329538919 21
1694490545788 -170.35049365435185 22
1694490545896 -168.07328147100978 23
1694490546005 -165.82689633485006 24
1694490546099 -163.61042631106346 25
1694490546201 -161.42380561837516 26
1694490546303 -159.2662873220855 27
1694490546402 -157.13746215008348 28
1694490546502 -155.03711514409935 29
1694490546601 -152.96488126294193 30
1694490546702 -150.9201203685423 31
1694490546802 -148.90298007728896 32
1694490546900 -146.9125420733067 33
1694490546996 -144.94882835481982 34
1694490547086 -143.0112809011823 35
1694490547184 -141.09963256443362 36
1694490547278 -139.21362076740235 37
1694490547372 -137.35261458360426 38
1694490547460 -135.51649916769168 39
1694490547552 -133.70500435275778 40
1694490547653 -131.91755022065777 41
1694490547758 -130.1542395342487 42
1694490547863 -128.41426129118398 43
1694490547967 -126.69762562695934 44
1694490548075 -125.00384821325561 45
1694490548179 -123.33254264370797 46
1694490548282 -121.68383898654166 47
1694490548384 -120.0569104825604 48
1694490548474 -118.4518845583723 49
