1694490543456 168.74812240779028 0
1694490543558 164.97787439378547 1
1694490543663 159.75226849110783 2
1694490543775 159.3795839565213 3
1694490543893 151.99273075349885 4
1694490544016 155.75444737373533 5
1694490544106 147.66739351470176 6
1694490544211 164.69232513557245 7
1694490544323 155.11676437239058 8
1694490544427 147.42111316926685 9
1694490544517 147.5624783108078 10
1694490544620 140.6556096913857 11
1694490544722 142.95166163070374 12
1694490544809 145.49147264094864 13
1694490544909 138.32019919139432 14
1694490545022 134.74501647610137 15
1694490545117 138.34053128139684 16
1694490545218 133.33538610004527 17
1694490545327 126.1464725706774 18
1694490545419 128.9555902646317 19
1694490545529 129.11950037975024 20
1694490545621 124.2097969585258 21
1694490545722 118.66432602993117 22
1694490545825 127.30457495556357 23
1694490545931 121.90656872604657 24
1694490546042 121.33200117313532 25
1694490546133 115.11791015916337 26
1694490546235 111.80030537032171 27
1694490546334 113.6052257958109 28
1694490546436 113.55008584176814 29
1694490546536 110.40096989274086 30
1694490546636 112.79881468250909 31
1694490546736 107.73835779967854 32
1694490546838 109.0926695652246 33
1694490546929 105.46356437674048 34
1694490547028 106.43059355715776 35
1694490547120 104.84632352673765 36
1694490547215 100.00700369966455 37
1694490547316 101.95498235587486 38
1694490547402 101.50034554277181 39
1694490547490 98.29778320979453 40
1694490547586 99.60110507678448 41
1694490547691 93.92253546365582 42
1694490547794 94.83929173980829 43
1694490547898 90.9148782777778 44
1694490548001 90.7028751727465 45
1694490548112 94.15660026686696 46
1694490548216 88.69515169011784 47
1694490548316 89.74908097459259 48
1694490548416 86.76129059645899 49
