1694508967691 0.5382399854898245 0
1694508967888 0.7759955332609523 1
1694508968081 0.7803830757565547 2
1694508968261 0.7787676973931963 3
1694508968447 0.780172064322182 4
1694508968636 0.7824842183254962 5
1694508968833 0.7798142164064402 6
1694508969009 0.7803211714984825 7
1694508969176 0.7826017426988059 8
1694508969360 0.7728668047122531 9
1694508969542 0.78203129946268 10
1694508969723 0.7844403928146992 11
1694508969896 0.7755505111675174 12
1694508970067 0.7788733832363092 13
1694508970237 0.7820256180439219 14
1694508970428 0.7783860384717056 15
1694508970593 0.7816254128659487 16
1694508970761 0.7807805124194075 17
1694508970927 0.7774243406451303 18
1694508971106 0.7831503740976795 19
1694508971286 0.7807423383880131 20
1694508971448 0.7821056660682342 21
1694508971638 0.7842964181797569 22
1694508971805 0.7863128647900055 23
1694508971977 0.7819157804946711 24
1694508972140 0.7828756783023464 25
1694508972308 0.7800584818031252 26
1694508972477 0.775212977994395 27
1694508972659 0.776217999599097 28
1694508972826 0.7771766129945853 29
1694508972992 0.7791712241416996 30
1694508973177 0.7776103620124437 31
1694508973360 0.7815154309937777 32
1694508973555 0.7783911796760457 33
1694508973724 0.7863491834437224 34
1694508973889 0.7790956026771807 35
1694508974062 0.7823876657731891 36
1694508974227 0.7758747085270327 37
1694508974402 0.7811966340122803 38
1694508974564 0.7832276593838766 39
1694508974728 0.7795683051006983 40
1694508974893 0.7834035942046946 41
1694508975059 0.7802692796717876 42
1694508975248 0.7785915993540828 43
1694508975430 0.7768813170594124 44
1694508975600 0.7739872426549897 45
1694508975773 0.7824656956259702 46
1694508975941 0.7762476190089378 47
1694508976122 0.774339892521208 48
1694508976286 0.7815519753701505 49
