1694508967589 0.0794134233253208 0
1694508967791 0.23932407251473586 1
1694508967981 0.016569624166072747 2
1694508968178 0.003977711955447077 3
1694508968354 0.013750958399124243 4
1694508968543 0.7191708103068367 5
1694508968730 0.05198597478935475 6
1694508968926 0.0029859982255830775 7
1694508969095 0.5219979967443434 8
1694508969276 0.00023635712458403672 9
1694508969450 0.23570331928200253 10
1694508969635 0.45757791935933106 11
1694508969816 0.4801225720103571 12
1694508969986 0.2666628834238921 13
1694508970157 0.09131689296208938 14
1694508970351 0.0008546555479896171 15
1694508970514 0.028871062123344792 16
1694508970680 0.9393648620920473 17
1694508970847 0.026628255723092915 18
1694508971021 0.0006550322119780397 19
1694508971199 0.012031076821706933 20
1694508971371 0.18533866777363786 21
1694508971553 0.16633563578852106 22
1694508971726 0.011770241305680693 23
1694508971898 0.03195622557267377 24
1694508972063 0.21910395296572813 25
1694508972226 0.02027890622374945 26
1694508972394 0.08309940251313873 27
1694508972582 0.0001982791258343965 28
1694508972746 0.08768406306821001 29
1694508972913 0.06521480708192508 30
1694508973093 0.03161148853105953 31
1694508973270 0.15878859983998048 32
1694508973475 7.888223506647194e-05 33
1694508973645 0.39092890966905286 34
1694508973810 0.13350240875375327 35
1694508973976 0.005083623595406157 36
1694508974151 0.0037171559862182054 37
1694508974313 0.2268063742781713 38
1694508974487 0.04849772022635376 39
1694508974650 0.00016522118343189108 40
1694508974819 0.03549540260533862 41
1694508974981 0.08019154065602374 42
1694508975170 0.048219756542904973 43
1694508975336 0.10545953956740473 44
1694508975520 0.16479471266318105 45
1694508975690 0.16532191948944217 46
1694508975859 0.04371179929895161 47
1694508976038 0.004927329473969178 48
1694508976208 0.09470600755053958 49
