1694509895720 0.2156807546322278 0
1694509895893 0.21467549217359613 1
1694509896060 0.09969295870438724 2
1694509896227 0.0008451259765949066 3
1694509896400 0.35947678108297887 4
1694509896553 0.07017194158305957 5
1694509896726 0.06569783898723136 6
1694509896885 0.3212221054251138 7
1694509897046 0.25181975828650277 8
1694509897245 0.0006180799995131113 9
1694509897406 2.3495538449737445e-05 10
1694509897568 0.1052667621676782 11
1694509897761 0.021114825277858133 12
1694509897921 0.017756786191664705 13
1694509898083 0.023000208556303223 14
1694509898247 0.034677969120003475 15
1694509898403 0.0024200681795050576 16
1694509898568 0.06708317268340246 17
1694509898725 0.2285550608602128 18
1694509898892 0.0101445652733438 19
1694509899071 0.06085804457161114 20
1694509899230 0.06333066524082916 21
1694509899393 0.040231955366462666 22
1694509899581 0.0030849029579017844 23
1694509899753 0.0001887688683035443 24
1694509899925 0.00017915732787121528 25
1694509900115 0.011882968087917929 26
1694509900319 4.668182393240422e-05 27
1694509900495 0.012200092823649087 28
1694509900666 0.004052233467600942 29
1694509900840 0.2728032787182632 30
1694509901014 0.2230165373208985 31
1694509901207 0.061845932352314094 32
1694509901385 4.449807174081068e-06 33
1694509901572 0.5649063952918542 34
1694509901747 0.0006019380522063897 35
1694509901950 0.7237255773065379 36
1694509902135 0.32306335309139655 37
1694509902331 1.4230354384518074 38
1694509902514 0.006790407171843083 39
1694509902700 9.106442192090066e-05 40
1694509902874 0.02644948037447863 41
1694509903070 0.15729625055404556 42
1694509903255 0.03932176675739844 43
1694509903451 0.20493129901454163 44
1694509903654 0.8262779922731429 45
1694509903851 0.012215363320511805 46
1694509904053 0.18351481487127974 47
1694509904231 1.8224915020029897e-05 48
1694509904420 0.3833468093277267 49
