1694490039974 0.7505860138528022 0
1694490040131 0.7705454997142017 1
1694490040299 0.7854045108696538 2
1694490040447 0.7764742888750461 3
1694490040598 0.7779465130174517 4
1694490040743 0.7247243790036998 5
1694490040890 0.7707674876280983 6
1694490041036 0.7453502730998101 7
1694490041176 0.7796528890298433 8
1694490041323 0.7652309250310182 9
1694490041468 0.7961311215842459 10
1694490041609 0.7604991321109364 11
1694490041755 0.7668443721108332 12
1694490041913 0.7760388735444599 13
1694490042055 0.7741184332639058 14
1694490042198 0.7822319060462891 15
1694490042338 0.7531523282920811 16
1694490042487 0.7751543104214219 17
1694490042637 0.7841089940075218 18
1694490042785 0.7986783297396001 19
1694490042932 0.7657068701197492 20
1694490043077 0.7860339353417083 21
1694490043218 0.7609909673731802 22
1694490043369 0.7614218188238244 23
1694490043510 0.7980434343901079 24
1694490043654 0.7836887575668341 25
1694490043789 0.7630518834431413 26
1694490043933 0.7625287571441002 27
1694490044080 0.7569353516851097 28
1694490044225 0.7723635296419652 29
1694490044370 0.7506391557479342 30
1694490044517 0.7864916393264341 31
1694490044665 0.7952626040433806 32
1694490044815 0.777585368312565 33
1694490044962 0.759049306440646 34
1694490045107 0.7830199165373104 35
1694490045251 0.7773313708141601 36
1694490045400 0.78428974048688 37
1694490045547 0.7859242183350215 38
1694490045695 0.7932144850930354 39
1694490045840 0.7423303562555679 40
1694490045987 0.7821960863170139 41
1694490046143 0.7848853061432388 42
1694490046292 0.7962108204092536 43
1694490046435 0.7574171755953492 44
1694490046570 0.7768549844818905 45
1694490046714 0.7687912336280892 46
1694490046847 0.7583992112420428 47
1694490046987 0.8019769070264938 48
1694490047118 0.7641439202160235 49
