1694490039907 0.16133678834872175 0
1694490040057 0.06909835740674133 1
1694490040225 0.0008014684085394417 2
1694490040378 0.05836006863753379 3
1694490040529 0.03712256210625394 4
1694490040676 0.06190480465951942 5
1694490040823 0.0021841805077983433 6
1694490040969 0.08844988311226831 7
1694490041113 0.1605678467377007 8
1694490041255 0.1905860075912135 9
1694490041401 0.027145663720132128 10
1694490041551 0.024134825074853237 11
1694490041688 0.5971831168836284 12
1694490041842 0.04065170633351995 13
1694490041990 0.005902627437794719 14
1694490042134 0.05021898418410236 15
1694490042275 0.03275146179003953 16
1694490042416 0.1891110426207996 17
1694490042570 0.02411128825349839 18
1694490042716 0.009067525108091638 19
1694490042865 0.045606100044355634 20
1694490043012 0.19116593458169434 21
1694490043157 0.31835610695365524 22
1694490043296 0.013884474643702814 23
1694490043449 0.09224973965881361 24
1694490043588 0.0017660042199584304 25
1694490043729 0.049863036087982586 26
1694490043863 0.10183965767692031 27
1694490044011 0.5228730013200008 28
1694490044158 0.0013135565118733848 29
1694490044307 0.15910282820139027 30
1694490044450 0.003248524443083675 31
1694490044597 0.025248458125956302 32
1694490044746 0.25107427797984616 33
1694490044894 0.9715499494397825 34
1694490045041 0.7755079266045848 35
1694490045186 0.4271944319221075 36
1694490045330 0.005853077620111448 37
1694490045479 0.00017177694549049558 38
1694490045628 0.05973227529836807 39
1694490045773 0.31398202646345985 40
1694490045919 0.026590613751927516 41
1694490046068 0.02927968226064433 42
1694490046225 0.11194325278891504 43
1694490046368 0.028011251698023612 44
1694490046509 0.001662024139607903 45
1694490046649 0.002836432850948527 46
1694490046788 0.735667796065559 47
1694490046923 0.005756997507552073 48
1694490047063 0.0008084715095488393 49
