1694510678190 -246.10004534489755 0
1694510678376 -246.05563686410747 1
1694510678556 -246.01123632520964 2
1694510678726 -245.96684377614116 3
1694510678878 -245.92245921546316 4
1694510679072 -245.8780826417379 5
1694510679234 -245.83371405352761 6
1694510679410 -245.78935344939484 7
1694510679574 -245.7450008279024 8
1694510679744 -245.7006561876134 9
1694510679936 -245.65631952709117 10
1694510680134 -245.61199084489934 11
1694510680317 -245.56767013960174 12
1694510680505 -245.52335740976253 13
1694510680724 -245.47905265394607 14
1694510680916 -245.43475587071694 15
1694510681089 -245.39046705864013 16
1694510681274 -245.3461862162807 17
1694510681459 -245.3019133422042 18
1694510681653 -245.2576484349761 19
1694510681884 -245.21339149316248 20
1694510682080 -245.16914251532947 21
1694510682276 -245.12490150004353 22
1694510682461 -245.08066844587137 23
1694510682646 -245.0364433513799 24
1694510682866 -244.99222621513636 25
1694510683051 -244.9480170357083 26
1694510683221 -244.90381581166332 27
1694510683425 -244.85962254156956 28
1694510683619 -244.8154372239952 29
1694510683825 -244.77125985750868 30
1694510684027 -244.72709044067886 31
1694510684220 -244.68292897207476 32
1694510684419 -244.63877545026563 33
1694510684617 -244.59462987382096 34
1694510684818 -244.5504922413106 35
1694510685018 -244.50636255130468 36
1694510685217 -244.46224080237337 37
1694510685403 -244.41812699308736 38
1694510685583 -244.37402112201735 39
1694510685783 -244.3299231877345 40
1694510685959 -244.28583318881016 41
1694510686135 -244.24175112381587 42
1694510686367 -244.19767699132356 43
1694510686562 -244.15361078990534 44
1694510686784 -244.10955251813346 45
1694510686979 -244.06550217458064 46
1694510687159 -244.02145975781977 47
1694510687353 -243.97742526642395 48
1694510687581 -243.93339869896667 49
