1694510678084 169.08902758239503 0
1694510678232 169.05522994508772 1
1694510678424 169.0248183418226 2
1694510678601 168.99441217956812 3
1694510678768 168.96401149115079 4
1694510678930 168.93361627558474 5
1694510679128 168.9032265318846 6
1694510679284 168.87284225906535 7
1694510679456 168.84246345614193 8
1694510679628 168.81209012212963 9
1694510679805 168.78172225604374 10
1694510679995 168.75135985689994 11
1694510680193 168.72100292371397 12
1694510680372 168.69065145550167 13
1694510680567 168.66030545127924 14
1694510680779 168.6299649100629 15
1694510680968 168.59962983086913 16
1694510681145 168.56930021271455 17
1694510681322 168.538976054616 18
1694510681520 168.5086573555905 19
1694510681708 168.47834411465507 20
1694510681943 168.44803633082722 21
1694510682142 168.41773400312442 22
1694510682333 168.3874371305643 23
1694510682517 168.3571457121648 24
1694510682726 168.32685974694394 25
1694510682923 168.29657923391997 26
1694510683103 168.2663041721113 27
1694510683284 168.23603456053652 28
1694510683490 168.20577039821433 29
1694510683671 168.17551168416367 30
1694510683883 168.14525841740374 31
1694510684086 168.11501059695374 32
1694510684278 168.08476822183312 33
1694510684471 168.0545312910616 34
1694510684679 168.02429980365895 35
1694510684878 167.9940737586452 36
1694510685082 167.96385315504048 37
1694510685269 167.9336379918651 38
1694510685467 167.9034282681397 39
1694510685646 167.87322398288487 40
1694510685843 167.84302513512154 41
1694510686012 167.81283172387074 42
1694510686205 167.7826437481537 43
1694510686427 167.75246120699185 44
1694510686631 167.72228409940672 45
1694510686846 167.69211242442015 46
1694510687038 167.661946181054 47
1694510687214 167.63178536833036 48
1694510687414 167.6016299852716 49
