1694490999659 0.7091533284482926 0
1694490999825 0.8367343470153581 1
1694490999984 0.8361342848813764 2
1694491000129 0.8358557265116606 3
1694491000271 0.8361541893923266 4
1694491000427 0.835862019055058 5
1694491000587 0.8362805832908523 6
1694491000730 0.8365292237819258 7
1694491000874 0.8358945306357807 8
1694491001018 0.8354471802937635 9
1694491001166 0.8361434543006298 10
1694491001321 0.8362628068271472 11
1694491001462 0.8355313774596622 12
1694491001619 0.8361010182253024 13
1694491001767 0.8362511341483378 14
1694491001916 0.8349399343468136 15
1694491002070 0.8364305024369421 16
1694491002212 0.8357023279128704 17
1694491002359 0.8364315278283891 18
1694491002497 0.836031808393348 19
1694491002633 0.8364129707917004 20
1694491002770 0.8357599656850889 21
1694491002910 0.8363048273852456 22
1694491003053 0.8366491179437747 23
1694491003198 0.8365606672929012 24
1694491003341 0.835996876498495 25
1694491003485 0.8366346089835 26
1694491003634 0.8357301907364812 27
1694491003787 0.8365474817808061 28
1694491003936 0.8362032788564023 29
1694491004071 0.8352939728993799 30
1694491004215 0.8361732809688435 31
1694491004352 0.8363968163588945 32
1694491004500 0.8363182755094423 33
1694491004648 0.8362492538176648 34
1694491004800 0.836325323259904 35
1694491004946 0.8364590847301053 36
1694491005093 0.8366069982086263 37
1694491005235 0.8363293002112853 38
1694491005370 0.8367192527058156 39
1694491005510 0.8354893723740092 40
1694491005654 0.8356387893329373 41
1694491005795 0.8364299599389158 42
1694491005943 0.8358970584718962 43
1694491006089 0.8357110724252838 44
1694491006236 0.8366783038467352 45
1694491006373 0.8359524447334961 46
1694491006504 0.8363413252680505 47
1694491006652 0.8365244304748868 48
1694491006797 0.8363458194515281 49
