1694489527851 5.141274869500677 0
1694489527988 4.69124033204664 1
1694489528134 7.60505328134906 2
1694489528280 4.909919209780708 3
1694489528430 0.753194417173779 4
1694489528574 1.801488775880374 5
1694489528717 5.525052909804019 6
1694489528868 5.201506515401213 7
1694489529012 5.797479150156969 8
1694489529166 7.932871546982032 9
1694489529311 6.6171467004298625 10
1694489529453 3.747358327093986 11
1694489529587 5.081678752386891 12
1694489529720 8.353570125168948 13
1694489529863 4.534349401141368 14
1694489529996 3.6433289408111866 15
1694489530150 3.902707454696162 16
1694489530295 4.750473067525063 17
1694489530439 4.4965885014336795 18
1694489530582 2.7304254415856293 19
1694489530726 7.01771172936201 20
1694489530865 6.435120997045579 21
1694489530997 6.130456186809058 22
1694489531139 9.41644676536321 23
1694489531281 3.606098584850048 24
1694489531423 5.624143675189701 25
1694489531558 3.3491830220800853 26
1694489531702 4.816852887962911 27
1694489531847 4.160611743796164 28
1694489531992 5.110698230666626 29
1694489532134 6.195148910589559 30
1694489532286 4.781991337620892 31
1694489532414 4.662413257344799 32
1694489532566 4.070965611570664 33
1694489532700 3.075159587787857 34
1694489532843 7.446108658783185 35
1694489532970 8.736179574057372 36
1694489533110 5.601013636112426 37
1694489533252 4.804977307362823 38
1694489533392 3.783270242187964 39
1694489533539 6.94976698654808 40
1694489533684 4.844952468079712 41
1694489533826 1.2955854102679107 42
1694489533966 2.1523157524174232 43
1694489534115 3.5376526991209296 44
1694489534258 4.151974544678863 45
1694489534404 4.9122469454910584 46
1694489534546 6.242924638463703 47
1694489534691 5.742619999470829 48
1694489534831 4.006271588057935 49
