1694508366047 -212.09481923656162 0
1694508366179 -183.09147288116162 1
1694508366323 -158.44383954137152 2
1694508366501 -137.4691750147144 3
1694508366636 -119.59622632956463 4
1694508366780 -104.34431504034951 5
1694508366928 -91.3085488857449 6
1694508367073 -80.14982327780979 7
1694508367193 -70.5820732664056 8
1694508367342 -62.363381010658756 9
1694508367483 -55.292971216541886 10
1694508367619 -49.19767389080831 11
1694508367751 -43.933588741606044 12
1694508367874 -39.37901941926799 13
1694508368010 -35.430980568410824 14
1694508368152 -32.001398475950715 15
1694508368271 -29.016085430648392 16
1694508368416 -26.412156166534533 17
1694508368559 -24.136521334351382 18
1694508368706 -22.14365474395377 19
1694508368845 -20.3952122130989 20
1694508368991 -18.85733040807204 21
1694508369130 -17.503022689415637 22
1694508369256 -16.30750744657171 23
1694508369399 -15.250275861688532 24
1694508369538 -14.313548457039765 25
1694508369677 -13.48187390372359 26
1694508369799 -12.742585152481066 27
1694508369924 -12.08437774215556 28
1694508370052 -11.496844255522044 29
1694508370174 -10.971754961294144 30
1694508370300 -10.50180443237516 31
1694508370422 -10.080759361441437 32
1694508370546 -9.703106639163087 33
1694508370670 -9.363787498507229 34
1694508370798 -9.058434868600814 35
1694508370930 -8.783645057304252 36
1694508371056 -8.535745235521203 37
1694508371175 -8.312234641181538 38
1694508371294 -8.110236146690546 39
1694508371419 -7.927463579642836 40
1694508371547 -7.762148971745683 41
1694508371669 -7.612663408338014 42
1694508371789 -7.476961184742432 43
1694508371931 -7.353994376994589 44
1694508372058 -7.242276541209881 45
1694508372180 -7.140809797275898 46
1694508372303 -7.048740261636054 47
1694508372427 -6.9651710273151295 48
1694508372550 -6.889260530609749 49
