1694508365951 145.43943761266283 0
1694508366096 126.84752578334073 1
1694508366220 107.00433138883726 2
1694508366385 96.28947606289354 3
1694508366546 81.20828873525545 4
1694508366683 70.0793571990292 5
1694508366826 63.878558446998646 6
1694508366980 54.93197477148687 7
1694508367114 48.13496988208108 8
1694508367245 44.36006124441336 9
1694508367390 39.36059460051929 10
1694508367529 34.96444333280737 11
1694508367668 31.674976995467013 12
1694508367790 28.494633948973423 13
1694508367919 25.144406648946898 14
1694508368058 21.86187998148598 15
1694508368193 20.860768931945834 16
1694508368317 19.200973889463835 17
1694508368463 17.4077777801957 18
1694508368610 16.42404116654363 19
1694508368752 14.39655332748694 20
1694508368902 14.136620618013643 21
1694508369039 12.23180531308271 22
1694508369172 11.489546312191699 23
1694508369306 10.61252597426059 24
1694508369447 10.708069230494127 25
1694508369586 9.65710016566143 26
1694508369718 9.026580640109945 27
1694508369842 8.189135739798235 28
1694508369973 8.900881106400531 29
1694508370093 8.350888171875454 30
1694508370214 7.911289586780093 31
1694508370342 8.04336382192555 32
1694508370465 6.711422546074036 33
1694508370587 6.873514732739984 34
1694508370714 7.258566851600188 35
1694508370844 6.7007413994299245 36
1694508370974 6.495236254891627 37
1694508371099 6.1790216101197055 38
1694508371214 6.347637302116387 39
1694508371337 6.321802303163727 40
1694508371462 5.786470382293646 41
1694508371590 5.770046237507666 42
1694508371712 6.279771633093175 43
1694508371829 5.65182852697217 44
1694508371972 5.294459628179673 45
1694508372100 5.620753419159707 46
1694508372221 5.7301126639412585 47
1694508372346 5.6806218393802865 48
1694508372469 5.606262308741319 49
