1694251635567 28059.490291262136 0
1694251635742 22506.30692981727 1
1694251635911 18427.043140299378 2
1694251636077 15286.132591327108 3
1694251636243 12814.834531026081 4
1694251636423 10850.668952417474 5
1694251636587 9281.48101946403 6
1694251636790 8024.319219873249 7
1694251636975 7015.2940179793495 8
1694251637171 6204.363554003282 9
1694251637340 5551.711150811786 10
1694251637500 5025.789460148149 11
1694251637688 4601.458851687164 12
1694251637875 4258.65396030568 13
1694251638058 3981.340655690887 14
1694251638222 3756.6933442595073 15
1694251638404 3574.4433806039624 16
1694251638592 3426.361839417147 17
1694251638781 3305.8483581275755 18
1694251638951 3207.603952064136 19
1694251639107 3127.3704190509234 20
1694251639285 3061.722610567417 21
1694251639458 3007.9027141868237 22
1694251639637 2963.687948875181 23
1694251639805 2927.2848554014595 24
1694251639975 2897.244771259992 25
1694251640132 2872.3961927666423 26
1694251640304 2851.7906085755994 27
1694251640491 2834.6590875800116 28
1694251640660 2820.3774583801714 29
1694251640851 2808.4383574440753 30
1694251641013 2798.4287725691615 31
1694251641240 2790.0119860796767 32
1694251641412 2782.9130432105226 33
1694251641582 2776.9070470739116 34
1694251641786 2771.8097217668974 35
1694251641973 2767.4697969092317 36
1694251642143 2763.7628560287467 37
1694251642298 2760.58636235579 38
1694251642472 2757.8556324155024 39
1694251642629 2755.5005732282702 40
1694251642804 2753.463035257734 41
1694251642964 2751.6946623219224 42
1694251643127 2750.155142969841 43
1694251643300 2748.8107864885847 44
1694251643479 2747.6333616730567 45
1694251643659 2746.5991485018253 46
1694251643819 2745.6881625088226 47
1694251643991 2744.883519392857 48
1694251644184 2744.170913641457 49
1694251644393 2743.5381899633308 50
1694251644625 2742.9749903652164 51
1694251644809 2742.472462966438 52
1694251644996 2742.02302127243 53
1694251645171 2741.6201447500316 54
1694251645328 2741.2582132616926 55
1694251645491 2740.932369302059 56
1694251645697 2740.6384031026505 57
1694251645860 2740.3726565794923 58
1694251646060 2740.131942835937 59
1694251646210 2739.9134785314136 60
1694251646353 2739.7148269132813 61
1694251646524 2739.5338497046587 62
1694251646681 2739.368666363316 63
1694251646851 2739.2176194895633 64
1694251647006 2739.0792453755175 65
1694251647158 2738.9522488635707 66
1694251647329 2738.8354818253747 67
1694251647486 2738.727924690356 68
1694251647669 2738.6286705493726 69
1694251647819 2738.5369114385344 70
1694251647978 2738.4519264736277 71
1694251648136 2738.3730715595398 72
1694251648329 2738.2997704436675 73
1694251648489 2738.2315069191923 74
1694251648659 2738.167818014755 75
1694251648858 2738.108288032483 76
1694251649044 2738.0525433175217 77
1694251649218 2738.000247659921 78
1694251649401 2737.951098244514 79
1694251649564 2737.9048220768336 80
1694251649739 2737.861172823506 81
1694251649895 2737.8199280143886 82
1694251650062 2737.7808865610805 83
1694251650224 2737.7438665527293 84
1694251650406 2737.7087032953705 85
1694251650561 2737.6752475655753 86
1694251650725 2737.643364053007 87
1694251650895 2737.6129299698273 88
1694251651049 2737.5838338076956 89
1694251651225 2737.555974225528 90
1694251651433 2737.5292590532913 91
1694251651600 2737.5036043989003 92
1694251651785 2737.4789338468627 93
1694251651953 2737.455177738641 94
1694251652139 2737.432272525919 95
1694251652319 2737.410160188969 96
1694251652483 2737.3887877131783 97
1694251652644 2737.368106617659 98
1694251652822 2737.3480725304616 99
1694251653010 2737.328644805581 100
1694251653171 2737.3097861774436 101
1694251653332 2737.291462449055 102
1694251653508 2737.273642210357 103
1694251653683 2737.2562965837883 104
1694251653849 2737.2393989942693 105
1694251654025 2737.2229249612014 106
1694251654217 2737.20685191028 107
1694251654395 2737.1911590031586 108
1694251654572 2737.1758269832244 109
1694251654771 2737.16083803587 110
1694251654986 2737.1461756618855 111
1694251655163 2737.13182456267 112
1694251655351 2737.1177705361256 113
1694251655528 2737.104000382203 114
1694251655694 2737.0905018171716 115
1694251655848 2737.0772633957686 116
1694251656024 2737.064274440494 117
1694251656214 2737.051524977354 118
1694251656378 2737.0390056774445 119
1694251656543 2737.0267078038314 120
1694251656730 2737.014623163217 121
1694251656940 2737.0027440619474 122
1694251657120 2736.9910632659594 123
1694251657264 2736.9795739642855 124
1694251657441 2736.9682697358044 125
1694251657626 2736.957144518913 126
1694251657808 2736.9461925838723 127
1694251657984 2736.935408507563 128
1694251658143 2736.9247871504394 129
1694251658359 2736.9143236354685 130
1694251658513 2736.904013328895 131
1694251658686 2736.8938518226337 132
1694251658854 2736.8838349181738 133
1694251659026 2736.873958611832 134
1694251659185 2736.8642190812498 135
1694251659373 2736.8546126730157 136
1694251659529 2736.8451358913117 137
1694251659685 2736.8357853874954 138
1694251659854 2736.8265579505287 139
1694251660039 2736.8174504981844 140
1694251660220 2736.8084600689626 141
1694251660389 2736.799583814645 142
1694251660565 2736.7908189934383 143
1694251660722 2736.78216296366 144
1694251660918 2736.773613177911 145
1694251661079 2736.765167177688 146
1694251661239 2736.7568225884174 147
1694251661410 2736.7485771148586 148
1694251661568 2736.7404285368398 149
1694251661745 2736.7323747053297 150
1694251661908 2736.7244135387664 151
1694251662110 2736.7165430196733 152
1694251662278 2736.7087611915035 153
1694251662453 2736.7010661557088 154
1694251662631 2736.6934560690092 155
1694251662784 2736.685929140848 156
1694251662950 2736.6784836310235 157
1694251663136 2736.6711178474657 158
1694251663323 2736.663830144176 159
1694251663511 2736.6566189192754 160
1694251663669 2736.649482613202 161
1694251663824 2736.642419706998 162
1694251663979 2736.6354287207155 163
1694251664154 2736.628508211912 164
1694251664335 2736.621656774236 165
1694251664495 2736.6148730360956 166
1694251664654 2736.608155659402 167
1694251664855 2736.6015033383846 168
1694251665057 2736.5949147984657 169
1694251665211 2736.5883887952036 170
1694251665409 2736.581924113291 171
1694251665568 2736.5755195655925 172
1694251665773 2736.5691739922527 173
1694251665939 2736.5628862598255 174
1694251666106 2736.5566552604646 175
1694251666276 2736.5504799111445 176
1694251666439 2736.5443591529147 177
1694251666594 2736.538291950197 178
1694251666758 2736.5322772901054 179
1694251666956 2736.5263141818045 180
1694251667126 2736.5204016558896 181
1694251667309 2736.514538763794 182
1694251667502 2736.5087245772243 183
1694251667688 2736.5029581876124 184
1694251667875 2736.4972387055986 185
1694251668048 2736.491565260528 186
1694251668214 2736.4859369999617 187
1694251668380 2736.4803530892223 188
1694251668528 2736.4748127109415 189
1694251668702 2736.469315064628 190
1694251668873 2736.463859366256 191
1694251669034 2736.45844484786 192
1694251669188 2736.45307075715 193
1694251669387 2736.447736357136 194
1694251669557 2736.442440925767 195
1694251669766 2736.437183755582 196
1694251669963 2736.431964153368 197
1694251670145 2736.426781439835 198
1694251670288 2736.4216349492963 199
1694251670467 2736.416524029364 200
1694251670663 2736.411448040642 201
1694251670822 2736.4064063564456 202
1694251670987 2736.4013983625127 203
1694251671138 2736.3964234567356 204
1694251671337 2736.391481048891 205
1694251671489 2736.386570560385 206
