1694490337468 -54.98567696098929 0
1694490337571 -12.087875666859013 1
1694490337665 -2.3168174800830026 2
1694490337766 -0.019294886926106036 3
1694490337865 0.5501446421197553 4
1694490337993 0.7044435711325117 5
1694490338106 0.7523387068700995 6
1694490338216 0.7679262359463744 7
1694490338317 0.7744272335051332 8
1694490338423 0.7783765412852963 9
1694490338549 0.7792024681143995 10
1694490338656 0.7803791135151483 11
1694490338758 0.780089242126306 12
1694490338864 0.77960189080931 13
1694490338977 0.7799467277187457 14
1694490339070 0.7808135128420773 15
1694490339169 0.7805634702295887 16
1694490339276 0.7814797780215329 17
1694490339371 0.7815493041798172 18
1694490339463 0.7805965199510195 19
1694490339565 0.7802574997484708 20
1694490339672 0.78113798265506 21
1694490339780 0.7805888181682543 22
1694490339878 0.7811974819519821 23
1694490339984 0.7808985554984272 24
1694490340097 0.7808542213349583 25
1694490340208 0.7810054375468859 26
1694490340313 0.7810735083992926 27
1694490340419 0.7810496874755243 28
1694490340523 0.7812127977557421 29
1694490340633 0.7813541295930639 30
1694490340737 0.7818519725153337 31
1694490340827 0.7810361274551839 32
1694490340937 0.7809119050535076 33
1694490341040 0.7804294991013461 34
1694490341147 0.7801557714800713 35
1694490341256 0.7803014958297123 36
1694490341362 0.780261448814981 37
1694490341467 0.7796255987256944 38
1694490341576 0.780751890007216 39
1694490341678 0.7811125040306428 40
1694490341769 0.780682657527263 41
1694490341863 0.7800892534000139 42
1694490341980 0.7800580875480492 43
1694490342082 0.7805477056259034 44
1694490342179 0.7808911124086129 45
1694490342292 0.7806005821250788 46
1694490342400 0.7808408498516313 47
1694490342504 0.780719618980328 48
1694490342611 0.7800068937202774 49
