1694490337397 39.03826990684474 0
1694490337501 9.067462242109796 1
1694490337605 2.6649616117936965 2
1694490337700 0.7837369946988074 3
1694490337796 0.29056046102831534 4
1694490337909 0.16338872847212363 5
1694490338033 0.19141166753843444 6
1694490338146 0.17792154171073657 7
1694490338249 0.13825635102343697 8
1694490338351 0.14141311785319274 9
1694490338468 0.10460018183018999 10
1694490338588 0.11386082063084223 11
1694490338688 0.09503863468487907 12
1694490338795 0.19149757215258084 13
1694490338903 0.10672549504479649 14
1694490339007 0.20756924007858163 15
1694490339100 0.1961418809039494 16
1694490339205 0.13536171090104251 17
1694490339311 0.09476648948718268 18
1694490339402 0.18638069119214556 19
1694490339498 0.14257547673655907 20
1694490339600 0.16750648879320887 21
1694490339707 0.15403761773409033 22
1694490339814 0.1461001155826161 23
1694490339914 0.09223562572595793 24
1694490340022 0.09644204355311706 25
1694490340136 0.10277432344062866 26
1694490340244 0.16760314810130242 27
1694490340348 0.11721046571050407 28
1694490340453 0.1525768392595535 29
1694490340559 0.1476733892577025 30
1694490340668 0.12015760444208132 31
1694490340767 0.16893895883140986 32
1694490340863 0.11793027790868714 33
1694490340972 0.10624523796643146 34
1694490341077 0.11505117279443232 35
1694490341184 0.10663325139706907 36
1694490341291 0.13770208747353097 37
1694490341398 0.14328042425493706 38
1694490341505 0.18540572235568026 39
1694490341612 0.14829584934212117 40
1694490341708 0.12518109813318756 41
1694490341800 0.10516430393292828 42
1694490341905 0.15972871821400308 43
1694490342015 0.14067839751009814 44
1694490342115 0.16617016431037313 45
1694490342217 0.136454875190127 46
1694490342331 0.14142334129434944 47
1694490342436 0.1006252670471831 48
1694490342540 0.19138647791700086 49
