1694491244002 172.74754394798768 0
1694491244121 164.39615446096582 1
1694491244231 166.3564655419036 2
1694491244330 160.40638006570495 3
1694491244438 154.02345189236493 4
1694491244553 152.67269207272787 5
1694491244658 150.6707790465325 6
1694491244764 157.36567853469793 7
1694491244857 150.8408056995288 8
1694491244946 141.91005975586052 9
1694491245049 147.2090210128326 10
1694491245152 142.66867086674299 11
1694491245253 142.94143912174354 12
1694491245344 138.97676484799268 13
1694491245435 131.5080012164319 14
1694491245529 134.39912805905084 15
1694491245640 132.73710931181185 16
1694491245749 126.61638477453022 17
1694491245861 125.69720262688541 18
1694491245962 128.3211704749216 19
1694491246071 124.870867617791 20
1694491246169 120.05160768019104 21
1694491246272 117.31707295401425 22
1694491246375 115.20100655939406 23
1694491246468 116.16792761436524 24
1694491246560 116.69234713187461 25
1694491246659 115.19165492077678 26
1694491246760 112.07227614603137 27
1694491246867 108.59673182002905 28
1694491246962 106.81723127358867 29
1694491247057 105.32276331418016 30
1694491247165 106.24629969691274 31
1694491247272 100.9986584135396 32
1694491247378 101.5546789332187 33
1694491247483 103.2656874931794 34
1694491247581 100.42983835399677 35
1694491247692 97.11505074267149 36
1694491247802 97.44506400818587 37
1694491247897 93.99445444160443 38
1694491247989 94.25910966980105 39
1694491248084 91.34686789330111 40
1694491248177 88.6177086096102 41
1694491248271 88.06573591654684 42
1694491248370 86.14094654119287 43
1694491248474 86.69965535862137 44
1694491248579 84.89737535366747 45
1694491248689 86.01441230944472 46
1694491248784 81.96498672570694 47
1694491248880 82.82402765591621 48
1694491248979 79.48247599428734 49
