1694490750559 -232.46277158624687 0
1694490750707 -232.41643182856086 1
1694490750878 -232.37010131353293 2
1694490751061 -232.3237800393156 3
1694490751212 -232.27746800406177 4
1694490751375 -232.23116520592478 5
1694490751509 -232.1848716430582 6
1694490751657 -232.13858731361597 7
1694490751779 -232.09231221575266 8
1694490751919 -232.04604634762293 9
1694490752066 -231.9997897073818 10
1694490752199 -231.9535422931849 11
1694490752319 -231.90730410318804 12
1694490752436 -231.86107513554737 13
1694490752584 -231.81485538841957 14
1694490752696 -231.76864485996165 15
1694490752827 -231.7224435483308 16
1694490752972 -231.67625145168478 17
1694490753089 -231.6300685681817 18
1694490753218 -231.58389489598 19
1694490753339 -231.5377304332384 20
1694490753476 -231.49157517811616 21
1694490753600 -231.44542912877287 22
1694490753733 -231.39929228336828 23
1694490753858 -231.35316464006272 24
1694490753983 -231.307046197017 25
1694490754103 -231.26093695239197 26
1694490754274 -231.214836904349 27
1694490754392 -231.1687460510499 28
1694490754504 -231.12266439065687 29
1694490754628 -231.0765919213323 30
1694490754751 -231.0305286412391 31
1694490754871 -230.98447454854042 32
1694490754993 -230.9384296413999 33
1694490755120 -230.89239391798145 34
1694490755255 -230.84636737644945 35
1694490755375 -230.80035001496864 36
1694490755502 -230.75434183170404 37
1694490755620 -230.70834282482107 38
1694490755746 -230.66235299248547 39
1694490755874 -230.6163723328635 40
1694490755999 -230.5704008441216 41
1694490756120 -230.5244385244267 42
1694490756233 -230.47848537194614 43
1694490756376 -230.43254138484747 44
1694490756512 -230.3866065612986 45
1694490756643 -230.3406808994681 46
1694490756783 -230.2947643975246 47
1694490756913 -230.24885705363715 48
1694490757036 -230.20295886597535 49
