1694490750459 169.3026158623934 0
1694490750606 169.26901639120052 1
1694490750751 169.2354236219068 2
1694490750928 169.20183755317234 3
1694490751099 169.16825818365766 4
1694490751255 169.13468551202342 5
1694490751420 169.1011195369306 6
1694490751549 169.06756025704047 7
1694490751692 169.03400767101454 8
1694490751825 169.0004617775146 9
1694490751964 168.96692257520272 10
1694490752108 168.93339006274115 11
1694490752240 168.89986423879253 12
1694490752354 168.8663451020197 13
1694490752476 168.83283265108577 14
1694490752624 168.79932688465414 15
1694490752735 168.76582780138853 16
1694490752863 168.73233539995275 17
1694490753008 168.69884967901106 18
1694490753124 168.6653706372279 19
1694490753256 168.63189827326804 20
1694490753378 168.5984325857964 21
1694490753516 168.56497357347828 22
1694490753639 168.53152123497927 23
1694490753771 168.49807556896505 24
1694490753897 168.46463657410172 25
1694490754019 168.4312042490557 26
1694490754148 168.39777859249347 27
1694490754313 168.36435960308194 28
1694490754428 168.3309472794882 29
1694490754541 168.29754162037977 30
1694490754658 168.26414262442418 31
1694490754791 168.23075029028942 32
1694490754914 168.19736461664374 33
1694490755034 168.16398560215546 34
1694490755156 168.13061324549344 35
1694490755293 168.0972475453266 36
1694490755411 168.06388850032425 37
1694490755542 168.03053610915595 38
1694490755654 167.99719037049147 39
1694490755788 167.9638512830008 40
1694490755914 167.93051884535436 41
1694490756042 167.89719305622268 42
1694490756155 167.8638739142767 43
1694490756274 167.83056141818747 44
1694490756417 167.7972555666264 45
1694490756547 167.7639563582652 46
1694490756684 167.73066379177578 47
1694490756821 167.69737786583028 48
1694490756946 167.6640985791012 49
