1694491038822 0.8077881501839856 0
1694491038962 0.7906677270126969 1
1694491039115 0.8044161788743072 2
1694491039260 0.797031292178509 3
1694491039398 0.8135009983963393 4
1694491039524 0.8104381487133236 5
1694491039658 0.8148732021386421 6
1694491039801 0.8037583529927069 7
1694491039951 0.8158538534333749 8
1694491040097 0.8057830629492849 9
1694491040248 0.815375598688472 10
1694491040392 0.7987247647900466 11
1694491040544 0.8136918471181216 12
1694491040686 0.8132407920612146 13
1694491040834 0.8008471262402926 14
1694491040978 0.8030520295912826 15
1694491041135 0.8124323632290993 16
1694491041265 0.8108718923551296 17
1694491041397 0.8155269743687594 18
1694491041537 0.8126819461456344 19
1694491041678 0.7898709439050868 20
1694491041818 0.8072548189112201 21
1694491041963 0.8137389508203301 22
1694491042095 0.816710080589544 23
1694491042239 0.8136472181347248 24
1694491042376 0.8105255003791063 25
1694491042517 0.8152220120493882 26
1694491042674 0.8112883506838647 27
1694491042817 0.8057749273007954 28
1694491042962 0.8041560932093362 29
1694491043108 0.8005788497696218 30
1694491043243 0.8151478746914016 31
1694491043382 0.8073164183093253 32
1694491043525 0.8044030903781122 33
1694491043676 0.8157050098608278 34
1694491043823 0.8086540085016249 35
1694491043969 0.7910349601166426 36
1694491044110 0.8069573627370479 37
1694491044256 0.8108892510316619 38
1694491044390 0.8064163690635318 39
1694491044531 0.814241238906245 40
1694491044686 0.8136511388316799 41
1694491044837 0.815706694174007 42
1694491044970 0.8119569826643589 43
1694491045109 0.8150749062909269 44
1694491045250 0.8078527601007326 45
1694491045395 0.813490200177356 46
1694491045540 0.8132460779801876 47
1694491045696 0.8168045956057391 48
1694491045834 0.8102020967272643 49
