1694491038764 0.00317299611142191 0
1694491038895 0.05198624357899748 1
1694491039041 0.04828064659923759 2
1694491039197 0.34479229432010977 3
1694491039341 0.0008271470961107533 4
1694491039468 0.0626058207639761 5
1694491039600 0.03479489123192422 6
1694491039733 0.16967022571867404 7
1694491039883 0.0807655807116352 8
1694491040026 0.030481929785022746 9
1694491040178 0.03126870847312742 10
1694491040321 0.0003292818631878938 11
1694491040471 0.0009056669444435825 12
1694491040620 0.0005999289600067029 13
1694491040765 0.0013416126114323469 14
1694491040909 0.17993186459834803 15
1694491041057 0.3490006921957435 16
1694491041207 0.002680263501733573 17
1694491041339 0.006907368143147371 18
1694491041469 0.5007444319491406 19
1694491041611 0.5849861542201444 20
1694491041754 0.14081874699124317 21
1694491041895 0.0021401879056559656 22
1694491042038 2.2115649588451325e-06 23
1694491042173 0.006163399866832177 24
1694491042309 0.00021979781543944672 25
1694491042449 0.0013315374343100138 26
1694491042605 0.04232580026288383 27
1694491042747 0.9521933385388974 28
1694491042894 0.18823364345146693 29
1694491043039 0.13886204283898315 30
1694491043184 0.0007353404623765648 31
1694491043319 0.005780675835935993 32
1694491043457 0.48085001629432134 33
1694491043607 0.057572455101127185 34
1694491043756 0.41283644867434255 35
1694491043900 0.04485773044380907 36
1694491044046 0.14979895051011663 37
1694491044186 1.9764607597549098e-06 38
1694491044332 0.12277638987894586 39
1694491044462 0.14792185117132917 40
1694491044616 0.03609395715737035 41
1694491044765 0.015161559368209966 42
1694491044912 0.1795572235385608 43
1694491045041 0.0034389460759080294 44
1694491045184 0.01629575386964261 45
1694491045326 0.8864688811390566 46
1694491045471 4.131923548990017e-05 47
1694491045625 0.016016735449403848 48
1694491045773 0.0012762825437490303 49
