1694509444952 38.78600046362967 0
1694509445083 9.160463391664882 1
1694509445223 2.4074599473879497 2
1694509445350 0.7305806521398377 3
1694509445474 0.2397714662812821 4
1694509445611 0.23977951457637353 5
1694509445743 0.21148375038814016 6
1694509445864 0.15812235729560328 7
1694509445986 0.16645339411487187 8
1694509446106 0.17593356100555535 9
1694509446233 0.14680020756526774 10
1694509446359 0.09467407919689065 11
1694509446485 0.11049059905513837 12
1694509446613 0.11947193516606779 13
1694509446739 0.19276668044205672 14
1694509446856 0.19067491119268257 15
1694509446980 0.14317766668528464 16
1694509447104 0.14736988961587658 17
1694509447239 0.15648915104203912 18
1694509447382 0.13023872309096293 19
1694509447509 0.11799285323698655 20
1694509447629 0.13569237710713572 21
1694509447752 0.18056379189382604 22
1694509447872 0.08267745034591552 23
1694509447991 0.1412812262001176 24
1694509448114 0.14716100482443042 25
1694509448247 0.1647989697019189 26
1694509448369 0.09276181202078329 27
1694509448493 0.15524810001456443 28
1694509448616 0.1274545081681835 29
1694509448737 0.15436845886407638 30
1694509448854 0.14550152247487744 31
1694509448977 0.1257486737399255 32
1694509449104 0.1686979968326761 33
1694509449229 0.15856925028785773 34
1694509449361 0.15746038238132765 35
1694509449486 0.12338916607369947 36
1694509449622 0.142222084557319 37
1694509449771 0.18227935378602925 38
1694509449922 0.1703562946205333 39
1694509450068 0.162497506420675 40
1694509450209 0.12897419680147548 41
1694509450360 0.12218598439612748 42
1694509450496 0.14447949825706785 43
1694509450627 0.12514342644338367 44
1694509450765 0.10137411381453142 45
1694509450908 0.12316276514533948 46
1694509451049 0.18663477308092177 47
1694509451196 0.11317229323440045 48
1694509451367 0.15338533071937208 49
