1694509526298 -237.76048478261794 0
1694509526538 -233.0472064733197 1
1694509526761 -228.42741024283478 2
1694509526950 -223.89923801549097 3
1694509527149 -219.4608686972314 4
1694509527317 -215.11051743879267 5
1694509527499 -210.84643491357878 6
1694509527657 -206.66690660993655 7
1694509527818 -202.5702521375461 8
1694509527981 -198.5548245476437 9
1694509528125 -194.6190096668008 10
1694509528285 -190.76122544398925 11
1694509528446 -186.97992131066675 12
1694509528646 -183.27357755362317 13
1694509528807 -179.64070470033215 14
1694509528991 -176.07984291655956 15
1694509529162 -172.58956141598284 16
1694509529370 -169.16845788158244 17
1694509529539 -165.81515789856982 18
1694509529750 -162.52831439862203 19
1694509529959 -159.30722195514127 20
1694509530123 -156.14934664603473 21
1694509530289 -153.05404532654094 22
1694509530459 -150.02007498066914 23
1694509530644 -147.0462173216066 24
1694509530791 -144.13127829921942 25
1694509530952 -141.27408761737107 26
1694509531091 -138.47349826086332 27
1694509531238 -135.72897423444672 28
1694509531393 -133.038226647853 29
1694509531558 -130.40077449903217 30
1694509531726 -127.81555935593195 31
1694509531878 -125.28154383962756 32
1694509532047 -122.79771120510362 33
1694509532213 -120.36363360623645 34
1694509532375 -117.97718608888196 35
1694509532534 -115.63799104152271 36
1694509532684 -113.34511023032043 37
1694509532835 -111.09762408108807 38
1694509532995 -108.89518419929793 39
1694509533146 -106.73579035760744 40
1694509533291 -104.61914084182798 41
1694509533446 -102.54438707680603 42
1694509533608 -100.51069736187249 43
1694509533791 -98.51779247527696 44
1694509533949 -96.56379038208752 45
1694509534133 -94.64845528148783 46
1694509534266 -92.77101967916117 47
1694509534406 -90.93125528032844 48
1694509534551 -89.12736561703052 49
