1694509526153 169.34901212942756 0
1694509526366 165.9781622997389 1
1694509526593 162.7024968380865 2
1694509526817 159.49180724265574 3
1694509527012 156.3448016308636 4
1694509527200 153.26021384469487 5
1694509527377 150.23680293785728 6
1694509527550 147.2733526731723 7
1694509527703 144.36867102999798 8
1694509527866 141.52158972148155 9
1694509528030 138.73096372144764 10
1694509528172 135.9956708007274 11
1694509528335 133.31461107274131 12
1694509528489 130.68670654815028 13
1694509528702 128.11090069839358 14
1694509528865 125.58615802793646 15
1694509529048 123.11146365505346 16
1694509529218 120.68582290097612 17
1694509529417 118.30826088723921 18
1694509529596 115.97782214106049 19
1694509529819 113.6935702085943 20
1694509530009 111.45427480518958 21
1694509530180 109.25967410742636 22
1694509530341 107.10856074195227 23
1694509530518 105.00007063139218 24
1694509530694 102.93335689577337 25
1694509530835 100.90758950984065 26
1694509530998 98.92195496720734 27
1694509531135 96.97565595120598 28
1694509531282 95.06763753530986 29
1694509531438 93.19769176174006 30
1694509531608 91.36478309196355 31
1694509531766 89.56817582017868 32
1694509531924 87.80714888001009 33
1694509532095 86.08099555285145 34
1694509532254 84.38877634867787 35
1694509532419 82.73031581445333 36
1694509532581 81.10469162038297 37
1694509532729 79.51125164969265 38
1694509532884 77.94935675965137 39
1694509533046 76.41815443821358 40
1694509533186 74.91749168534663 41
1694509533345 73.4465315309505 42
1694509533494 72.00468420670873 43
1694509533666 70.5913716762919 44
1694509533839 69.20581972832456 45
1694509534004 67.84789635884664 46
1694509534182 66.51684144457978 47
1694509534303 65.2121215971781 48
1694509534442 63.93302109920046 49
