1694508743063 -242.30830128177394 0
1694508743251 -242.25962867490617 1
1694508743410 -242.21096678638872 2
1694508743600 -242.16231561376316 3
1694508743811 -242.1136751545714 4
1694508743970 -242.06504540635606 5
1694508744158 -242.01642636666017 6
1694508744353 -241.96781803302756 7
1694508744530 -241.9192204030025 8
1694508744724 -241.87063347412987 9
1694508744910 -241.82205724395504 10
1694508745066 -241.77349171002416 11
1694508745213 -241.72493686988375 12
1694508745363 -241.676392721081 13
1694508745531 -241.62785926116368 14
1694508745683 -241.57933648768005 15
1694508745848 -241.5308243981791 16
1694508746013 -241.48232299021026 17
1694508746183 -241.43383226132363 18
1694508746354 -241.38535220906977 19
1694508746546 -241.33688283099985 20
1694508746718 -241.28842412466585 21
1694508746900 -241.23997608761988 22
1694508747058 -241.19153871741506 23
1694508747218 -241.14311201160479 24
1694508747385 -241.09469596774312 25
1694508747547 -241.0462905833847 26
1694508747712 -240.99789585608482 27
1694508747882 -240.94951178339923 28
1694508748040 -240.90113836288438 29
1694508748200 -240.8527755920971 30
1694508748382 -240.80442346859493 31
1694508748557 -240.75608198993606 32
1694508748730 -240.707751153679 33
1694508748904 -240.6594309573831 34
1694508749098 -240.61112139860813 35
1694508749294 -240.56282247491447 36
1694508749467 -240.51453418386305 37
1694508749633 -240.46625652301546 38
1694508749794 -240.41798948993377 39
1694508749948 -240.36973308218057 40
1694508750105 -240.32148729731918 41
1694508750262 -240.27325213291343 42
1694508750417 -240.22502758652766 43
1694508750568 -240.1768136557269 44
1694508750729 -240.1286103380766 45
1694508750902 -240.08041763114286 46
1694508751068 -240.03223553249242 47
1694508751242 -239.98406403969244 48
1694508751389 -239.93590315031076 49
