1694508742944 169.19304565992834 0
1694508743119 169.1592012918716 1
1694508743302 169.12536437877733 2
1694508743460 169.09153491893494 3
1694508743659 169.05771291063408 4
1694508743862 169.02389835216485 5
1694508744023 168.9900912418177 6
1694508744221 168.95629157788366 7
1694508744406 168.9224993586539 8
1694508744583 168.88871458242014 9
1694508744781 168.85493724747457 10
1694508744960 168.82116735210963 11
1694508745108 168.7874048946182 12
1694508745264 168.75364987329365 13
1694508745413 168.71990228642966 14
1694508745580 168.68616213232033 15
1694508745733 168.65242940926018 16
1694508745888 168.61870411554415 17
1694508746062 168.5849862494675 18
1694508746233 168.55127580932597 19
1694508746408 168.51757279341564 20
1694508746594 168.48387720003305 21
1694508746777 168.45018902747512 22
1694508746944 168.41650827403913 23
1694508747107 168.38283493802282 24
1694508747273 168.34916901772422 25
1694508747428 168.31551051144194 26
1694508747600 168.2818594174749 27
1694508747758 168.24821573412225 28
1694508747933 168.21457945968388 29
1694508748093 168.18095059245982 30
1694508748251 168.14732913075053 31
1694508748441 168.113715072857 32
1694508748612 168.08010841708045 33
1694508748780 168.04650916172267 34
1694508748971 168.01291730508572 35
1694508749156 167.9793328454721 36
1694508749341 167.9457557811847 37
1694508749522 167.91218611052682 38
1694508749680 167.87862383180212 39
1694508749837 167.8450689433148 40
1694508749998 167.8115214433692 41
1694508750153 167.77798133027036 42
1694508750304 167.7444486023235 43
1694508750465 167.71092325783425 44
1694508750620 167.6774052951088 45
1694508750780 167.6438947124536 46
1694508750948 167.61039150817544 47
1694508751116 167.57689568058174 48
1694508751289 167.54340722798003 49
