1694491016696 75.036164947452 0
1694491016835 43.292637019890535 1
1694491016986 9.868308295567717 2
1694491017121 8.819012374549127 3
1694491017278 3.697787768770435 4
1694491017428 2.6789405092504546 5
1694491017574 1.3685247500971538 6
1694491017717 0.04846305799333219 7
1694491017862 0.44812649693100487 8
1694491018014 0.01677544593830804 9
1694491018162 0.19320519454619858 10
1694491018308 0.13400041718478736 11
1694491018453 0.016767534887906537 12
1694491018599 0.17231795103448608 13
1694491018743 0.11051204037887166 14
1694491018902 0.030164840457660828 15
1694491019052 0.13740061490864294 16
1694491019200 0.015243521911274838 17
1694491019361 0.0052729324542353725 18
1694491019508 0.10992145976386025 19
1694491019648 0.06155852120426592 20
1694491019784 0.03438114155326885 21
1694491019931 0.05007720171502188 22
1694491020082 0.13463085663527613 23
1694491020224 0.5938360120781491 24
1694491020368 0.005598536574190378 25
1694491020517 0.0376747536033054 26
1694491020664 0.11720350267257085 27
1694491020808 0.003078176283572537 28
1694491020947 0.08809289503598713 29
1694491021108 0.0037962747214242932 30
1694491021253 0.007201037457311752 31
1694491021395 0.0001839795539072918 32
1694491021537 0.0014642092608798422 33
1694491021686 0.0009906696052491718 34
1694491021818 0.0009551353314903825 35
1694491021950 0.04483536284993468 36
1694491022090 0.23433026602623672 37
1694491022243 0.2619013935660129 38
1694491022389 0.23146847016707378 39
1694491022520 0.03189399244957022 40
1694491022667 0.13940393956857505 41
1694491022806 0.053954541034835254 42
1694491022936 0.1363512147729947 43
1694491023093 0.0035525987515248026 44
1694491023246 0.0012263813826169701 45
1694491023385 0.0365694198293403 46
1694491023537 0.06476417254821717 47
1694491023672 0.14934772674938832 48
1694491023815 0.020230761528903133 49
