1694420434433 169.34901212942756 0
1694420435051 108.49810427609522 1
1694420435589 70.4068046144422 2
1694420436146 46.397577999328746 3
1694420436756 31.13935044270257 4
1694420437293 21.348363923502234 5
1694420437834 14.99530292530814 6
1694420438443 10.820972036846063 7
1694420439015 8.040117466064988 8
1694420439584 6.160046283245368 9
1694420440136 4.869348040671545 10
1694420440682 3.9694697571105704 11
1694420441249 3.332521682470774 12
1694420441765 2.8751659334104676 13
1694420442312 2.5423868194802064 14
1694420442884 2.297348794794199 15
1694420443357 2.115017108197608 16
1694420443823 1.9781136897335028 17
1694420444370 1.874529677272682 18
1694420444948 1.7956521433919073 19
1694420445511 1.7352688385205153 20
1694420446021 1.6888416094295688 21
1694420446562 1.6530173821613476 22
1694420447147 1.6252940194214094 23
1694420447668 1.6037884657032129 24
1694420448194 1.5870734103255622 25
1694420448694 1.574060538215347 26
1694420449242 1.563915946671539 27
1694420449751 1.555998112344148 28
1694420450307 1.5498119020707772 29
1694420450849 1.5449741575352873 30
1694420451449 1.54118773530132 31
1694420451944 1.5382217939300502 32
1694420452527 1.5358967421187362 33
1694420453109 1.5340726937555524 34
1694420453604 1.5326405802207392 35
1694420454140 1.5315152879424403 36
1694420454725 1.5306303469617024 37
1694420455165 1.529933811971344 38
1694420455639 1.5293850630833605 39
1694420456126 1.528952317778501 40
1694420456582 1.5286106939126995 41
1694420457162 1.528340700417296 42
1694420457703 1.5281270603928176 43
1694420458241 1.5279577928133752 44
1694420458753 1.5278234956171008 45
1694420459172 1.5277167857373626 46
1694420459680 1.5276318615152886 47
1694420460206 1.5275641605960648 48
1694420460735 1.5275100923586895 49
1694420461315 1.5274668285506607 50
1694420461849 1.5274321393945771 51
1694420462346 1.5274042652325839 52
1694420462815 1.527381815955294 53
1694420463385 1.527363692161492 54
