1694345914544 169.4281063198635 0
1694345914785 137.21548551010306 1
1694345915012 111.68333003379063 2
1694345915215 91.3937742380096 3
1694345915487 75.22533572688748 4
1694345915687 62.30241690070824 5
1694345915884 51.940627295762894 6
1694345916102 43.604361915130646 7
1694345916317 36.87387592138614 8
1694345916497 31.41971909203065 9
1694345916696 26.98287557167804 10
1694345916912 23.35932759349838 11
1694345917132 20.38805065757997 12
1694345917313 17.941671227039002 13
1694345917492 15.919191092872257 14
1694345917711 14.240316582359881 15
1694345917903 12.841034575200336 16
1694345918115 11.670157679409979 17
1694345918324 10.686623192130341 18
1694345918529 9.857378719706142 19
1694345918728 9.155724722442677 20
1694345918952 8.560013232337639 21
1694345919146 8.052624463102527 22
1694345919359 7.619160458801599 23
1694345919549 7.247808446778581 24
1694345919735 6.928837052000661 25
1694345919957 6.654196674764018 26
1694345920180 6.417201659439049 27
1694345920363 6.21227679719904 28
1694345920546 6.034754527000414 29
1694345920758 5.880712171701996 30
1694345920992 5.746840860160387 31
1694345921179 5.6303395887077885 32
1694345921383 5.528829280791446 33
1694345921578 5.440282800271453 34
1694345921788 5.362967730611832 35
1694345921969 5.295399402242187 36
1694345922189 5.236302175070037 37
1694345922376 5.184577394596617 38
1694345922589 5.139276763274154 39
1694345922821 5.0995801230235 40
1694345923029 5.064776845279549 41
1694345923212 5.034250183273994 42
1694345923418 5.00746406663075 43
1694345923612 4.983951917850949 44
1694345923787 4.963307149449495 45
1694345923999 4.945175063702014 46
1694345924270 4.929245927553673 47
1694345924500 4.915249035874435 48
1694345924733 4.902947608992703 49
1694345924948 4.892134396926352 50
1694345925137 4.882627884233726 51
1694345925310 4.874269006933315 52
1694345925512 4.866918307281681 53
1694345925725 4.86045346398122 54
1694345925922 4.8547671451087835 55
1694345926103 4.849765139106871 56
1694345926342 4.845364725874587 57
1694345926560 4.841493255586293 58
1694345926785 4.83808690755228 59
1694345926988 4.835089605379333 60
1694345927170 4.832452068019145 61
1694345927387 4.830130979114707 62
1694345927598 4.828088259454459 63
1694345927795 4.826290429390432 64
1694345927990 4.8247080498272625 65
1694345928188 4.823315231890457 66
1694345928382 4.822089206673355 67
1694345928572 4.821009947575016 68
1694345928805 4.820059838702232 69
1694345929009 4.819223383640627 70
1694345929201 4.818486949620758 71
1694345929392 4.81783854273108 72
1694345929585 4.817267610374081 73
1694345929792 4.816764867635887 74
1694345929999 4.816322144652551 75
1694345930172 4.8159322524171655 76
1694345930348 4.815588864786394 77
1694345930545 4.815286414720696 78
1694345930772 4.815020003033083 79
1694345931007 4.814785318132162 80
1694345931221 4.814578565429963 81
1694345931421 4.814396405246753 82
1694345931614 4.814235898187057 83
1694345931800 4.814094457085606 84
1694345931999 4.813969804731045 85
1694345932173 4.81385993667129 86
1694345932402 4.813763088488477 87
1694345932587 4.813677707005422 88
1694345932771 4.813602424950593 89
1694345932966 4.813536038665455 90
1694345933179 4.813477488488404 91
1694345933367 4.813425841493483 92
1694345933556 4.813380276300874 93
