1694491262634 -50.79524384064085 0
1694491262729 -10.578622263009542 1
1694491262833 -1.6827731468558484 2
1694491262929 0.2813710101827471 3
1694491263038 0.7165512490631084 4
1694491263154 0.8114081208417182 5
1694491263260 0.8318386081231579 6
1694491263360 0.8359455715315444 7
1694491263453 0.8366795974697877 8
1694491263556 0.836682094244447 9
1694491263659 0.8366670606152463 10
1694491263766 0.8365806099522197 11
1694491263875 0.8366210160741454 12
1694491263988 0.8365041115426581 13
1694491264097 0.8365613903700208 14
1694491264200 0.836469342489222 15
1694491264297 0.8364834081867855 16
1694491264398 0.8364813004268574 17
1694491264494 0.8365142008068587 18
1694491264603 0.8364423254658155 19
1694491264706 0.8364375413097886 20
1694491264815 0.8364840955312592 21
1694491264924 0.8363942767327451 22
1694491265029 0.8364465540217844 23
1694491265147 0.8364552655128179 24
1694491265256 0.8364971309860685 25
1694491265359 0.8365221635308552 26
1694491265466 0.8364968197356974 27
1694491265564 0.8364619866535231 28
1694491265661 0.8365032716863955 29
1694491265761 0.8365186453637077 30
1694491265860 0.8364499705103298 31
1694491265963 0.8364935600725043 32
1694491266053 0.8364747707290342 33
1694491266147 0.836517768270573 34
1694491266245 0.8364665772563724 35
1694491266340 0.836483114550036 36
1694491266445 0.8364368474140962 37
1694491266556 0.8364790507126856 38
1694491266654 0.836434411755304 39
1694491266760 0.8363926247867853 40
1694491266868 0.836490935854319 41
1694491266975 0.8365170584214313 42
1694491267077 0.8364799561322344 43
1694491267176 0.8364441022732902 44
1694491267316 0.8364873681619407 45
1694491267439 0.8364128817237302 46
1694491267546 0.8364528339728855 47
1694491267651 0.8364944488354763 48
1694491267757 0.8364911039240359 49
