1694510611438 -241.23852007356857 0
1694510611641 -236.43018322540019 1
1694510611831 -231.71741341641098 2
1694510612029 -227.0983106808904 3
1694510612213 -222.57101278579887 4
1694510612387 -218.13369452967257 5
1694510612580 -213.78456700610587 6
1694510612782 -209.5218768818855 7
1694510612965 -205.34390568948325 8
1694510613161 -201.24896913362304 9
1694510613368 -197.2354164116414 10
1694510613572 -193.3016295473671 11
1694510613773 -189.44602273825103 12
1694510613950 -185.66704171548275 13
1694510614122 -181.96316311683543 14
1694510614267 -178.33289387198568 15
1694510614419 -174.77477060006018 16
1694510614588 -171.28735901916622 17
1694510614763 -167.86925336766703 18
1694510614946 -164.51907583696905 19
1694510615105 -161.2354760155913 20
1694510615272 -158.01713034429335 21
1694510615434 -154.8627415820407 22
1694510615612 -151.77103828259325 23
1694510615810 -148.74077428150437 24
1694510615968 -145.77072819332437 25
1694510616132 -142.85970291880477 26
1694510616307 -140.00652516190473 27
1694510616468 -137.2100449564043 28
1694510616638 -134.469135201934 29
1694510616819 -131.78269120923275 30
1694510617000 -129.14963025445078 31
1694510617172 -126.56889114231767 32
1694510617332 -124.03943377799934 33
1694510617492 -121.56023874747049 34
1694510617656 -119.13030690623404 35
1694510617865 -116.74865897622044 36
1694510618042 -114.41433515070509 37
1694510618212 -112.12639470708379 38
1694510618376 -109.88391562735013 39
1694510618561 -107.68599422612131 40
1694510618720 -105.53174478606302 41
1694510618919 -103.42029920056477 42
1694510619080 -101.35080662352324 43
1694510619244 -99.32243312609056 44
1694510619414 -97.33436136025016 45
1694510619582 -95.38579022908374 46
1694510619742 -93.47593456359657 47
1694510619932 -91.6040248059703 48
1694510620156 -89.76930669911604 49
