1694510611271 169.089027582395 0
1694510611510 165.72599766401987 1
1694510611696 162.43321718726466 2
1694510611891 159.2059092558078 3
1694510612095 156.0427719768485 4
1694510612276 152.94252931417063 5
1694510612445 149.9039306076953 6
1694510612644 146.92575006878275 7
1694510612839 144.00678628557432 8
1694510613023 141.1458617381729 9
1694510613226 138.34182232346723 10
1694510613436 135.593536889408 11
1694510613629 132.89989677854737 12
1694510613824 130.2598153806577 13
1694510614002 127.67222769424932 14
1694510614167 125.13608989680986 15
1694510614312 122.65037892359172 16
1694510614470 120.21409205477758 17
1694510614642 117.82624651085781 18
1694510614829 115.48587905605535 19
1694510614997 113.19204560963924 20
1694510615155 110.94382086496873 21
1694510615316 108.74029791611511 22
1694510615481 106.5805878919098 23
1694510615691 104.46381959727137 24
1694510615861 102.38913916166673 25
1694510616018 100.35570969456423 26
1694510616184 98.36271094773979 27
1694510616352 96.40933898430005 28
1694510616522 94.49480585428824 29
1694510616693 92.61833927674226 30
1694510616874 90.77918232807674 31
1694510617051 88.97659313666294 32
1694510617217 87.2098445834833 33
1694510617382 85.47822400874 34
1694510617545 83.7810329242989 35
1694510617708 82.11758673185265 36
1694510617914 80.48721444668968 37
1694510618096 78.88925842695704 38
1694510618261 77.32307410830809 39
1694510618433 75.78802974382788 40
1694510618611 74.28350614913111 41
1694510618773 72.80889645253016 42
1694510618974 71.36360585017165 43
1694510619134 69.94705136604347 44
1694510619292 68.55866161675486 45
1694510619466 67.19787658099487 46
1694510619630 65.86414737357595 47
1694510619805 64.55693602397162 48
1694510620024 63.27571525925877 49
