1694489840204 169.42810631986347 0
1694489840353 166.05396746635364 1
1694489840503 162.75706531554636 2
1694489840620 159.53224498556906 3
1694489840746 156.37786492119994 4
1694489840886 153.29232177782268 5
1694489841010 150.27404956081855 6
1694489841139 147.3215187445523 7
1694489841266 144.4332354122796 8
1694489841407 141.60774041647662 9
1694489841525 138.84360855910532 10
1694489841659 136.13944779133948 11
1694489841781 133.4938984322871 12
1694489841926 130.90563240625727 13
1694489842052 128.37335249812907 14
1694489842190 125.89579162639139 15
1694489842312 123.47171213343302 16
1694489842454 121.09990509267114 17
1694489842615 118.77918963211815 18
1694489842734 116.50841227399448 19
1694489842876 114.28644629000556 20
1694489842999 112.11219107190958 21
1694489843123 109.98457151701236 22
1694489843249 107.90253742823316 23
1694489843384 105.86506292839498 24
1694489843515 103.87114588840038 25
1694489843622 101.91980736896224 26
1694489843746 100.01009107556675 27
1694489843862 98.14106282635355 28
1694489843986 96.31181003260548 29
1694489844100 94.521441191548 30
1694489844227 92.7690853911648 31
1694489844352 91.0538918267441 32
1694489844481 89.3750293288761 33
1694489844608 87.73168590262915 34
1694489844769 86.12306827763878 35
1694489844898 84.54840146884952 36
1694489845017 83.00692834765646 37
1694489845137 81.49790922319882 38
1694489845264 80.0206214335642 39
1694489845384 78.57435894666754 40
1694489845508 77.15843197057484 41
1694489845637 75.77216657304677 42
1694489845765 74.41490431008334 43
1694489845890 73.08600186325472 44
1694489846020 71.78483068561025 45
1694489846141 70.51077665596087 46
1694489846264 69.26323974133645 47
1694489846377 68.04163366742313 48
1694489846499 66.84538559679132 49
