1694508331903 164.51987149010836 0
1694508332034 169.86155841041608 1
1694508332172 155.7909975265194 2
1694508332327 159.5809409859426 3
1694508332477 160.4447877850334 4
1694508332614 158.07192512601847 5
1694508332747 152.2838793911535 6
1694508332885 152.47711616386022 7
1694508333027 147.59714065921725 8
1694508333164 146.61427040915302 9
1694508333300 147.0647529808903 10
1694508333440 143.90416653834603 11
1694508333598 145.17145769810125 12
1694508333743 141.29037949191297 13
1694508333872 137.0198659138826 14
1694508334016 141.44266753230409 15
1694508334147 136.82923703381667 16
1694508334285 133.3535063517596 17
1694508334418 129.1362614021271 18
1694508334554 129.04034181088466 19
1694508334689 129.72520887985684 20
1694508334823 130.3639417550796 21
1694508334959 124.48462197235769 22
1694508335100 117.236407086487 23
1694508335238 125.88021483569506 24
1694508335361 122.0589329143993 25
1694508335500 116.9620638945327 26
1694508335648 117.9808031151652 27
1694508335806 116.77530257485213 28
1694508335943 113.91065242453764 29
1694508336076 109.05268776163375 30
1694508336203 111.10330488855251 31
1694508336334 111.59937334396226 32
1694508336475 108.7427031940949 33
1694508336618 106.8003441701735 34
1694508336746 105.55583779715066 35
1694508336867 104.84501924121862 36
1694508336998 99.30238242356984 37
1694508337121 102.37941956507836 38
1694508337253 101.27667050382782 39
1694508337388 99.38614579770875 40
1694508337529 96.8123648636831 41
1694508337656 95.91364094693078 42
1694508337798 96.01468226045164 43
1694508337949 96.05798738222873 44
1694508338090 94.0069670382356 45
1694508338219 91.25248598673922 46
1694508338351 92.1720461708797 47
1694508338484 96.25894066689708 48
1694508338620 89.50882943027148 49
