1694510420567 -242.183522051966 0
1694510420706 -238.5685620492319 1
1694510420856 -235.00730249096068 2
1694510420992 -231.49902641141625 3
1694510421124 -228.04304902151827 4
1694510421265 -224.63845181224823 5
1694510421394 -221.2844358066042 6
1694510421529 -217.98033937089656 7
1694510421661 -214.72567793962463 8
1694510421797 -211.5193906270808 9
1694510421926 -208.36075158250966 10
1694510422054 -205.24896498160734 11
1694510422181 -202.18357374943278 12
1694510422316 -199.163851675958 13
1694510422456 -196.189241231035 14
1694510422581 -193.25873064868807 15
1694510422703 -190.37191230836885 16
1694510422828 -187.52788142558643 17
1694510422942 -184.72628038374003 18
1694510423055 -181.9664074453315 19
1694510423170 -179.24763521328725 20
1694510423290 -176.5693130350635 21
1694510423407 -173.93072952573937 22
1694510423522 -171.33149767179094 23
1694510423633 -168.77090321651727 24
1694510423745 -166.24847354749457 25
1694510423860 -163.76366148535428 26
1694510423975 -161.31565148993724 27
1694510424088 -158.90419502441483 28
1694510424206 -156.5286012363575 29
1694510424321 -154.18836752311265 30
1694510424436 -151.88303342778698 31
1694510424555 -149.61203004632588 32
1694510424681 -147.37472824948267 33
1694510424822 -145.1707430189196 34
1694510424963 -142.99960732607772 35
1694510425094 -140.86069660069126 36
1694510425221 -138.75369625492613 37
1694510425351 -136.67805546941727 38
1694510425479 -134.6332737826398 39
1694510425609 -132.6189221572883 40
1694510425734 -130.63457071192863 41
1694510425864 -128.67966725122767 42
1694510425997 -126.75383509947244 43
1694510426123 -124.85668006616591 44
1694510426248 -122.98780283174811 45
1694510426378 -121.14669692351076 46
1694510426507 -119.33304604426323 47
1694510426633 -117.54634872785984 48
1694510426761 -115.7862695355511 49
