1694510420462 160.9754436568455 0
1694510420615 157.64639234018287 1
1694510420760 159.4955224343097 2
1694510420905 156.841289144632 3
1694510421038 153.2915989827326 4
1694510421170 153.024914143997 5
1694510421309 152.58889366394462 6
1694510421440 151.1338303838739 7
1694510421574 139.7442475931349 8
1694510421705 139.63511237712618 9
1694510421841 139.27394960828778 10
1694510421970 144.8636151128696 11
1694510422097 141.527735961778 12
1694510422228 137.05725766287875 13
1694510422361 129.11928644328623 14
1694510422499 132.20237695086854 15
1694510422623 127.11415568018184 16
1694510422741 133.1072886649565 17
1694510422868 128.5396050653838 18
1694510422980 124.56864533010264 19
1694510423093 122.4143912979348 20
1694510423208 120.42606281724895 21
1694510423332 122.78507228459664 22
1694510423449 118.6000101560259 23
1694510423560 118.08099178356058 24
1694510423670 114.21196147793738 25
1694510423784 108.91945580321884 26
1694510423902 114.66306923039738 27
1694510424014 108.59108347933432 28
1694510424128 107.47230148936205 29
1694510424246 106.87622980066135 30
1694510424361 102.68323862085158 31
1694510424480 99.78520782790005 32
1694510424594 102.3527027660992 33
1694510424732 99.20589340595976 34
1694510424874 95.90255426592326 35
1694510425008 98.01888164599757 36
1694510425139 93.88021016346954 37
1694510425268 92.58539389226299 38
1694510425393 91.95257604296178 39
1694510425524 90.8273324877909 40
1694510425652 88.74336146211384 41
1694510425781 90.31269742334537 42
1694510425911 89.70925744945156 43
1694510426041 87.86988907984019 44
1694510426165 84.54449200947627 45
1694510426293 85.47854653923723 46
1694510426422 81.96465370131277 47
1694510426549 80.89651177620244 48
1694510426676 78.88350997230589 49
