1694510018887 0.701769490503334 0
1694510019070 0.8366242735460725 1
1694510019225 0.836678081789014 2
1694510019394 0.836350690884681 3
1694510019549 0.8358730594790155 4
1694510019707 0.8364008254427698 5
1694510019909 0.8363930226817086 6
1694510020097 0.8362172620141008 7
1694510020271 0.8364065220138021 8
1694510020453 0.8361186690012375 9
1694510020621 0.8363191422481359 10
1694510020792 0.8357840928989044 11
1694510020988 0.8364806953330907 12
1694510021184 0.8357889983126299 13
1694510021368 0.8365286560161959 14
1694510021554 0.8359264621809801 15
1694510021763 0.8361923723866067 16
1694510021954 0.836517815838124 17
1694510022134 0.836435905873821 18
1694510022312 0.8360229283734114 19
1694510022491 0.836041053118938 20
1694510022681 0.8362460145173614 21
1694510022873 0.8363501345071047 22
1694510023043 0.8360465881397487 23
1694510023210 0.8363956673849139 24
1694510023385 0.8359982734686403 25
1694510023586 0.8366618675590076 26
1694510023829 0.8361180785861959 27
1694510024162 0.8352295248337285 28
1694510024488 0.8357482832388964 29
1694510024678 0.8360478506264737 30
1694510024845 0.8362517598717464 31
1694510025035 0.8365310611641561 32
1694510025221 0.8352400111673896 33
1694510025416 0.8362683958669394 34
1694510025624 0.8362621842070561 35
1694510025826 0.8363208762740273 36
1694510025994 0.836132546567087 37
1694510026161 0.8366664534058456 38
1694510026335 0.8362122378716331 39
1694510026507 0.8350130347322481 40
1694510026716 0.8364444175476637 41
1694510026895 0.8363340868485443 42
1694510027060 0.8366458436181923 43
1694510027215 0.836431906677438 44
1694510027385 0.8365969693418458 45
1694510027552 0.8362334137069405 46
1694510027704 0.8366494174079785 47
1694510027861 0.8358016491088069 48
1694510028026 0.8363225470676017 49
