1694510018812 0.9680785690057958 0
1694510018993 0.48515278954899643 1
1694510019148 0.05551769776242358 2
1694510019317 0.07341869521518914 3
1694510019473 0.20806752300355572 4
1694510019627 0.022499580180142198 5
1694510019822 0.045579800695906225 6
1694510020015 0.2512746554493182 7
1694510020184 0.04256053177240263 8
1694510020361 0.1324431685372897 9
1694510020538 0.140688764613815 10
1694510020709 2.9632445503183627e-07 11
1694510020900 0.15484834151200247 12
1694510021094 0.0015019239282539564 13
1694510021273 0.0006330074100883505 14
1694510021463 0.07576965337002435 15
1694510021660 0.045901472677856235 16
1694510021865 0.004150804198791843 17
1694510022047 0.10559505315565604 18
1694510022220 0.5974588199886267 19
1694510022401 0.007375709012502681 20
1694510022599 0.05984713800032588 21
1694510022788 0.0003550717115938601 22
1694510022957 0.005945924435842369 23
1694510023129 0.4361111487071537 24
1694510023303 0.06015517456171133 25
1694510023489 0.15820856083556772 26
1694510023732 0.1500484457946717 27
1694510024066 0.01626048698193698 28
1694510024396 0.000483381077017662 29
1694510024590 0.11388293252204056 30
1694510024764 0.015343163465534427 31
1694510024952 0.14139361702921371 32
1694510025136 0.06818588030059543 33
1694510025330 0.13207349318504083 34
1694510025531 0.6659315006582902 35
1694510025735 0.000709488732791716 36
1694510025913 0.014548727968785343 37
1694510026078 2.2533716621739465e-06 38
1694510026248 0.41182984351640095 39
1694510026421 0.06791425026470374 40
1694510026626 0.10190312548508443 41
1694510026807 0.026863306872264632 42
1694510026981 0.8614610381899974 43
1694510027141 0.00227702859673258 44
1694510027312 0.022076837344228207 45
1694510027474 0.4466286798141816 46
1694510027631 0.4520348446945006 47
1694510027783 0.26342443090436396 48
1694510027946 0.24247217717551794 49
