1694490530770 145.561208535517 0
1694490530876 128.12423385256562 1
1694490530981 108.91864976201269 2
1694490531074 96.92266705057172 3
1694490531175 79.11842204628257 4
1694490531275 72.0163029274589 5
1694490531376 61.12304002868228 6
1694490531477 52.4387177032091 7
1694490531580 46.415209740870324 8
1694490531681 37.43769600022546 9
1694490531772 33.92664891122113 10
1694490531866 30.867296906511534 11
1694490531969 24.44437383246498 12
1694490532070 21.03085330758094 13
1694490532168 19.81386871171839 14
1694490532271 16.796564548831803 15
1694490532372 14.56795051082275 16
1694490532474 11.889056481529458 17
1694490532563 10.551509257173667 18
1694490532665 8.963309576879391 19
1694490532765 8.309365048317648 20
1694490532863 7.391734879667547 21
1694490532969 5.784401078683977 22
1694490533075 5.458555071454832 23
1694490533165 4.747736833818461 24
1694490533267 4.537051722193242 25
1694490533370 3.12010343610925 26
1694490533470 2.8992702002345823 27
1694490533567 2.5684148947601284 28
1694490533657 2.4210992293911575 29
1694490533752 2.079303502318826 30
1694490533853 2.0681538214099926 31
1694490533961 1.6205156889858054 32
1694490534065 1.5009300671521608 33
1694490534166 1.3927599649361104 34
1694490534266 1.0151665911796233 35
1694490534362 0.9939762526279907 36
1694490534454 0.9275380488801784 37
1694490534556 0.734295298152608 38
1694490534657 0.5032890928456996 39
1694490534751 0.7116156867856253 40
1694490534857 0.6034112367698378 41
1694490534952 0.5062781246458835 42
1694490535057 0.5933741516979937 43
1694490535157 0.4098117937371134 44
1694490535262 0.44265784072579767 45
1694490535358 0.42128612988983 46
1694490535458 0.28232848863762194 47
1694490535559 0.30811406123776824 48
1694490535658 0.3168218876732514 49
