1694509708582 169.25643881615395 0
1694509708800 165.90884274041326 1
1694509708997 162.630590966336 2
1694509709160 159.41743614188616 3
1694509709334 156.27025188264304 4
1694509709525 153.18552406306154 5
1694509709725 150.16201025789692 6
1694509709910 147.19849279267385 7
1694509710076 144.29357250628226 8
1694509710244 141.4464922201519 9
1694509710429 138.6558989375342 10
1694509710613 135.92066914522712 11
1694509710838 133.2394971711635 12
1694509711050 130.61171392366913 13
1694509711228 128.03605619403774 14
1694509711406 125.51148734215545 15
1694509711582 123.03678814622283 16
1694509711758 120.61137038598446 17
1694509711940 118.23405389180833 18
1694509712131 115.90388217301957 19
1694509712331 113.61991778857086 20
1694509712518 111.38103855505423 21
1694509712731 109.18675199828193 22
1694509712936 107.03597104677598 23
1694509713127 104.92783073181984 24
1694509713314 102.86128148551165 25
1694509713485 100.83589729891642 26
1694509713675 98.85066088013059 27
1694509713847 96.90477412448543 28
1694509714072 94.99725463940993 29
1694509714259 93.12773737657405 30
1694509714441 91.29526960630008 31
1694509714610 89.49911491401268 32
1694509714801 87.73835305722535 33
1694509714978 86.01267488262532 34
1694509715167 84.32118740305609 35
1694509715360 82.66321112075074 36
1694509715538 81.03788330087426 37
1694509715758 79.44494602450271 38
1694509715939 77.88356159415976 39
1694509716128 76.35290954064435 40
1694509716325 74.85276355085874 41
1694509716531 73.38232669543288 42
1694509716697 71.94100869012242 43
1694509716859 70.52803918580426 44
1694509717040 69.14323602500693 45
1694509717214 67.78585047482755 46
1694509717374 66.45533786232373 47
1694509717565 65.15097422805363 48
1694509717749 63.87261785756325 49
