1694491387371 -241.23852007356857 0
1694491387549 -236.43018322540019 1
1694491387705 -231.71741341641098 2
1694491387838 -227.0983106808904 3
1694491387963 -222.57101278579887 4
1694491388097 -218.13369452967257 5
1694491388239 -213.78456700610587 6
1694491388383 -209.5218768818855 7
1694491388529 -205.34390568948325 8
1694491388667 -201.24896913362304 9
1694491388790 -197.2354164116414 10
1694491388918 -193.3016295473671 11
1694491389047 -189.44602273825103 12
1694491389184 -185.66704171548275 13
1694491389308 -181.96316311683543 14
1694491389441 -178.33289387198568 15
1694491389573 -174.77477060006018 16
1694491389700 -171.28735901916622 17
1694491389857 -167.86925336766703 18
1694491390021 -164.51907583696905 19
1694491390141 -161.2354760155913 20
1694491390280 -158.01713034429335 21
1694491390413 -154.8627415820407 22
1694491390550 -151.77103828259322 23
1694491390678 -148.74077428150434 24
1694491390813 -145.77072819332435 25
1694491390937 -142.85970291880474 26
1694491391055 -140.00652516190468 27
1694491391178 -137.21004495640423 28
1694491391314 -134.46913520193397 29
1694491391444 -131.78269120923272 30
1694491391570 -129.14963025445076 31
1694491391708 -126.56889114231765 32
1694491391839 -124.0394337779993 33
1694491391972 -121.56023874747048 34
1694491392118 -119.13030690623403 35
1694491392245 -116.7486589762204 36
1694491392369 -114.41433515070507 37
1694491392496 -112.12639470708378 38
1694491392632 -109.88391562735009 39
1694491392762 -107.68599422612131 40
1694491392890 -105.531744786063 41
1694491393015 -103.42029920056476 42
1694491393143 -101.35080662352321 43
1694491393280 -99.32243312609053 44
1694491393407 -97.33436136025013 45
1694491393550 -95.38579022908372 46
1694491393674 -93.47593456359654 47
1694491393804 -91.60402480597028 48
1694491393937 -89.76930669911602 49
