1694509851093 -241.784731283602 0
1694509851300 -241.30739375270704 1
1694509851543 -240.830998868203 2
1694509851787 -240.35554481290293 3
1694509852015 -239.88102972483324 4
1694509852205 -239.40745174571109 5
1694509852390 -238.93480902093685 6
1694509852581 -238.46309969958642 7
1694509852747 -237.99232193440434 8
1694509852923 -237.52247388179615 9
1694509853136 -237.05355370182133 10
1694509853307 -236.58555955818602 11
1694509853469 -236.11848961823583 12
1694509853638 -235.6523420529483 13
1694509853806 -235.18711503692626 14
1694509853974 -234.7228067483901 15
1694509854129 -234.25941536917094 16
1694509854299 -233.79718762256607 17
1694509854457 -233.33586958079647 18
1694509854627 -232.8754619363383 19
1694509854792 -232.41596288888036 20
1694509854969 -231.9577956183916 21
1694509855135 -231.5005277595463 22
1694509855324 -231.0441617896792 23
1694509855510 -230.5886959260351 24
1694509855684 -230.1341283894344 25
1694509855865 -229.68045740421906 26
1694509856049 -229.22768119824562 27
1694509856224 -228.7757980028785 28
1694509856396 -228.3248060529824 29
1694509856588 -227.87470358691627 30
1694509856781 -227.42548884652567 31
1694509856998 -226.977160077136 32
1694509857165 -226.52971552754593 33
1694509857322 -226.08315345002012 34
1694509857524 -225.63747210028265 35
1694509857699 -225.19266973750993 36
1694509857861 -224.74874462432405 37
1694509858027 -224.30569502678583 38
1694509858195 -223.86351921438805 39
1694509858380 -223.42221546004868 40
1694509858542 -222.98178204010404 41
1694509858722 -222.54221723430211 42
1694509858893 -222.10351932579556 43
1694509859063 -221.66568660113532 44
1694509859256 -221.22871735026362 45
1694509859449 -220.7926098665072 46
1694509859618 -220.357362446571 47
1694509859787 -219.92297339053104 48
1694509859959 -219.48944100182786 49
