1694508664531 -241.61564237358095 0
1694508664716 -236.8037886928876 1
1694508664886 -232.0970615366206 2
1694508665060 -227.49306861842726 3
1694508665229 -222.98947334580245 4
1694508665406 -218.5839935076612 5
1694508665573 -214.27439999303454 6
1694508665745 -210.05851554014905 7
1694508665919 -205.93421351516676 8
1694508666084 -201.8994167198797 9
1694508666260 -197.95209622767072 10
1694508666422 -194.09027024706756 11
1694508666612 -190.31200301223433 12
1694508666788 -186.61540369975936 13
1694508666954 -182.9986253711139 14
1694508667129 -179.45986394017154 15
1694508667294 -175.99735716519146 16
1694508667490 -172.60938366468486 17
1694508667717 -169.29426195659542 18
1694508667917 -166.05034952024036 19
1694508668093 -162.87604188047035 20
1694508668273 -159.76977171351967 21
1694508668458 -156.73000797403233 22
1694508668649 -153.75525504275822 23
1694508668880 -150.84405189443075 24
1694508669068 -147.9949712853437 25
1694508669248 -145.20661896016068 26
1694508669412 -142.4776328774991 27
1694508669595 -139.80668245384302 28
1694508669777 -137.19246782534856 29
1694508669919 -134.63371912711744 30
1694508670087 -132.12919578952253 31
1694508670239 -129.67768585118137 32
1694508670399 -127.27800528818085 33
1694508670564 -124.9289973591679 34
1694508670743 -122.62953196592831 35
1694508670905 -120.37850502908682 36
1694508671099 -118.17483787856796 37
1694508671278 -116.01747665846788 38
1694508671461 -113.9053917459948 39
1694508671621 -111.83757718414327 40
1694508671780 -109.81305012777678 41
1694508671943 -107.83085030279977 42
1694508672093 -105.89003947810855 43
1694508672261 -103.98970095001717 44
1694508672424 -102.12893903886277 45
1694508672580 -100.30687859750023 46
1694508672746 -98.52266453140496 47
1694508672913 -96.77546133010723 48
1694508673072 -95.06445260968961 49
