1694508664396 169.35907331336244 0
1694508664590 165.99008793319877 1
1694508664764 162.69480133837357 2
1694508664938 159.4715352145621 3
1694508665108 156.3186503336886 4
1694508665278 153.23454563271147 5
1694508665461 150.2176573142561 6
1694508665626 147.266457968575 7
1694508665798 144.37945571632858 8
1694508665968 141.55519337169036 9
1694508666133 138.7922476252937 10
1694508666308 136.08922824654783 11
1694508666466 133.44477730486244 12
1694508666669 130.85756840933132 13
1694508666843 128.3263059664354 14
1694508667000 125.84972445533724 15
1694508667176 123.42658772034824 16
1694508667349 121.05568828016035 17
1694508667546 118.73584665344325 18
1694508667764 116.4659107004184 19
1694508667972 114.2447549800295 20
1694508668151 112.07128012233886 21
1694508668330 109.9444122157875 22
1694508668519 107.86310220896559 23
1694508668707 105.8263253265484 24
1694508668943 103.8330804990608 25
1694508669123 101.88238980614184 26
1694508669303 99.97329793298815 27
1694508669466 98.10487163966312 28
1694508669649 96.27619924296629 29
1694508669820 94.48639011056392 30
1694508669968 92.7345741670897 31
1694508670139 91.01990141193116 32
1694508670290 89.34154144842381 33
1694508670450 87.69868302418223 34
1694508670617 86.09053358230344 35
1694508670788 84.51631882318395 36
1694508670958 82.97528227669876 37
1694508671152 81.46668488449599 38
1694508671334 79.98980459216646 39
1694508671508 78.54393595105451 40
1694508671664 77.12838972947998 41
1694508671829 75.74249253314899 42
1694508671990 74.38558643453406 43
1694508672146 73.05702861101183 44
1694508672310 71.75619099154922 45
1694508672463 70.48245991173617 46
1694508672627 69.23523577696571 47
1694508672802 68.01393273356891 48
1694508672960 66.81797834771513 49
