1694489692519 -242.2396953202294 0
1694489692627 -238.63209963705378 1
1694489692730 -235.0834244409175 2
1694489692829 -231.5927218442314 3
1694489692930 -228.15906342816044 4
1694489693027 -224.78129609567526 5
1694489693127 -221.4584712566498 6
1694489693229 -218.18973938599683 7
1694489693330 -214.9743497948627 8
1694489693439 -211.81106824457615 9
1694489693538 -208.6992346844035 10
1694489693633 -205.63798571523282 11
1694489693729 -202.62631291432075 12
1694489693816 -199.66350879410209 13
1694489693919 -196.74873696483908 14
1694489694016 -193.8811339149998 15
1694489694119 -191.05993984001566 16
1694489694219 -188.28426182822417 17
1694489694322 -185.55346805280124 18
1694489694418 -182.8667860509774 19
1694489694513 -180.22352580374192 20
1694489694612 -177.62270937182365 21
1694489694710 -175.063782771944 22
1694489694813 -172.54607401641897 23
1694489694905 -170.06867913725324 24
1694489695005 -167.6311438413015 25
1694489695094 -165.23281391375298 26
1694489695190 -162.87293355612675 27
1694489695289 -160.55080935112673 28
1694489695389 -158.2658408428547 29
1694489695491 -156.01748088492937 30
1694489695578 -153.80505149018404 31
1694489695675 -151.62793894767515 32
1694489695774 -149.48557530677618 33
1694489695874 -147.3772088323242 34
1694489695974 -145.3026300003457 35
1694489696064 -143.26110783744082 36
1694489696161 -141.25203324433727 37
1694489696257 -139.2747679492938 38
1694489696346 -137.32902209224432 39
1694489696454 -135.41407705858884 40
1694489696549 -133.52946906093354 41
1694489696639 -131.67475614609842 42
1694489696738 -129.8492352318071 43
1694489696837 -128.05264658510671 44
1694489696935 -126.2844322594766 45
1694489697029 -124.54406404125095 46
1694489697125 -122.83121995883936 47
1694489697226 -121.14530981031228 48
1694489697328 -119.48585687528877 49
