1694489692433 160.0100851784425 0
1694489692556 162.85777562004822 1
1694489692664 161.76832171284263 2
1694489692764 158.5429113567675 3
1694489692864 154.07968512086734 4
1694489692964 155.69636170436408 5
1694489693061 155.60988551110546 6
1694489693162 152.557891251936 7
1694489693264 144.94492539519095 8
1694489693367 149.32852759672375 9
1694489693477 143.5297235408941 10
1694489693569 140.41632056882383 11
1694489693669 141.78539967699336 12
1694489693758 137.55818157626757 13
1694489693851 133.69009039530084 14
1694489693955 134.77070377891582 15
1694489694052 130.17685672530314 16
1694489694151 131.12700094936278 17
1694489694256 127.54671031225067 18
1694489694353 125.48778068550777 19
1694489694451 119.17103075976043 20
1694489694547 123.26703130693342 21
1694489694645 121.59803823486932 22
1694489694744 116.57766263920203 23
1694489694847 120.87942749368752 24
1694489694939 116.3190673996786 25
1694489695039 110.93843836248081 26
1694489695123 109.72797998164272 27
1694489695223 111.50576896991761 28
1694489695323 109.9901224069055 29
1694489695423 107.2529082769005 30
1694489695522 104.47772831314013 31
1694489695606 104.4806907113242 32
1694489695708 103.62942622944036 33
1694489695808 107.19864660835188 34
1694489695908 99.18422612850738 35
1694489696009 94.56190294201396 36
1694489696094 94.85275465437266 37
1694489696195 97.55148406369362 38
1694489696285 91.43562898316164 39
1694489696382 92.66172337299504 40
1694489696492 92.01180611779253 41
1694489696578 89.30462664357027 42
1694489696672 93.70384522968891 43
1694489696772 90.04533401521276 44
1694489696870 87.06900501269621 45
1694489696968 88.15849153833916 46
1694489697058 83.39933653408943 47
1694489697160 84.0445778236543 48
1694489697261 85.44571116582918 49
