1694346121567 169.42810631986347 0
1694346121792 137.21548551010306 1
1694346121989 111.38624894062767 2
1694346122196 90.55706245245747 3
1694346122375 73.74682527747193 4
1694346122581 60.168406498495266 5
1694346122779 49.19013246932161 6
1694346122996 40.304939967337816 7
1694346123189 33.10566683309124 8
1694346123373 27.264564985099117 9
1694346123567 22.52032230019837 10
1694346123781 18.660846895148595 11
1694346124037 15.516218122685135 12
1694346124237 12.94970519229984 13
1694346124433 10.851222720497491 14
1694346124648 9.131544237137193 15
1694346124844 7.7203336361107056 16
1694346125048 6.559279642811467 17
1694346125248 5.601808214631366 18
1694346125478 4.8098433530403994 19
1694346125675 4.153868445832053 20
1694346125865 3.6087306532522767 21
1694346126062 3.1544380171574233 22
1694346126320 2.774378926192935 23
1694346126539 2.4561656943424652 24
1694346126752 2.188636431878542 25
1694346126971 1.9627093737522976 26
1694346127150 1.7718937199363118 27
1694346127347 1.609995205917541 28
1694346127554 1.4719239746030153 29
1694346127757 1.354312238399692 30
1694346127962 1.2534089902903391 31
1694346128153 1.1669420306831493 32
1694346128362 1.0924970077261598 33
1694346128578 1.0280052695065045 34
1694346128778 0.9723568652258067 35
1694346128972 0.9239066890655891 36
1694346129165 0.8818851701795503 37
1694346129379 0.8452630606895415 38
1694346129583 0.8130813528240728 39
1694346129769 0.7850625107947167 40
1694346129992 0.7603523520728817 41
1694346130193 0.7387517750287939 42
1694346130391 0.7196442869151766 43
1694346130604 0.7028817741914102 44
1694346130812 0.6880168911785042 45
1694346131023 0.6749355637184367 46
1694346131233 0.6633899376170072 47
1694346131436 0.6530304083594999 48
1694346131644 0.6439617981167431 49
1694346131863 0.6358154011580874 50
1694346132079 0.6286658689311011 51
1694346132277 0.622237896037217 52
1694346132477 0.61658412739202 53
1694346132699 0.6114977679680271 54
1694346132948 0.6070157106799787 55
1694346133126 0.6029815893783564 56
1694346133295 0.599421251293644 57
1694346133509 0.5962155591045445 58
1694346133737 0.5933828016189302 59
1694346133950 0.5908313902842599 60
1694346134138 0.5885746032444219 61
1694346134340 0.5865412726008414 62
1694346134567 0.5847415015722192 63
1694346134755 0.5831192742736683 64
1694346134984 0.5816828225458079 65
1694346135195 0.5803873751934899 66
1694346135382 0.5792402032270955 67
1694346135570 0.578204873840947 68
1694346135778 0.5772883207691928 69
1694346135988 0.5764602824182241 70
1694346136207 0.5757277714845347 71
1694346136424 0.5750650782424565 72
1694346136644 0.5744795625014034 73
1694346136860 0.5739488545448987 74
1694346137089 0.5734808249512043 75
1694346137305 0.5730555362272471 76
1694346137508 0.572681460674848 77
1694346137721 0.5723404128066937 78
1694346137915 0.5720415078831996 79
1694346138129 0.5717678029596205 80
1694346138324 0.5715290642315668 81
1694346138547 0.5713092102465855 82
1694346138723 0.5711186445301084 83
1694346138936 0.5709418628231818 84
1694346139161 0.5707898789860406 85
1694346139379 0.5706475546570074 86
1694346139559 0.5705264793209688 87
1694346139750 0.5704117243548701 88
1694346139946 0.5703154163118841 89
1694346140132 0.5702227218123803 90
1694346140318 0.570146264659873 91
1694346140499 0.5700712237000481 92
1694346140723 0.5700106805865714 93
1694346140930 0.5699497671326281 94
1694346141128 0.5699019849072984 95
1694346141322 0.5698523773375134 96
1694346141537 0.5698148300509432 97
1694346141759 0.5697742701880028 98
1694346141962 0.5697449339730831 99
1694346142206 0.5697116144275451 100
1694346142447 0.5696888674260859 101
1694346142652 0.56966134152892 102
1694346142853 0.5696438838233179 103
