1694510294675 -238.98168206330584 0
1694510294823 -235.40739667897725 1
1694510294962 -231.8862590161521 2
1694510295121 -228.41771985674458 3
1694510295266 -225.00107187602876 4
1694510295407 -221.63529614471327 5
1694510295548 -218.3195903095538 6
1694510295690 -215.05336113182304 7
1694510295845 -211.83571915287985 8
1694510295984 -208.66604958676237 9
1694510296135 -205.54373760810435 10
1694510296279 -202.46785829955724 11
1694510296422 -199.43777004491358 12
1694510296560 -196.4530141303972 13
1694510296701 -193.51275109948025 14
1694510296850 -190.61626041806764 15
1694510296990 -187.7629188938249 16
1694510297130 -184.95205528532912 17
1694510297269 -182.1830996584176 18
1694510297404 -179.45529037942114 19
1694510297557 -176.7682266722802 20
1694510297701 -174.12130686280852 21
1694510297840 -171.5138325807337 22
1694510297986 -168.94520774375508 23
1694510298126 -166.4148923224329 24
1694510298274 -163.9222588537298 25
1694510298421 -161.4667226614136 26
1694510298565 -159.04783862341145 27
1694510298709 -156.6650045027288 28
1694510298857 -154.31766869980856 29
1694510299002 -152.005327722747 30
1694510299143 -149.72747654009183 31
1694510299287 -147.4834889512864 32
1694510299430 -145.2728557084833 33
1694510299575 -143.0953213277269 34
1694510299717 -140.95025309685101 35
1694510299863 -138.83704787338968 36
1694510300010 -136.7553408072638 37
1694510300143 -134.7046478334331 38
1694510300281 -132.68454085548112 39
1694510300429 -130.69451540039626 40
1694510300578 -128.73419378832853 41
1694510300718 -126.80308675951693 42
1694510300863 -124.90074184248019 43
1694510301014 -123.02674424830843 44
1694510301155 -121.18077418300955 45
1694510301298 -119.3622185978099 46
1694510301441 -117.57079841411404 47
1694510301583 -115.80610474379941 48
1694510301727 -114.06770378707971 49
