1694510294581 168.01861868294074 0
1694510294722 167.5145704070354 1
1694510294870 169.7719792384046 2
1694510295019 162.94520830790998 3
1694510295170 152.238383963842 4
1694510295315 151.57739155565594 5
1694510295455 153.68008197893613 6
1694510295595 148.44850157602733 7
1694510295739 151.1812622389595 8
1694510295893 148.8079825331613 9
1694510296036 139.52750071911936 10
1694510296185 144.61804941042269 11
1694510296329 142.33944410487072 12
1694510296469 134.79122747977755 13
1694510296606 131.6222899990833 14
1694510296749 130.99180371826904 15
1694510296898 131.22291160721213 16
1694510297038 130.33520008287184 17
1694510297177 128.14001999205385 18
1694510297315 130.68730679716506 19
1694510297463 126.4077556111697 20
1694510297605 120.0276058355915 21
1694510297748 117.84533522936822 22
1694510297893 118.0443483545241 23
1694510298033 113.97270062519848 24
1694510298172 113.41337295850325 25
1694510298326 114.10765451690263 26
1694510298469 111.47973958091495 27
1694510298615 108.41652872730165 28
1694510298756 107.1573514202948 29
1694510298905 106.5641530495745 30
1694510299050 103.31386653517826 31
1694510299193 104.3229360411666 32
1694510299335 106.38575135296217 33
1694510299479 98.4068573358286 34
1694510299624 96.67500424714616 35
1694510299766 99.12469041420849 36
1694510299911 98.49587127975792 37
1694510300056 96.80258501548462 38
1694510300191 94.25421441210683 39
1694510300329 92.4525470053584 40
1694510300479 89.55986848657167 41
1694510300625 88.97915086682198 42
1694510300767 88.53397427391427 43
1694510300911 86.63282909876253 44
1694510301062 81.54198030277252 45
1694510301204 85.10874703794079 46
1694510301345 82.09379080105963 47
1694510301490 79.07024964614988 48
1694510301631 78.56217734873857 49
