1694507874118 -6.654142931810022 0
1694507874397 -5.895006124514896 1
1694507874687 -5.844734336359715 2
1694507874912 -5.98643171757845 3
1694507875147 -5.881946274988028 4
1694507875386 -5.846792138307402 5
1694507875621 -5.968915199321772 6
1694507875877 -5.852847497789007 7
1694507876131 -5.922632469024809 8
1694507876368 -5.8632387200455565 9
1694507876605 -5.907162927886996 10
1694507876852 -5.865550380387939 11
1694507877120 -5.831845143154883 12
1694507877371 -5.849834736074205 13
1694507877646 -5.912081872201073 14
1694507877915 -5.902848358000091 15
1694507878182 -5.8687390347840065 16
1694507878484 -5.881420779966288 17
1694507878761 -5.874269992018251 18
1694507879027 -5.937422183534209 19
1694507879347 -5.906158289780957 20
1694507879649 -5.8901402583744265 21
1694507879952 -5.969916941066283 22
1694507880233 -5.869551237824725 23
1694507880523 -5.845900910900667 24
1694507880817 -5.896198324304317 25
1694507881093 -5.896328924147595 26
1694507881342 -5.843506512526411 27
1694507881612 -5.856200328315119 28
1694507881872 -5.889969587826121 29
1694507882149 -5.914582091580503 30
1694507882419 -5.899137201214464 31
1694507882700 -5.84420701251063 32
1694507882978 -5.9254317604529865 33
1694507883262 -5.817659478596075 34
1694507883551 -5.887676285912455 35
1694507883836 -5.971288353809171 36
1694507884100 -5.899459598385184 37
1694507884368 -5.892499346492982 38
1694507884654 -5.887588518623995 39
1694507884928 -5.9001828409834465 40
1694507885204 -5.905888933292421 41
1694507885456 -5.834805356595419 42
1694507885717 -5.847992480925793 43
1694507885975 -5.884138089823539 44
1694507886230 -5.8616964567084375 45
1694507886483 -5.876534307372663 46
1694507886735 -5.9243277484555845 47
1694507886995 -5.840781448585843 48
1694507887281 -5.891043032537277 49
