1694507873965 4.63647834365116 0
1694507874252 3.700544526736636 1
1694507874540 1.424159566831008 2
1694507874807 6.137318170277961 3
1694507875036 7.587407143307077 4
1694507875277 7.1054856662308525 5
1694507875514 1.2165591912585279 6
1694507875762 4.59296138088608 7
1694507876017 4.621477896528845 8
1694507876254 3.5925254944008813 9
1694507876491 3.083030453402792 10
1694507876744 5.567028948176923 11
1694507876972 4.704456038966037 12
1694507877245 6.08253412833341 13
1694507877508 3.639370770776708 14
1694507877781 6.45317475958377 15
1694507878056 4.074400239795464 16
1694507878325 5.355196939648924 17
1694507878631 3.140582097094868 18
1694507878894 3.9924580504926093 19
1694507879213 8.862416885033129 20
1694507879488 5.867854378266434 21
1694507879798 2.271363773760142 22
1694507880083 5.617146222785834 23
1694507880371 3.444296688213083 24
1694507880674 5.243570157383122 25
1694507880961 3.8381019401118417 26
1694507881213 5.0134198251166815 27
1694507881477 5.692112261678475 28
1694507881733 5.6957294586384215 29
1694507882010 4.645588971722114 30
1694507882279 4.17986995816177 31
1694507882554 4.272576096105505 32
1694507882832 6.322440843705175 33
1694507883113 3.278061644605563 34
1694507883401 5.4457528559425095 35
1694507883702 2.6154762621495538 36
1694507883967 3.2648297778683575 37
1694507884219 5.330403033711407 38
1694507884503 4.06751676902206 39
1694507884784 6.419172866821089 40
1694507885063 5.142691766857213 41
1694507885333 3.564102022186017 42
1694507885583 4.158616782589617 43
1694507885841 5.244132737484351 44
1694507886105 8.450275469618603 45
1694507886355 7.806398470442903 46
1694507886616 3.290164765812607 47
1694507886865 5.264077480346998 48
1694507887142 9.687936257393329 49
