1694490168306 -118.795811378163 0
1694490168466 -60.604218362551144 1
1694490168609 -30.832269049056134 2
1694490168752 -15.565866725774644 3
1694490168900 -7.7163072971488464 4
1694490169045 -3.6650101421091463 5
1694490169196 -1.5655797899588757 6
1694490169341 -0.46917687427029 7
1694490169481 0.10806436433588551 8
1694490169618 0.4151601807065848 9
1694490169748 0.5804253594297424 10
1694490169881 0.6713918026880392 11
1694490170019 0.7224941610619869 12
1694490170165 0.7518496329909494 13
1694490170307 0.7691832439183525 14
1694490170453 0.7793294896820798 15
1694490170597 0.7858435758226587 16
1694490170744 0.7902736178455778 17
1694490170890 0.7932716898762061 18
1694490171046 0.7947731700595841 19
1694490171190 0.7960899293586171 20
1694490171336 0.7966183200777606 21
1694490171477 0.7974682584508961 22
1694490171613 0.7981235755079945 23
1694490171749 0.7985987917014509 24
1694490171888 0.7987269622054832 25
1694490172044 0.7987854616904049 26
1694490172183 0.7985458161483496 27
1694490172329 0.7986061438230082 28
1694490172475 0.7986859290121737 29
1694490172611 0.7987412812343737 30
1694490172757 0.7988774255016842 31
1694490172896 0.7987196481556983 32
1694490173025 0.7988781987358518 33
1694490173157 0.7989362248186407 34
1694490173301 0.7990546616475427 35
1694490173455 0.798830664500198 36
1694490173612 0.7988598817246046 37
1694490173766 0.7990530276233108 38
1694490173914 0.7991223264246117 39
1694490174062 0.7990962956200546 40
1694490174207 0.7990414623164943 41
1694490174350 0.7988652986455972 42
1694490174493 0.7989032290881745 43
1694490174638 0.7990751802498769 44
1694490174779 0.7991465078172781 45
1694490174925 0.799434640467096 46
1694490175071 0.7993884984095969 47
1694490175213 0.7990540224833345 48
1694490175358 0.7990838282101852 49
