1694490168238 71.42519279010216 0
1694490168396 50.240236876041706 1
1694490168543 22.218894050606494 2
1694490168687 14.039569073005422 3
1694490168831 4.724345544841698 4
1694490168977 1.6055637892564174 5
1694490169129 3.351470349096562 6
1694490169275 1.022464272822068 7
1694490169422 1.8075023901505636 8
1694490169555 0.29511063736722465 9
1694490169692 0.21326175730127228 10
1694490169820 0.05252233311714353 11
1694490169960 0.18626119366145583 12
1694490170096 0.09815546215033144 13
1694490170240 0.7655240991349513 14
1694490170386 0.061441757089940305 15
1694490170529 0.0039464532277951065 16
1694490170675 0.03912638787044871 17
1694490170822 0.00858064427819465 18
1694490170979 0.14608925678229845 19
1694490171123 0.25331764308260557 20
1694490171273 0.2796252908579492 21
1694490171409 0.009106088360559605 22
1694490171554 0.02654681518193648 23
1694490171689 0.17761053118676537 24
1694490171828 0.2524886792869664 25
1694490171976 0.0697912061397717 26
1694490172121 0.5369781193629308 27
1694490172261 0.13892303959937244 28
1694490172408 0.008614738651693859 29
1694490172554 0.19714177389192505 30
1694490172693 0.0029901787280680356 31
1694490172831 0.009371271585233109 32
1694490172968 0.02493738781569197 33
1694490173096 1.0374560313881738 34
1694490173234 0.0044063503127219185 35
1694490173384 1.015391544827938 36
1694490173535 0.007411896518799517 37
1694490173699 0.009696640213512698 38
1694490173849 0.33955589675426473 39
1694490174001 0.14754724360891772 40
1694490174138 0.017495716399265095 41
1694490174284 0.3721141358834489 42
1694490174424 0.10622497015287176 43
1694490174569 0.7229251953265311 44
1694490174713 0.07571116773498812 45
1694490174858 0.6247178171390715 46
1694490175004 0.011993238456742586 47
1694490175149 0.7423530091076436 48
1694490175288 0.9665092492444718 49
