1694509643950 -232.20599819499705 0
1694509644123 -231.7479803933055 1
1694509644290 -231.29082563928594 2
1694509644491 -230.83457525658883 3
1694509644670 -230.37922527256097 4
1694509644841 -229.92477392869407 5
1694509645000 -229.47121725810078 6
1694509645182 -229.01855793445932 7
1694509645365 -228.5667919060313 8
1694509645554 -228.1159174292889 9
1694509645735 -227.6659304602215 10
1694509645926 -227.21683386971034 11
1694509646093 -226.76862352706203 12
1694509646261 -226.3212977036116 13
1694509646448 -225.87485227873992 14
1694509646627 -225.42929031916216 15
1694509646823 -224.98460761575828 16
1694509647000 -224.54080245460955 17
1694509647173 -224.0978706389999 18
1694509647371 -223.65581543011834 19
1694509647539 -223.21463254094326 20
1694509647727 -222.77432027218657 21
1694509647918 -222.33487435154322 22
1694509648108 -221.89629823332572 23
1694509648282 -221.45858755313233 24
1694509648453 -221.0217406261909 25
1694509648633 -220.585753105112 26
1694509648812 -220.15062863599056 27
1694509649010 -219.71636277756284 28
1694509649214 -219.28295385945856 29
1694509649403 -218.85039745970573 30
1694509649591 -218.41869741484942 31
1694509649782 -217.98784920727866 32
1694509649967 -217.5578511809123 33
1694509650132 -217.12869883969356 34
1694509650336 -216.70039620929518 35
1694509650508 -216.27293869627022 36
1694509650687 -215.8463246587144 37
1694509650860 -215.4205495269813 38
1694509651057 -214.99561751455744 39
1694509651257 -214.5715239526679 40
1694509651446 -214.14826721347427 41
1694509651615 -213.7258426542319 42
1694509651854 -213.30425467493657 43
1694509652034 -212.88349853199006 44
1694509652197 -212.46357261150945 45
1694509652379 -212.04447219814023 46
1694509652576 -211.62620187709192 47
1694509652775 -211.20875683044412 48
1694509652974 -210.79213545815995 49
