1694509643833 169.4281063198635 0
1694509644000 169.08916366678721 1
1694509644164 168.75713975813662 2
1694509644347 168.42572290253116 3
1694509644539 168.09498002866562 4
1694509644718 167.76488977119396 5
1694509644893 167.43545103539887 6
1694509645055 167.10664285981164 7
1694509645235 166.77850350377082 8
1694509645430 166.451011613428 9
1694509645614 166.12416610426055 10
1694509645794 165.79794602623383 11
1694509645981 165.472389646434 12
1694509646155 165.14747562233364 13
1694509646319 164.82320287952243 14
1694509646503 164.4995504795109 15
1694509646683 164.17655669666584 16
1694509646879 163.8542001998974 17
1694509647049 163.5324799248254 18
1694509647231 163.21137494461556 19
1694509647429 162.89092354045317 20
1694509647591 162.5711043928009 21
1694509647784 162.25191644722725 22
1694509647979 161.93333878866167 23
1694509648160 161.61540970465046 24
1694509648331 161.29810788732235 25
1694509648500 160.981432292114 26
1694509648692 160.66536201582554 27
1694509648875 160.34993535191143 28
1694509649072 160.03513100427872 29
1694509649278 159.72094793815197 30
1694509649464 159.40736526230788 31
1694509649645 159.09442127566095 32
1694509649835 158.78209469400707 33
1694509650014 158.47038449227952 34
1694509650192 158.1592697913357 35
1694509650392 157.84878889510674 36
1694509650564 157.53892053138657 37
1694509650742 157.22966368473837 38
1694509650915 156.9209974882035 39
1694509651114 156.6129602502903 40
1694509651311 156.30553071089906 41
1694509651498 155.99870786414456 42
1694509651681 155.69247085535366 43
1694509651908 155.38685799717769 44
1694509652082 155.08184804172947 45
1694509652250 154.77743999259806 46
1694509652447 154.47361300749623 47
1694509652632 154.1704054027881 48
1694509652834 153.86779594290434 49
