1694508178877 -61.882775245752015 0
1694508179045 -21.927284643237595 1
1694508179218 -11.397242872018987 2
1694508179392 -8.054437654222012 3
1694508179562 -6.864102051965075 4
1694508179730 -6.399760550168401 5
1694508179888 -6.225029384052162 6
1694508180054 -6.164689661492978 7
1694508180222 -6.128761041590798 8
1694508180397 -6.1042596734300725 9
1694508180609 -6.101136263949692 10
1694508180808 -6.111346647331259 11
1694508181009 -6.103573166393244 12
1694508181226 -6.094226003643145 13
1694508181464 -6.098740644241276 14
1694508181663 -6.111031413528898 15
1694508181852 -6.093606418242251 16
1694508182054 -6.098846181517759 17
1694508182245 -6.103906853155509 18
1694508182457 -6.106436620496856 19
1694508182646 -6.111422045469041 20
1694508182839 -6.106506134103498 21
1694508183028 -6.099065215145867 22
1694508183232 -6.096880859889445 23
1694508183425 -6.099415200711479 24
1694508183638 -6.091809847866491 25
1694508183859 -6.097990023823138 26
1694508184063 -6.092230097687828 27
1694508184264 -6.095856621084302 28
1694508184457 -6.096346769084333 29
1694508184649 -6.103780087643198 30
1694508184849 -6.1060139453547615 31
1694508185018 -6.105965569253645 32
