1694508178762 43.61683296260031 0
1694508178932 15.419587447975912 1
1694508179105 8.537410654980883 2
1694508179274 6.399617330538797 3
1694508179452 5.517353573048872 4
1694508179623 5.147822843397357 5
1694508179784 4.9248329397828545 6
1694508179942 4.945411029669554 7
1694508180110 5.0160385908916165 8
1694508180283 4.566420159684088 9
1694508180454 4.707714827325733 10
1694508180687 5.195322156914102 11
1694508180873 4.621148412427965 12
1694508181082 5.157542472950721 13
1694508181302 4.607977708362822 14
1694508181535 4.319323997666214 15
1694508181732 4.905997921227821 16
1694508181923 4.446637852102497 17
1694508182125 5.001701795485408 18
1694508182317 4.994574275155369 19
1694508182522 4.782732805068988 20
1694508182713 4.479171201792344 21
1694508182901 5.053407172768995 22
1694508183096 5.086799342224481 23
1694508183300 4.9499908022930095 24
1694508183502 4.895766392037702 25
1694508183720 4.963181691584614 26
1694508183931 4.34056801784592 27
1694508184132 4.769595291673088 28
1694508184332 4.843778234236755 29
1694508184522 4.312758086189339 30
1694508184719 4.652647942567263 31
1694508184907 4.761403186563967 32
