1694506878250 -57.60012233537224 0
1694506878598 -16.410719583940114 1
1694506878949 -6.03251164348373 2
1694506879270 -2.9518098969901456 3
1694506879603 -1.883848270176359 4
1694506879924 -1.4644494704750795 5
1694506880249 -1.2972631635326524 6
1694506880547 -1.2252084511517412 7
1694506880847 -1.190317395038941 8
1694506881173 -1.1774273214445836 9
1694506881521 -1.1749363375634654 10
1694506881845 -1.1690877206906158 11
1694506882192 -1.1662970645924764 12
1694506882503 -1.1645908316590754 13
1694506882845 -1.16481850722421 14
1694506883119 -1.167436306475231 15
1694506883378 -1.1643613400680919 16
1694506883723 -1.1621718093661602 17
1694506884040 -1.16119291971021 18
1694506884336 -1.1678620481111817 19
1694506884613 -1.1673263749618479 20
1694506884931 -1.168044560710713 21
1694506885231 -1.161889872558155 22
1694506885502 -1.164238286675661 23
1694506885836 -1.1659354026658537 24
1694506886122 -1.1669934822151502 25
1694506886413 -1.1636841843081736 26
1694506886766 -1.1657398673092838 27
1694506887118 -1.1642861253227528 28
1694506887470 -1.1696777587271843 29
1694506887799 -1.1695369456109175 30
1694506888102 -1.1694766365986218 31
1694506888403 -1.1666138247766251 32
1694506888722 -1.1665589240760696 33
1694506889029 -1.1645683663024906 34
1694506889313 -1.1628499993168653 35
1694506889572 -1.1652160175269723 36
1694506889924 -1.1632505851152528 37
1694506890259 -1.1573003464459388 38
1694506890589 -1.161504886915591 39
1694506890876 -1.163595581092888 40
1694506891209 -1.1626128247455534 41
1694506891532 -1.1628078448087558 42
1694506891833 -1.1655724153672735 43
1694506892121 -1.1586705500552092 44
1694506892458 -1.1649818684380544 45
1694506892776 -1.165459531368878 46
1694506893072 -1.1715622824804144 47
1694506893380 -1.1706297651440152 48
1694506893717 -1.163688204447317 49
