1694506878045 37.03088978300614 0
1694506878390 8.242708981953793 1
1694506878725 2.0338915829522577 2
1694506879079 1.774392797534788 3
1694506879394 1.1600422740184027 4
1694506879754 1.3735991399924818 5
1694506880054 1.380003671006745 6
1694506880369 1.8996478131440169 7
1694506880672 2.0427009970478136 8
1694506880976 2.3675025783184473 9
1694506881318 0.90410349776847 10
1694506881651 2.6808182925965993 11
1694506881978 1.4764394647393992 12
1694506882313 0.22245831563146629 13
1694506882638 2.6283643869110622 14
1694506882964 0.2762940210035924 15
1694506883233 0.7083139482485525 16
1694506883515 0.558019200649215 17
1694506883863 1.56932215825818 18
1694506884163 0.8693020314458483 19
1694506884451 2.3133305177735006 20
1694506884732 1.4942108752463081 21
1694506885061 2.291982361602778 22
1694506885353 2.2460110032098672 23
1694506885634 2.6920387385138884 24
1694506885963 0.8401896687569426 25
1694506886236 1.4247429808377818 26
1694506886548 0.6601646006349428 27
1694506886909 1.443390789198971 28
1694506887254 0.907222839035166 29
1694506887605 0.4405094126011193 30
1694506887924 2.019093789570675 31
1694506888239 1.0352176468967267 32
1694506888534 2.0402551846344235 33
1694506888862 0.737907650502264 34
1694506889148 1.1559173275115338 35
1694506889421 2.2865759868802664 36
1694506889715 3.3289184702139174 37
1694506890057 1.3175450390636205 38
1694506890389 2.4675826384390662 39
1694506890727 2.0484075341297716 40
1694506891014 1.6131920294273 41
1694506891330 1.769227856939513 42
1694506891647 1.712507416703898 43
1694506891952 3.0380211344575097 44
1694506892251 1.0876445389035518 45
1694506892602 0.7151676914206745 46
1694506892903 1.670704235705692 47
1694506893182 1.0209774781989076 48
1694506893521 1.1833131906067647 49
