1694508540335 169.08902758239503 0
1694508540522 169.0552299450877 1
1694508540707 169.02143974409177 2
1694508540929 168.9876569777033 3
1694508541097 168.95388164421888 4
1694508541259 168.92011374193547 5
1694508541424 168.88635326915042 6
1694508541640 168.85260022416136 7
1694508541851 168.81885460526647 8
1694508542021 168.78511641076432 9
1694508542219 168.75138563895376 10
1694508542395 168.71766228813422 11
1694508542577 168.6839463566054 12
1694508542741 168.6502378426674 13
1694508542911 168.6165367446207 14
1694508543078 168.58284306076627 15
1694508543279 168.5491567894055 16
1694508543449 168.51547792883997 17
1694508543645 168.4818064773719 18
1694508543832 168.4481424333038 19
1694508543995 168.41448579493849 20
1694508544175 168.38083656057935 21
1694508544367 168.34719472853013 22
1694508544554 168.31356029709488 23
1694508544736 168.27993326457806 24
1694508544904 168.24631362928466 25
1694508545094 168.21270138951994 26
1694508545264 168.17909654358957 27
1694508545435 168.1454990897996 28
1694508545610 168.11190902645666 29
1694508545824 168.0783263518675 30
1694508546016 168.04475106433947 31
1694508546231 168.01118316218026 32
1694508546416 167.97762264369788 33
1694508546619 167.94406950720085 34
1694508546810 167.910523750998 35
1694508546988 167.87698537339864 36
1694508547185 167.84345437271244 37
1694508547367 167.80993074724938 38
1694508547532 167.77641449531995 39
1694508547735 167.74290561523497 40
1694508547950 167.7094041053058 41
1694508548151 167.67590996384394 42
1694508548341 167.6424231891615 43
1694508548525 167.6089437795709 44
1694508548706 167.57547173338492 45
1694508548908 167.54200704891682 46
1694508549106 167.50854972448022 47
1694508549277 167.47509975838912 48
1694508549474 167.44165714895794 49
