1694510427407 -229.52396087724085 0
1694510427540 -226.08914110666183 1
1694510427670 -222.705513177746 2
1694510427809 -219.37230468595462 3
1694510427946 -216.08892905378517 4
1694510428086 -212.8546113366919 5
1694510428218 -209.6684054112576 6
1694510428344 -206.52967266030717 7
1694510428474 -203.43779152418688 8
1694510428606 -200.39208343815196 9
1694510428737 -197.39162856543558 10
1694510428871 -194.43604283341259 11
1694510429004 -191.52450618406846 12
1694510429142 -188.65632493738735 13
1694510429291 -185.83101034565888 14
1694510429419 -183.04770928031255 15
1694510429547 -180.3060324457414 16
1694510429682 -177.60518123754736 17
1694510429820 -174.94458310287982 18
1694510429949 -172.3237026222001 19
1694510430079 -169.74188512499234 20
1694510430202 -167.19860549705888 21
1694510430339 -164.69319575513168 22
1694510430465 -162.22508514947637 23
1694510430593 -159.7938707406141 24
1694510430719 -157.39884545172114 25
1694510430847 -155.03952128511628 26
1694510430979 -152.71542246903414 27
1694510431118 -150.42599333265275 28
1694510431253 -148.1707667370161 29
1694510431399 -145.9490116748943 30
1694510431529 -143.76041406637614 31
1694510431661 -141.6044884303132 32
1694510431792 -139.48067610591357 33
1694510431922 -137.3885641890455 34
1694510432058 -135.32763559517898 35
1694510432195 -133.29743698569968 36
1694510432329 -131.29749731534847 37
1694510432458 -129.3273223699505 38
1694510432590 -127.38658926627983 39
1694510432722 -125.47483070387429 40
1694510432851 -123.59151301401468 41
1694510432988 -121.73637253296664 42
1694510433116 -119.9087777701098 43
1694510433254 -118.10839173830706 44
1694510433385 -116.33499255801748 45
1694510433524 -114.58795203606911 46
1694510433661 -112.86694680192937 47
1694510433798 -111.1716476244715 48
1694510433933 -109.50157291807697 49
