1694510427319 169.5609461278501 0
1694510427454 166.24833396573646 1
1694510427584 165.36567033408232 2
1694510427718 165.62573521056592 3
1694510427858 155.46293828513876 4
1694510427995 149.75611819393905 5
1694510428131 152.22975667496556 6
1694510428260 152.90976689251372 7
1694510428387 149.11676297958283 8
1694510428520 142.878350128844 9
1694510428653 147.73347455379803 10
1694510428784 139.37108862268533 11
1694510428914 139.04017888309087 12
1694510429050 138.81685546808842 13
1694510429191 133.04867538831442 14
1694510429335 136.14463498004199 15
1694510429462 128.60274544541699 16
1694510429591 129.02285886048173 17
1694510429728 128.93165110439804 18
1694510429863 124.11412204534383 19
1694510429989 123.90188393186578 20
1694510430120 119.39998812632597 21
1694510430245 119.59724897815553 22
1694510430382 120.89307798032475 23
1694510430508 115.65479500125983 24
1694510430636 116.44968731791207 25
1694510430761 114.65348886947136 26
1694510430891 111.22925288418146 27
1694510431025 108.02382371931606 28
1694510431163 103.1262109973518 29
1694510431307 108.92163358739309 30
1694510431443 107.03117820649314 31
1694510431573 102.98847999492408 32
1694510431706 103.21831721499584 33
1694510431837 100.55360882164052 34
1694510431970 98.46025066302258 35
1694510432106 97.88644062628968 36
1694510432239 96.3011014066407 37
1694510432373 97.89084027604454 38
1694510432503 93.05805725393581 39
1694510432635 90.22975786084943 40
1694510432768 91.44594076569314 41
1694510432897 85.72540499074775 42
1694510433032 89.92316476295 43
1694510433165 90.62501480041101 44
1694510433298 82.53469641479258 45
1694510433431 84.4548157331024 46
1694510433571 83.98626808542767 47
1694510433712 80.58981051216212 48
1694510433843 81.45987242241462 49
