1694490773437 -227.8441003038903 0
1694490773566 -223.3291695608979 1
1694490773710 -218.90374027048293 2
1694490773845 -214.56603438493772 3
1694490773992 -210.31430918105858 4
1694490774151 -206.1468566031769 5
1694490774279 -202.0620025728849 6
1694490774407 -198.0581063125171 7
1694490774526 -194.13355968211187 8
1694490774658 -190.2867865295841 9
1694490774786 -186.51624205384738 10
1694490774911 -182.82037061831852 11
1694490775036 -179.19777573025434 12
1694490775170 -175.64695689013703 13
1694490775316 -172.16648863757882 14
1694490775449 -168.75492450013456 15
1694490775574 -165.41099802479997 16
1694490775708 -162.13331330126422 17
1694490775839 -158.92055494358897 18
1694490775955 -155.77137713241223 19
1694490776083 -152.6846335437481 20
1694490776270 -149.65902470882523 21
1694490776411 -146.69333680946713 22
1694490776540 -143.7863168313297 23
1694490776668 -140.93692942587342 24
1694490776795 -138.1439640528916 25
1694490776914 -135.40630061315463 26
1694490777049 -132.7227716604042 27
1694490777183 -130.0924443676442 28
1694490777308 -127.51419019527253 29
1694490777441 -124.98690423862719 30
1694490777560 -122.50971995018286 31
1694490777680 -120.08156883687643 32
1694490777806 -117.70147771786576 33
1694490777937 -115.36841570939494 34
1694490778070 -113.08160578169246 35
1694490778207 -110.84005045606325 36
1694490778356 -108.64285167691528 37
1694490778508 -106.48904687758076 38
1694490778629 -104.37794174025059 39
1694490778770 -102.30860426310475 40
1694490778908 -100.28020571169026 41
1694490779039 -98.29184650155078 42
1694490779171 -96.34290874217699 43
1694490779303 -94.43252080172167 44
1694490779427 -92.55982987261778 45
1694490779557 -90.72426609691588 46
1694490779677 -88.92500277529443 47
1694490779805 -87.16131984659897 48
1694490779929 -85.43241889998484 49
