1694490773349 169.26407505712683 0
1694490773472 165.9216053454161 1
1694490773607 162.648765854908 2
1694490773755 159.44081350260024 3
1694490773881 156.29645886483414 4
1694490774034 153.21443814415593 5
1694490774191 150.19351269250456 6
1694490774315 147.2324685102573 7
1694490774449 144.3301157552616 8
1694490774568 141.4852882616549 9
1694490774698 138.6968430682758 10
1694490774827 135.96365995647596 11
1694490774950 133.28444891318185 12
1694490775079 130.65851875818674 13
1694490775209 128.08462188690476 14
1694490775365 125.56172479921197 15
1694490775488 123.08862263348205 16
1694490775613 120.66470670191747 17
1694490775747 118.28881112605988 18
1694490775873 115.95998224167697 19
1694490775998 113.67709393293575 20
1694490776128 111.43961326927622 21
1694490776309 109.24644996066675 22
1694490776448 107.09672400669847 23
1694490776570 104.98938212203505 24
1694490776701 102.9239609296878 25
1694490776831 100.89944005999403 26
1694490776954 98.91500748180178 27
1694490777090 96.96967727730714 28
1694490777222 95.06304990992015 29
1694490777342 93.19416969550039 30
1694490777475 91.36210006586111 31
1694490777595 89.56648190378725 32
1694490777721 87.80640686564847 33
1694490777837 86.08116946681372 34
1694490777978 84.38989164351669 35
1694490778107 82.73226938481153 36
1694490778247 81.10745071510289 37
1694490778400 79.51478462957147 38
1694490778548 77.95344737321788 39
1694490778689 76.42318547991442 40
1694490778809 74.92319913844325 41
1694490778948 73.45288761321186 42
1694490779080 72.01147740541087 43
1694490779210 70.59876139562122 44
1694490779345 69.21398805320406 45
1694490779469 67.8564212499657 46
1694490779594 66.52588208898072 47
1694490779718 65.22165489994703 48
1694490779845 63.94321774919749 49
