1694348843435 169.34901212942756 0
1694348843655 137.1671117638377 1
1694348843867 111.6566935591743 2
1694348844065 91.382245903277 3
1694348844308 75.22407662670184 4
1694348844493 62.30793542598359 5
1694348844714 51.95043578202883 6
1694348844917 43.61671355469532 7
1694348845149 36.88756526694054 8
1694348845358 31.43393223293305 9
1694348845546 26.997078643932763 10
1694348845767 23.373184559333286 11
1694348845987 20.401363218982375 12
1694348846208 17.954335327260306 13
1694348846409 15.931165742895724 14
1694348846647 14.251601767653405 15
1694348846838 12.851655795318917 16
1694348847033 11.68015528993121 17
1694348847250 10.696045190939245 18
1694348847463 9.86627597827711 19
1694348847662 9.164147932655371 20
1694348847885 8.568011040847242 21
1694348848087 8.060242414537075 22
1694348848282 7.626440478770623 23
1694348848471 7.254788675694066 24
1694348848654 6.935551898597203 25
1694348848821 6.66067699971882 26
1694348849020 6.423475028984669 27
1694348849207 6.218367767352937 28
1694348849401 6.040684933432176 29
1694348849596 5.886501410114667 30
1694348849783 5.752506148691707 31
1694348849984 5.635896208218504 32
1694348850183 5.534290791693177 33
1694348850387 5.445661236252108 34
1694348850607 5.368273770594729 35
1694348850814 5.300642522413534 36
1694348850988 5.241490783000452 37
1694348851190 5.189718947484286 38
1694348851397 5.144377872229194 39
1694348851648 5.104646645148045 40
1694348851863 5.069813965109626 41
1694348852035 5.039262484958356 42
1694348852228 5.0124555980403755 43
1694348852421 4.988926247647726 44
1694348852614 4.968267417995922 45
1694348852807 4.950124028566466 46
1694348853017 4.93418600425639 47
1694348853244 4.920182334426832 48
1694348853447 4.907875966704535 49
1694348853664 4.8970594078897625 50
1694348853862 4.887550925838441 51
1694348854066 4.87919126372156 52
1694348854257 4.871840792412911 53
1694348854460 4.865377038544545 54
1694348854669 4.859692535493848 55
1694348854867 4.854692952620691 56
1694348855066 4.850295464772173 57
1694348855248 4.846427329665745 58
1694348855452 4.843024645450326 59
1694348855657 4.840031264690207 60
1694348855830 4.8373978443482475 61
1694348856020 4.835081014168312 62
1694348856230 4.833042648257559 63
1694348856451 4.831249226716559 64
1694348856656 4.829671275916684 65
1694348856841 4.828282877526323 66
1694348857040 4.827061237679256 67
1694348857244 4.825986308791615 68
1694348857451 4.825040457495591 69
1694348857648 4.824208172989968 70
1694348857830 4.82347581082913 71
1694348858061 4.822831367798339 72
1694348858275 4.822264284067937 73
1694348858466 4.821765269293382 74
1694348858678 4.821326149741324 75
1694348858900 4.820939733882862 76
1694348859089 4.8205996942102365 77
1694348859281 4.8203004633086195 78
1694348859486 4.820037142455901 79
1694348859696 4.819805421234116 80
1694348859890 4.819601506821302 81
1694348860083 4.819422061794335 82
1694348860284 4.819264149415553 83
1694348860507 4.819125185500435 84
1694348860705 4.819002896073093 85
1694348860904 4.818895280112301 86
1694348861114 4.8188005767749935 87
1694348861346 4.818717236558431 88
1694348861532 4.818643895926953 89
1694348861710 4.818579354986746 90
1694348861940 4.818522557842048 91
1694348862132 4.81847257531041 92
