1694509741214 -231.68462843519592 0
1694509741406 -231.2227626455525 1
1694509741616 -230.7618182150542 2
1694509741807 -230.30179330151793 3
1694509742019 -229.8426860664491 4
1694509742215 -229.3844946750344 5
1694509742403 -228.9272172961341 6
1694509742608 -228.470852102275 7
1694509742784 -228.01539726964282 8
1694509742942 -227.56085097807514 9
1694509743132 -227.10721141105384 10
1694509743314 -226.6544767556979 11
1694509743513 -226.20264520275606 12
1694509743717 -225.75171494659963 13
1694509743910 -225.30168418521518 14
1694509744078 -224.8525511201973 15
1694509744284 -224.40431395674125 16
1694509744487 -223.95697090363612 17
1694509744675 -223.51071781387674 18
1694509744861 -223.06535427264137 19
1694509745064 -222.62087850279954 20
1694509745252 -222.17728873077598 21
1694509745455 -221.73458318654343 22
1694509745662 -221.2927601036157 23
1694509745869 -220.85181771904016 24
1694509746093 -220.41175427339115 25
1694509746268 -219.97256801076264 26
1694509746473 -219.5342571787613 27
1694509746645 -219.09682002849922 28
1694509746839 -218.66025481458732 29
1694509747024 -218.224559795128 30
1694509747189 -217.7897332317082 31
1694509747345 -217.35577338939268 32
1694509747527 -216.9226785367166 33
1694509747704 -216.4904469456789 34
1694509747869 -216.0590768917355 35
1694509748042 -215.6285666537918 36
1694509748210 -215.19891451419647 37
1694509748382 -214.7701187587341 38
1694509748551 -214.3421776766184 39
1694509748721 -213.91508956048543 40
1694509748888 -213.48885270638672 41
1694509749083 -213.06346541378238 42
1694509749245 -212.63892598553423 43
1694509749407 -212.2152327278992 44
1694509749572 -211.79238395052235 45
1694509749746 -211.37037796643006 46
1694509749946 -210.9492130920234 47
1694509750113 -210.52888764707126 48
1694509750280 -210.10939995470372 49
