1694509741077 169.05950275891504 0
1694509741262 168.7238543182941 1
1694509741459 168.38887566584032 2
1694509741677 168.05456546187065 3
1694509741867 167.7209223693853 4
1694509742069 167.38794505406267 5
1694509742262 167.05563218425385 6
1694509742458 166.72398243097734 7
1694509742666 166.39299446791372 8
1694509742832 166.0626669714001 9
1694509742999 165.73299862042504 10
1694509743186 165.40398809662318 11
1694509743379 165.0756340842698 12
1694509743566 164.74793527027572 13
1694509743765 164.42089034418183 14
1694509743966 164.094497998154 15
1694509744147 163.76875692697752 16
1694509744341 163.44366582805227 17
1694509744546 163.1192234013872 18
1694509744735 162.79571063793188 19
1694509744914 162.47284283464208 20
1694509745119 162.1506187026555 21
1694509745301 161.82903695568888 22
1694509745513 161.5080963100333 23
1694509745719 161.18779548454873 24
1694509745935 160.8681332006589 25
1694509746145 160.5491081823464 26
1694509746324 160.23071915614722 27
1694509746526 159.91296485114597 28
1694509746705 159.59584399897042 29
1694509746893 159.2793553337868 30
1694509747085 158.96349759229437 31
1694509747235 158.64826951372052 32
1694509747396 158.3336698398157 33
1694509747577 158.01969731484834 34
1694509747755 157.70635068559966 35
1694509747919 157.39362870135906 36
1694509748086 157.08153011391852 37
1694509748259 156.77005367756817 38
1694509748428 156.4591981490907 39
1694509748601 156.14896228775686 40
1694509748773 155.8393448553203 41
1694509748939 155.53034461601243 42
1694509749122 155.22196033653773 43
1694509749297 154.91419078606867 44
1694509749457 154.60703473624065 45
1694509749615 154.30049096114735 46
1694509749802 153.99455823733547 47
1694509749996 153.6892353438001 48
1694509750164 153.38452106197968 49
