1694506723832 0.8997872435325776 0
1694506724270 2.043965988555467 1
1694506724721 3.826607002324124 2
1694506725149 1.73148326717121 3
1694506725604 1.7958890216872636 4
1694506726039 1.1906568081335125 5
1694506726465 1.058241353710492 6
1694506726897 2.161204880081551 7
1694506727349 1.525599598896935 8
1694506727799 1.0588890665495432 9
1694506728229 0.7060836060683329 10
1694506728667 1.9644049653261437 11
1694506729062 1.554460407163146 12
1694506729419 1.7511834070946963 13
1694506729775 3.9126027777427144 14
1694506730146 0.9936374887793109 15
1694506730509 0.6233555945021134 16
1694506730827 1.1015634971872517 17
1694506731180 1.0977215173426222 18
1694506731460 2.920591833556176 19
1694506731802 1.5532541893495622 20
1694506732148 1.7279176014318929 21
1694506732478 2.29314731848811 22
1694506732785 2.347621590185046 23
1694506733089 1.1958971915005523 24
1694506733381 1.4888915741975426 25
1694506733715 0.36513212094600456 26
1694506734064 1.252290135184629 27
1694506734343 1.6262046615294072 28
1694506734650 1.9873176691987386 29
1694506734973 0.7686637274609806 30
1694506735277 1.5639680169531243 31
1694506735606 0.6833444800585299 32
1694506735912 1.6417949445392308 33
1694506736181 1.5926057704574972 34
1694506736479 0.937258402869226 35
1694506736767 1.5678588929289863 36
1694506737097 1.039685395900419 37
1694506737461 0.5154204631209276 38
1694506737820 0.8497433990468855 39
1694506738153 0.29069938242123555 40
1694506738486 1.5372417560442928 41
1694506738807 1.4197989149196037 42
1694506739102 1.8750436255413643 43
1694506739410 0.8067043930890462 44
1694506739730 1.612670266282137 45
1694506740072 2.2797498504776583 46
1694506740436 0.6872366802396632 47
1694506740783 0.05388331177271772 48
1694506741122 2.1649566162939804 49
