1694491108697 -50.758976465471406 0
1694491108792 -10.548254281697373 1
1694491108894 -1.6734624133759368 2
1694491108998 0.2836354861072463 3
1694491109112 0.7168234769135389 4
1694491109216 0.8116865648875933 5
1694491109319 0.8317751675939495 6
1694491109426 0.8359803817529952 7
1694491109529 0.8366554096369592 8
1694491109630 0.8367748813528233 9
1694491109732 0.8367421074047886 10
1694491109833 0.8366169109248431 11
1694491109935 0.8366939504042701 12
1694491110040 0.8366447614742267 13
1694491110143 0.8365668933647614 14
1694491110243 0.8365643625703769 15
1694491110344 0.8365829631232445 16
1694491110446 0.8365316553359354 17
1694491110553 0.8365682816457227 18
1694491110653 0.83649203798158 19
1694491110748 0.8365237461161398 20
1694491110833 0.8364744841998056 21
1694491110931 0.8364820860463017 22
1694491111031 0.8364642105124913 23
1694491111136 0.8364279733976694 24
1694491111223 0.8364850478773287 25
1694491111312 0.8364831262873296 26
1694491111416 0.8365396444618617 27
1694491111527 0.8365434504938907 28
1694491111638 0.8364871970221146 29
1694491111742 0.836418731599803 30
1694491111835 0.8364789653307142 31
1694491111920 0.8363706255831723 32
1694491112021 0.8364232309357997 33
1694491112120 0.8364292987374706 34
1694491112210 0.8364439726116984 35
1694491112307 0.8364691214538964 36
1694491112412 0.8363708251177188 37
1694491112509 0.8364361579096635 38
1694491112625 0.8364632220830391 39
1694491112726 0.8365089958858036 40
1694491112826 0.8364893260771585 41
1694491112922 0.8364133217771913 42
1694491113017 0.8364737935254529 43
1694491113118 0.8364460485920349 44
1694491113225 0.8364552159056782 45
1694491113330 0.8365079648523244 46
1694491113431 0.836447007678294 47
1694491113534 0.8364235303090911 48
1694491113623 0.83638484353687 49
