1694491108628 37.718017510904865 0
1694491108729 9.023506597264884 1
1694491108827 1.7499432666521528 2
1694491108929 0.5612644483895001 3
1694491109038 0.25262641426642524 4
1694491109149 0.13145002526540245 5
1694491109252 0.1196453684998076 6
1694491109354 0.1732987565323516 7
1694491109465 0.14975301587737821 8
1694491109564 0.09487149097927056 9
1694491109665 0.10955668194174918 10
1694491109767 0.10897583467217503 11
1694491109868 0.12688264225260334 12
1694491109968 0.07547809441892822 13
1694491110075 0.09908412423499793 14
1694491110178 0.08417104074976738 15
1694491110277 0.07505612931717562 16
1694491110379 0.09335591972862291 17
1694491110486 0.14386081374566023 18
1694491110584 0.14686129312902083 19
1694491110690 0.07470945068007194 20
1694491110777 0.11514485923371325 21
1694491110864 0.08810840765904306 22
1694491110965 0.10700187007144674 23
1694491111066 0.11133750896309093 24
1694491111164 0.14288911968517778 25
1694491111256 0.13281384082931938 26
1694491111348 0.12194421042409796 27
1694491111450 0.16832142062366706 28
1694491111566 0.09113912436832723 29
1694491111673 0.11759432302257322 30
1694491111777 0.07707084578506915 31
1694491111865 0.11169169561464132 32
1694491111956 0.11965187020261134 33
1694491112053 0.09853522863306034 34
1694491112150 0.11481439415307942 35
1694491112241 0.13055830777693314 36
1694491112345 0.14344190406009683 37
1694491112446 0.09811555488085429 38
1694491112550 0.09824779978321416 39
1694491112658 0.09917620112926102 40
1694491112760 0.07929983378239364 41
1694491112856 0.1363814387581055 42
1694491112957 0.08601201269388235 43
1694491113051 0.09735520951116014 44
1694491113155 0.1406130176814019 45
1694491113259 0.07981896968344322 46
1694491113365 0.13602827059377773 47
1694491113467 0.12354038676614973 48
1694491113564 0.1089760786325377 49
