1694491581026 -233.22651382577982 0
1694491581159 -233.18431962375413 1
1694491581298 -233.14213298220167 2
1694491581423 -233.09995394672413 3
1694491581550 -233.05778251594919 4
1694491581694 -233.01561868850533 5
1694491581826 -232.9734624630214 6
1694491581970 -232.9313138381262 7
1694491582095 -232.88917281244898 8
1694491582230 -232.84703938461925 9
1694491582366 -232.8049135532668 10
1694491582497 -232.76279531702144 11
1694491582632 -232.72068467451354 12
1694491582782 -232.6785816243734 13
1694491582926 -232.63648616523184 14
1694491583044 -232.59439829571974 15
1694491583172 -232.55231801446837 16
1694491583292 -232.5102453201091 17
1694491583424 -232.46818021127368 18
1694491583558 -232.426122686594 19
1694491583685 -232.3840727447023 20
1694491583817 -232.34203038423098 21
1694491583965 -232.29999560381268 22
1694491584083 -232.2579684020804 23
1694491584227 -232.21594877766728 24
1694491584362 -232.17393672920673 25
1694491584496 -232.13193225533243 26
1694491584639 -232.08993535467835 27
1694491584766 -232.04794602587847 28
1694491584917 -232.00596426756738 29
1694491585055 -231.9639900783797 30
1694491585174 -231.92202345695023 31
1694491585299 -231.88006440191424 32
1694491585439 -231.83811291190696 33
1694491585564 -231.79616898556418 34
1694491585701 -231.75423262152174 35
1694491585828 -231.71230381841576 36
1694491585953 -231.67038257488258 37
1694491586080 -231.62846888955883 38
1694491586211 -231.5865627610814 39
1694491586355 -231.5446641880875 40
1694491586483 -231.50277316921432 41
1694491586609 -231.46088970309953 42
1694491586746 -231.41901378838097 43
1694491586876 -231.37714542369682 44
1694491587016 -231.3352846076853 45
1694491587177 -231.29343133898507 46
1694491587304 -231.251585616235 47
1694491587441 -231.20974743807403 48
1694491587551 -231.16791680314165 49
