1694491580935 169.86869329564783 0
1694491581062 169.83469352111288 1
1694491581201 169.80410004253346 2
1694491581334 169.77351204677936 3
1694491581459 169.74292956692727 4
1694491581584 169.7123526019817 5
1694491581739 169.6817811509479 6
1694491581861 169.65121521283103 7
1694491582006 169.62065478663663 8
1694491582130 169.59009987137023 9
1694491582269 169.5595504660377 10
1694491582407 169.52900656964508 11
1694491582531 169.49846818119846 12
1694491582671 169.46793529970418 13
1694491582827 169.43740792416892 14
1694491582960 169.4068860535992 15
1694491583086 169.37636968700204 16
1694491583204 169.34585882338442 17
1694491583336 169.3153534617537 18
1694491583465 169.28485360111716 19
1694491583597 169.25435924048256 20
1694491583725 169.22387037885753 21
1694491583857 169.19338701525018 22
1694491584006 169.16290914866855 23
1694491584124 169.13243677812102 24
1694491584270 169.1019699026161 25
1694491584402 169.07150852116243 26
1694491584529 169.04105263276887 27
1694491584680 169.01060223644444 28
1694491584808 168.98015733119843 29
1694491584965 168.9497179160402 30
1694491585090 168.9192839899793 31
1694491585210 168.88885555202552 32
1694491585341 168.85843260118878 33
1694491585474 168.82801513647917 34
1694491585607 168.79760315690697 35
1694491585741 168.76719666148273 36
1694491585868 168.736795649217 37
1694491585993 168.7064001191207 38
1694491586120 168.6760100702047 39
1694491586255 168.64562550148034 40
1694491586391 168.61524641195885 41
1694491586520 168.5848728006519 42
1694491586647 168.5545046665711 43
1694491586782 168.52414200872835 44
1694491586913 168.49378482613574 45
1694491587058 168.46343311780555 46
1694491587218 168.43308688275022 47
1694491587341 168.4027461199823 48
1694491587477 168.3724108285147 49
