1694491480811 169.2951906176662 0
1694491480974 168.9569488016405 1
1694491481119 168.61938327006246 2
1694491481242 168.28249267066002 3
1694491481388 167.9462756538652 4
1694491481508 167.6107308728089 5
1694491481638 167.2758569833152 6
1694491481790 166.9416526438965 7
1694491481948 166.60811651574753 8
1694491482075 166.27524726274046 9
1694491482208 165.9430435514193 10
1694491482357 165.61150405099457 11
1694491482489 165.28062743333814 12
1694491482619 164.95041237297767 13
1694491482751 164.6208575470915 14
1694491482874 164.2919616355032 15
1694491482994 163.96372332067648 16
1694491483134 163.63614128770945 17
1694491483273 163.30921422433008 18
1694491483404 162.98294082089026 19
1694491483539 162.65731977036089 20
1694491483667 162.33234976832662 21
1694491483792 162.0080295129806 22
1694491483932 161.68435770511914 23
1694491484090 161.36133304813671 24
1694491484221 161.0389542480206 25
1694491484355 160.71722001334572 26
1694491484508 160.39612905526963 27
1694491484636 160.0756800875271 28
1694491484756 159.75587182642514 29
1694491484893 159.4367029908377 30
1694491485035 159.11817230220083 31
1694491485204 158.80027848450712 32
1694491485330 158.48302026430108 33
1694491485470 158.16639637067357 34
1694491485593 157.850405535257 35
1694491485724 157.53504649222023 36
1694491485855 157.2203179782633 37
1694491485971 156.90621873261264 38
1694491486085 156.5927474970158 39
1694491486273 156.27990301573652 40
1694491486403 155.96768403554967 41
1694491486536 155.65608930573617 42
1694491486672 155.34511757807806 43
1694491486818 155.03476760685353 44
1694491486951 154.72503814883183 45
1694491487091 154.41592796326825 46
1694491487214 154.1074358118993 47
1694491487344 153.79956045893775 48
1694491487486 153.4923006710674 49
