1694508221027 -200.31417700930348 0
1694508221202 -172.8550005578795 1
1694508221371 -149.5256211142635 2
1694508221536 -129.6777578402622 3
1694508221705 -112.76971086805972 4
1694508221880 -98.34386308468135 5
1694508222052 -86.01810315674224 6
1694508222220 -75.4698387258261 7
1694508222405 -66.42779141611571 8
1694508222576 -58.664272956899715 9
1694508222737 -51.985732759369895 10
1694508222896 -46.23029912567433 11
1694508223062 -41.26072756943008 12
1694508223219 -36.962167532646255 13
1694508223397 -33.23614947306849 14
1694508223559 -30.000237426450248 15
1694508223729 -27.184615026637704 16
1694508223916 -24.729414828471498 17
1694508224095 -22.58388047016694 18
1694508224260 -20.705695142151303 19
1694508224442 -19.0579807792681 20
1694508224620 -17.60975673860819 21
1694508224791 -16.333835659694884 22
1694508224957 -15.2078689104635 23
1694508225115 -14.212462850659513 24
1694508225270 -13.33034249661334 25
1694508225435 -12.547484216529428 26
1694508225595 -11.851632152728147 27
1694508225772 -11.232235729584115 28
1694508225984 -10.679592791250087 29
1694508226219 -10.185887816114443 30
1694508226437 -9.744236817849263 31
1694508226634 -9.348358741345931 32
1694508226834 -8.993282622077555 33
1694508227033 -8.674249163254677 34
1694508227230 -8.387261273863388 35
1694508227421 -8.128755490435614 36
1694508227616 -7.895725971250835 37
1694508227801 -7.68556683512093 38
1694508228024 -7.495762413566439 39
1694508228243 -7.324027403519052 40
1694508228450 -7.168655393562384 41
1694508228671 -7.0279424007258555 42
1694508228887 -6.900584100379121 43
1694508229127 -6.785036908250095 44
1694508229379 -6.6801499771900295 45
1694508229632 -6.585016272664234 46
1694508229865 -6.498550845726777 47
1694508230116 -6.419992760430374 48
1694508230342 -6.348614603253418 49
