1694508220915 148.2776510527304 0
1694508221087 127.49389066548666 1
1694508221257 108.03838468310764 2
1694508221427 96.04728707229505 3
1694508221593 80.56128767220423 4
1694508221768 73.89897790885982 5
1694508221938 62.80685674981522 6
1694508222112 55.969824227400345 7
1694508222286 48.2731481136409 8
1694508222466 42.84274071404389 9
1694508222630 37.65843854441972 10
1694508222791 33.74030922105277 11
1694508222952 31.163478148515274 12
1694508223115 27.65528436703903 13
1694508223285 25.08258006795994 14
1694508223451 22.770520559466114 15
1694508223616 19.988809447173125 16
1694508223790 18.804539920417035 17
1694508223979 17.113213065509424 18
1694508224152 15.778820927887763 19
1694508224320 14.582417974476716 20
1694508224503 12.904004878649717 21
1694508224678 12.377321339602991 22
1694508224846 11.804962666620536 23
1694508225012 10.471834384249693 24
1694508225167 10.307740051591699 25
1694508225325 10.107102444954446 26
1694508225490 9.86304419750029 27
1694508225652 8.526482577978106 28
1694508225838 8.146445952185088 29
1694508226062 8.525089705018464 30
1694508226291 7.664320367364063 31
1694508226505 7.202544050323789 32
1694508226690 7.090546550189647 33
1694508226898 6.395851018399718 34
1694508227099 6.642478327124496 35
1694508227299 6.6196401542638625 36
1694508227487 6.723092491604773 37
1694508227680 6.639007836896724 38
1694508227874 6.196056921977626 39
1694508228099 5.882119980614952 40
1694508228320 6.060032499798164 41
1694508228528 6.083880395987313 42
1694508228740 5.714291214241597 43
1694508228967 5.651248465248861 44
1694508229219 5.597345122947334 45
1694508229470 5.557760066323262 46
1694508229713 5.585161858205693 47
1694508229943 5.317083644370807 48
1694508230197 5.34637695275458 49
