1694490727545 -232.7742747627189 0
1694490727674 -232.30291789614805 1
1694490727791 -231.83966993791992 2
1694490727934 -231.37734592329232 3
1694490728085 -230.91594400556116 4
1694490728216 -230.45546234171832 5
1694490728343 -229.99589909244455 6
1694490728473 -229.53725242210197 7
1694490728595 -229.0795204987268 8
1694490728723 -228.62270149402164 9
1694490728865 -228.16716881363436 10
1694490728983 -227.71254418043173 11
1694490729109 -227.25882578035709 12
1694490729225 -226.80601180298265 13
1694490729337 -226.3541004415025 14
1694490729469 -225.903089892725 15
1694490729597 -225.45297835706558 16
1694490729743 -225.00376403853974 17
1694490729872 -224.55544514475557 18
1694490729996 -224.10801988690693 19
1694490730171 -223.6614864797657 20
1694490730299 -223.21584314167515 21
1694490730424 -222.77108809454256 22
1694490730559 -222.32721956383216 23
1694490730692 -221.88423577855787 24
1694490730819 -221.44213497127623 25
1694490730948 -221.00091537807953 26
1694490731080 -220.56057523858843 27
1694490731202 -220.12111279594498 28
1694490731322 -219.68252629680586 29
1694490731464 -219.24481399133478 30
1694490731627 -218.80797413319596 31
1694490731753 -218.37200006033177 32
1694490731886 -217.936899925612 33
1694490732003 -217.50266702001625 34
1694490732122 -217.0692996111402 35
1694490732254 -216.63679097847248 36
1694490732408 -216.20514943338213 37
1694490732534 -215.77436820843107 38
1694490732673 -215.34444558503532 39
1694490732789 -214.9153798480486 40
1694490732920 -214.48716417708087 41
1694490733036 -214.05980713484766 42
1694490733162 -213.63330185401048 43
1694490733290 -213.20764663310555 44
1694490733416 -212.78283459433698 45
1694490733537 -212.3588744560773 46
1694490733687 -211.93575929362055 47
1694490733816 -211.51348741907626 48
1694490733951 -211.0920518976431 49
