1694490727454 169.83545365656803 0
1694490727586 169.49314230603633 1
1694490727714 169.15151899319926 2
1694490727827 168.81576892441467 3
1694490727975 168.4806885742798 4
1694490728123 168.1462766038107 5
1694490728249 167.8125316767044 6
1694490728382 167.4794524593335 7
1694490728506 167.14703762074092 8
1694490728645 166.81528583263434 9
1694490728770 166.48419576938116 10
1694490728899 166.15398646029578 11
1694490729025 165.8244354671512 12
1694490729143 165.49554147441674 13
1694490729254 165.16730316919464 14
1694490729376 164.8397192412142 15
1694490729506 164.51278838282687 16
1694490729638 164.1865092890009 17
1694490729781 163.86088065731605 18
1694490729911 163.5359011879584 19
1694490730041 163.21156958371512 20
1694490730212 162.88788454996933 21
1694490730336 162.5648447946948 22
1694490730458 162.24244902845078 23
1694490730602 161.9206959643769 24
1694490730726 161.5995843181878 25
1694490730861 161.2791128081683 26
1694490730986 160.95928015516796 27
1694490731117 160.64008508259602 28
1694490731241 160.3215263164164 29
1694490731363 160.0036025851424 30
1694490731539 159.68631261983174 31
1694490731668 159.36965515408127 32
1694490731795 159.0536075783442 33
1694490731917 158.7382113332126 34
1694490732040 158.42344380368826 35
1694490732161 158.109303733474 36
1694490732301 157.79576853740042 37
1694490732443 157.48287963759827 38
1694490732575 157.1706144433492 39
1694490732705 156.85897170838115 40
1694490732829 156.54795018891605 41
1694490732955 156.2375273102993 42
1694490733072 155.92774451120897 43
1694490733205 155.61857921127066 44
1694490733325 155.31003017663144 45
1694490733457 155.0020748571871 46
1694490733579 154.6947546722658 47
1694490733728 154.38804706594868 48
1694490733853 154.08195081422863 49
