1694489685408 -209.02010930126815 0
1694489685521 -180.38333985568326 1
1694489685629 -156.05008378010248 2
1694489685731 -135.3485883045401 3
1694489685833 -117.71196787000552 4
1694489685923 -102.66329529472932 5
1694489686019 -89.80442677276608 6
1694489686114 -78.79944842764861 7
1694489686208 -69.36508523369 8
1694489686302 -61.26380269750453 9
1694489686391 -54.29345284587828 10
1694489686476 -48.286670859264696 11
1694489686568 -43.100450867930256 12
1694489686658 -38.614066191598596 13
1694489686758 -34.725793565045116 14
1694489686860 -31.348205339222915 15
1694489686961 -28.409379602908494 16
1694489687057 -25.846128067467365 17
1694489687149 -23.60655660004715 18
1694489687240 -21.645930401634086 19
1694489687337 -19.925817815872986 20
1694489687432 -18.41337228346123 21
1694489687535 -17.081504238311116 22
1694489687625 -15.9056748924741 23
1694489687719 -14.866222562947977 24
1694489687822 -13.945486545509025 25
1694489687919 -13.128368061826544 26
1694489688009 -12.402036936968313 27
1694489688108 -11.755170616926407 28
1694489688207 -11.178221622597908 29
1694489688294 -10.662633355845308 30
1694489688388 -10.201567017660485 31
1694489688488 -9.788410909613427 32
1694489688588 -9.417572248109293 33
1694489688688 -9.084350163063739 34
1694489688790 -8.78464324113736 35
1694489688893 -8.515006870587648 36
1694489688984 -8.27183022816368 37
1694489689069 -8.052460059929807 38
1694489689156 -7.85424510909087 39
1694489689252 -7.675082418735423 40
1694489689358 -7.513029343223732 41
1694489689456 -7.366250556503633 42
1694489689558 -7.233110967936387 43
1694489689658 -7.1127056071800485 44
1694489689759 -7.00335169685634 45
1694489689848 -6.904234269370581 46
1694489689949 -6.81408292752481 47
1694489690052 -6.732341604002558 48
1694489690157 -6.657854844231817 49
