1694489685338 149.39497968428165 0
1694489685447 128.51773215292556 1
1694489685559 111.48938119712415 2
1694489685666 95.89204452896591 3
1694489685767 81.2477626967006 4
1694489685866 73.29371210955227 5
1694489685952 63.08624973507913 6
1694489686051 55.36564509237674 7
1694489686151 48.29083255466592 8
1694489686237 41.74999452288037 9
1694489686337 39.933701520353814 10
1694489686421 34.27223100851593 11
1694489686506 31.265105917560174 12
1694489686598 27.433111276285356 13
1694489686691 24.77487177372893 14
1694489686793 22.42605097126873 15
1694489686895 20.60890670593607 16
1694489686998 18.836167550412792 17
1694489687093 17.61835249674613 18
1694489687185 15.756620024741249 19
1694489687270 14.592128395090963 20
1694489687371 13.08552262636808 21
1694489687468 12.80269742075126 22
1694489687568 13.103485028189999 23
1694489687653 11.48687377952877 24
1694489687756 10.666187305229412 25
1694489687854 9.732053984775066 26
1694489687953 9.718355437639229 27
1694489688043 9.414190005764551 28
1694489688142 8.278441125055263 29
1694489688238 7.995909935439533 30
1694489688322 8.186403454420187 31
1694489688421 7.707631834723063 32
1694489688521 7.72583816322369 33
1694489688621 7.282655879103263 34
1694489688723 7.4994025771512085 35
1694489688826 6.404466731987677 36
1694489688925 6.168677543881472 37
1694489689013 6.298527576127546 38
1694489689099 6.108025130541381 39
1694489689186 6.029785938250813 40
1694489689286 5.647636939054301 41
1694489689393 5.975532661280917 42
1694489689492 5.425469421831236 43
1694489689592 5.537732393687417 44
1694489689693 5.477105928795395 45
1694489689789 4.624304541016022 46
1694489689881 5.428278636703113 47
1694489689984 4.599134494432788 48
1694489690088 5.20456703377777 49
