1694347637436 169.08902758239503 0
1694347637691 136.9799840674329 1
1694347637926 111.5209035548492 2
1694347638138 91.28266723992382 3
1694347638317 75.15007344129202 4
1694347638535 62.252025442801965 5
1694347638766 51.90735120923821 6
1694347638966 43.58274169666216 7
1694347639155 36.86008571323227 8
1694347639369 31.411092119789267 9
1694347639597 26.97756484321924 10
1694347639803 23.35606387578554 11
1694347639986 20.385970282088916 12
1694347640183 17.940193917815687 13
1694347640375 15.917933550114348 14
1694347640575 14.23903156272833 15
1694347640782 12.839568106528132 16
1694347641021 11.668419137187112 17
1694347641234 10.684564470244105 18
1694347641424 9.854979809962533 19
1694347641621 9.15298379375564 20
1694347641836 8.556939856310398 21
1694347642029 8.049235029751346 22
1694347642216 7.615475109044706 23
1694347642447 7.243849049298469 24
1694347642676 6.924625894462502 25
1694347642858 6.64975563989745 26
1694347643057 6.4125517272110315 27
1694347643274 6.207437763861205 28
1694347643515 6.0297448663678175 29
1694347643702 5.875548988024133 30
1694347643889 5.741539898521407 31
1694347644091 5.6249152802703595 32
1694347644322 5.523294807955312 33
1694347644509 5.43465017206517 34
1694347644710 5.357247862154671 35
1694347644938 5.289602194448899 36
1694347645169 5.230436592302905 37
1694347645366 5.178651538959674 38
1694347645587 5.133297944873821 39
1694347645792 5.093554925911184 40
1694347646015 5.058711189028075 41
1694347646193 5.028149380277063 42
1694347646394 5.001332875289629 43
1694347646613 4.977794591849608 44
1694347646838 4.957127483333817 45
1694347647040 4.9389764349805105 46
1694347647217 4.9230313355319195 47
1694347647402 4.909021137427297 48
1694347647638 4.896708751469015 49
1694347647841 4.885886648371041 50
1694347648015 4.8763730611032665 51
1694347648239 4.868008699471795 52
1694347648424 4.860653902716517 53
1694347648622 4.854186167689984 54
1694347648809 4.848497999901272 55
1694347649012 4.843495042759461 56
1694347649227 4.839094447047068 57
1694347649403 4.835223448244626 58
1694347649585 4.83181812401411 59
1694347649817 4.828822308092485 60
1694347650042 4.826186640176949 61
1694347650229 4.823867734205642 62
1694347650421 4.821827449837393 63
1694347650624 4.820032253980689 64
1694347650823 4.818452660972894 65
1694347651021 4.8170627415124345 66
1694347651247 4.815839691737933 67
1694347651436 4.814763454961324 68
1694347651638 4.813816389523182 69
1694347651812 4.8129829770705825 70
1694347652045 4.812249566278859 71
1694347652256 4.811604147665113 72
1694347652473 4.811036155685767 73
1694347652674 4.810536294784836 74
1694347652865 4.810096386472836 75
1694347653090 4.809709234877175 76
1694347653314 4.809368508519955 77
1694347653513 4.809068636354513 78
1694347653721 4.808804716333334 79
1694347653931 4.808572434990722 80
1694347654125 4.808367996708644 81
1694347654324 4.808188061496142 82
1694347654515 4.80802969025485 83
1694347654752 4.807890296627623 84
1694347654935 4.807767604636915 85
1694347655134 4.807659611415338 86
1694347655326 4.807564554415315 87
1694347655524 4.807480882558643 88
1694347655709 4.807407230852017 89
1694347655892 4.807342398051598 90
1694347656095 4.807285327010014 91
1694347656326 4.807235087383359 92
