1694510366006 -239.33713377604695 0
1694510366128 -236.1132826312314 1
1694510366255 -232.932643003874 2
1694510366395 -229.79478687754747 3
1694510366527 -226.69872151303605 4
1694510366661 -223.6444983821846 5
1694510366797 -220.6313423751564 6
1694510366925 -217.65845861408465 7
1694510367060 -214.7255990725659 8
1694510367193 -211.8320820212488 9
1694510367322 -208.97719993763704 10
1694510367457 -206.1608513147098 11
1694510367590 -203.38235966771316 12
1694510367728 -200.64099561829642 13
1694510367866 -197.93652828683605 14
1694510368001 -195.26832680684151 15
1694510368147 -192.63625263996818 16
1694510368285 -190.03911126085836 17
1694510368417 -187.4770863071457 18
1694510368548 -184.94915886765946 19
1694510368681 -182.45547924670245 20
1694510368818 -179.99512259906803 21
1694510368948 -177.56796512443904 22
1694510369080 -175.17315544021673 23
1694510369215 -172.81059802893188 24
1694510369350 -170.4797207957732 25
1694510369480 -168.1799603773747 26
1694510369611 -165.91121625016143 27
1694510369750 -163.6730115000341 28
1694510369879 -161.46493815968753 29
1694510370016 -159.28604992219297 30
1694510370142 -157.1368716979369 31
1694510370288 -155.0164266240487 32
1694510370427 -152.9243521114535 33
1694510370555 -150.8602695363794 34
1694510370682 -148.82396566098166 35
1694510370818 -146.81504566360474 36
1694510370947 -144.83308263449243 37
1694510371078 -142.8776672139547 38
1694510371204 -140.948557436754 39
1694510371332 -139.04540727039344 40
1694510371462 -137.16785521794202 41
1694510371596 -135.31547216055796 42
1694510371724 -133.48772964251089 43
1694510371864 -131.6846445072206 44
1694510371993 -129.90591708584836 45
1694510372121 -128.1509067150648 46
1694510372250 -126.41940965775434 47
1694510372379 -124.71124171096069 48
1694510372530 -123.02578027941911 49
