1694510365916 170.85303550168024 0
1694510366047 166.08959353426815 1
1694510366170 162.7523097894948 2
1694510366301 160.31887970594175 3
1694510366441 161.6669195697253 4
1694510366570 157.56771990863336 5
1694510366709 151.81274534951282 6
1694510366840 154.4986619359918 7
1694510366971 150.40490053307946 8
1694510367106 146.50780149011666 9
1694510367238 148.41185261193726 10
1694510367369 145.95441619155386 11
1694510367502 141.4425722100252 12
1694510367640 141.76207918012813 13
1694510367771 137.50751896156217 14
1694510367912 137.61431774540634 15
1694510368052 129.35580540495886 16
1694510368191 132.349261744855 17
1694510368330 127.68083981370404 18
1694510368461 130.5487744095731 19
1694510368593 126.95777435248914 20
1694510368729 126.04110714224342 21
1694510368863 121.44531620102852 22
1694510368995 120.98991799053576 23
1694510369129 118.68284892348144 24
1694510369261 118.42321852830563 25
1694510369394 118.90265152423436 26
1694510369523 117.55886072991507 27
1694510369656 113.66006524112963 28
1694510369796 110.29931935669006 29
1694510369924 115.27475928505008 30
1694510370060 107.9423849823716 31
1694510370189 106.8502750779724 32
1694510370336 106.56470858181197 33
1694510370468 108.05316991847072 34
1694510370598 106.46506684055875 35
1694510370727 104.00065199357483 36
1694510370863 102.31356322400097 37
1694510370992 101.80871138549122 38
1694510371123 99.4549798194826 39
1694510371247 95.59724710674693 40
1694510371377 93.65915790596576 41
1694510371509 92.69786034749868 42
1694510371639 94.2113353044514 43
1694510371776 93.62804236809485 44
1694510371907 88.27677114331769 45
1694510372037 88.89615331688034 46
1694510372167 88.65259794119365 47
1694510372293 87.08525136049845 48
1694510372433 89.62712757038456 49
