1694506898553 -1.3007150882970797 0
1694506898928 -1.1465066977411835 1
1694506899274 -1.2480484670463636 2
1694506899624 -1.3974047976775843 3
1694506899950 -1.2154022692548643 4
1694506900222 -1.128081547215107 5
1694506900504 -1.2141755022059906 6
1694506900789 -1.238651091618768 7
1694506901111 -1.2437458947588858 8
1694506901456 -1.1088632911967422 9
1694506901753 -1.250856917220426 10
1694506902014 -1.2620174360444194 11
1694506902319 -1.3872825447998345 12
1694506902634 -1.208728887055654 13
1694506902946 -1.6427953675724667 14
1694506903205 -1.1722274044868781 15
1694506903503 -1.244010359100574 16
1694506903758 -1.1330486226230532 17
1694506904004 -1.292892495570778 18
1694506904251 -1.4806059533035327 19
1694506904547 -1.2660930582847363 20
1694506904870 -1.017477299095332 21
1694506905342 -1.1590157256277371 22
1694506905721 -1.2205877710008237 23
1694506906165 -1.377085538632206 24
1694506906589 -1.2590872168337497 25
1694506907024 -1.0517690640613333 26
1694506907460 -1.1589253822291274 27
1694506907894 -1.2800437634783486 28
1694506908321 -1.2059931005487456 29
1694506908730 -1.210824310274207 30
1694506909146 -1.2906279250161146 31
1694506909550 -1.2713367576972194 32
1694506909948 -1.3793370891499417 33
1694506910370 -1.3903731079113393 34
1694506910764 -1.457885557801525 35
1694506911132 -1.0934440635113578 36
1694506911488 -1.317988320383479 37
1694506911824 -1.2009815014557503 38
1694506912235 -1.372092135490183 39
1694506912645 -1.314078234047269 40
1694506913045 -1.1658807203522987 41
1694506913456 -1.4190947570824801 42
1694506913845 -1.439006341289251 43
1694506914243 -1.1909223393462565 44
1694506914638 -1.502735051860113 45
1694506915019 -1.1498595783582628 46
1694506915419 -1.1128906151868638 47
1694506915875 -1.4272598908122238 48
1694506916285 -1.2717828327960339 49
