1694506898351 0.3069382821787469 0
1694506898709 2.1712937149087184 1
1694506899068 1.7164056145587812 2
1694506899420 2.0671534649964878 3
1694506899783 1.677652486721983 4
1694506900070 0.9718153497181224 5
1694506900327 0.8434102286766504 6
1694506900620 0.2817227834570433 7
1694506900914 1.987231160397129 8
1694506901230 2.1486291463620786 9
1694506901577 0.9933275784550345 10
1694506901872 1.1177146963675926 11
1694506902128 1.5696960478138133 12
1694506902437 0.804415399059852 13
1694506902766 2.550994480157639 14
1694506903070 1.382087095030128 15
1694506903332 0.8502161443017593 16
1694506903616 0.3829488447670517 17
1694506903867 1.194395870214718 18
1694506904110 1.1481312759748252 19
1694506904358 1.170819139608437 20
1694506904665 2.4868077102000252 21
1694506905065 0.9222631738228241 22
1694506905503 2.5837441981655127 23
1694506905902 2.0933752034817195 24
1694506906345 1.5041748924500589 25
1694506906781 2.700454143208165 26
1694506907216 4.03331534302842 27
1694506907635 2.57258071221476 28
1694506908067 0.5849002484841612 29
1694506908477 0.3533030375337099 30
1694506908895 1.7928750619826055 31
1694506909315 0.6595871134859141 32
1694506909698 1.5672377646863536 33
1694506910147 0.5103586375979114 34
1694506910555 2.363912982376609 35
1694506910929 4.131549476995238 36
1694506911306 2.1377278353869333 37
1694506911631 3.3409512955783187 38
1694506911974 2.8789024150373996 39
1694506912405 2.4020988990810057 40
1694506912815 1.7902925106200185 41
1694506913226 0.7660703690767671 42
1694506913634 2.510010982786064 43
1694506914012 1.3729438147922208 44
1694506914398 1.039131429854545 45
1694506914798 4.0071499221616405 46
1694506915187 1.5495626948960872 47
1694506915600 3.999411953972584 48
1694506916053 1.4500409782722785 49
