1694510798596 -232.6248266480869 0
1694510798782 -232.57806395056767 1
1694510798945 -232.53131062101767 2
1694510799103 -232.48456665755972 3
1694510799288 -232.43783205831687 4
1694510799484 -232.3911068214127 5
1694510799640 -232.34439094497097 6
1694510799783 -232.29768442711597 7
1694510799934 -232.25098726597244 8
1694510800094 -232.2042994596652 9
1694510800281 -232.1576210063197 10
1694510800429 -232.11095190406164 11
1694510800582 -232.0642921510172 12
1694510800765 -232.017641745313 13
1694510800917 -231.97100068507564 14
1694510801102 -231.92436896843256 15
1694510801267 -231.87774659351143 16
1694510801428 -231.83113355844011 17
1694510801626 -231.7845298613471 18
1694510801797 -231.73793550036103 19
1694510801970 -231.69135047361115 20
1694510802159 -231.64477477922688 21
1694510802330 -231.59820841533815 22
1694510802495 -231.55165138007516 23
1694510802678 -231.50510367156863 24
1694510802857 -231.4585652879495 25
1694510803011 -231.41203622734912 26
1694510803176 -231.36551648789927 27
1694510803333 -231.31900606773218 28
1694510803525 -231.27250496498021 29
1694510803731 -231.22601317777622 30
1694510803894 -231.17953070425364 31
1694510804042 -231.1330575425459 32
1694510804201 -231.0865936907871 33
1694510804353 -231.0401391471116 34
1694510804501 -230.99369390965413 35
1694510804659 -230.9472579765498 36
1694510804807 -230.9008313459342 37
1694510804951 -230.85441401594312 38
1694510805110 -230.8080059847127 39
1694510805316 -230.7616072503798 40
1694510805466 -230.71521781108117 41
1694510805648 -230.66883766495434 42
1694510805820 -230.62246681013698 43
1694510806000 -230.5761052447672 44
1694510806155 -230.5297529669835 45
1694510806329 -230.48340997492474 46
1694510806504 -230.43707626673003 47
1694510806678 -230.3907518405392 48
1694510806896 -230.34443669449206 49
