1694490933523 0.09238594715563656 0
1694490933672 0.002481242118205464 1
1694490933822 0.05233534472190266 2
1694490933967 0.08681213167037967 3
1694490934122 0.35432089109033527 4
1694490934270 0.021108921885858577 5
1694490934407 0.5847710152300026 6
1694490934551 0.0028991418769277353 7
1694490934705 0.20647095614193633 8
1694490934856 0.02359754658880244 9
1694490935003 0.350340236541423 10
1694490935151 0.5170926185513858 11
1694490935297 0.27141331201475455 12
1694490935441 0.13322131045665545 13
1694490935595 0.04251285212041327 14
1694490935747 0.3119588742354678 15
1694490935891 0.10314697409726183 16
1694490936036 1.1279373479607475e-05 17
1694490936183 0.636947150640532 18
1694490936323 0.4602462702714445 19
1694490936470 0.14367299826983915 20
1694490936605 0.1200190149878326 21
1694490936747 0.035351297271739544 22
1694490936891 0.16898040598276137 23
1694490937032 0.009359664069767529 24
1694490937172 0.1657518615487802 25
1694490937307 0.15783651728448586 26
1694490937438 0.003492105254424083 27
1694490937571 0.1589058619411078 28
1694490937709 0.13213131853952803 29
1694490937856 0.03463634168632206 30
1694490937998 0.17612401810279255 31
1694490938137 0.06638651550432176 32
1694490938270 0.00025470012172800545 33
1694490938413 0.017768383911307726 34
1694490938561 0.13693844157089233 35
1694490938725 0.0003605464470800008 36
1694490938865 0.04779030516084989 37
1694490939001 0.04523975148429194 38
1694490939140 0.029557103151166535 39
1694490939274 0.02508657560025378 40
1694490939420 0.002498934645896603 41
1694490939564 0.3809265102173842 42
1694490939709 0.027054927587499205 43
1694490939846 0.06653577484833312 44
1694490939984 0.020877329120751114 45
1694490940128 0.042688318900976976 46
1694490940270 0.5105894488452157 47
1694490940406 0.33661044729659784 48
1694490940548 0.020705176844558762 49
