1694508293795 145.08218955365638 0
1694508293935 127.05042766597283 1
1694508294092 112.1695935470057 2
1694508294249 93.89241156066353 3
1694508294393 84.87987336945606 4
1694508294525 75.38812121725617 5
1694508294660 66.34207695816202 6
1694508294778 54.14055527899329 7
1694508294895 47.889070470869505 8
1694508295012 43.18087729869362 9
1694508295136 38.68801503918376 10
1694508295260 34.90586308630404 11
1694508295383 32.515853927808934 12
1694508295502 28.41175518558324 13
1694508295626 24.439279396256843 14
1694508295760 23.239030883000122 15
1694508295883 20.71303938996964 16
1694508296002 19.13311922264803 17
1694508296132 16.302081513467886 18
1694508296253 16.11834240298034 19
1694508296385 13.857926929315695 20
1694508296517 14.115573426895114 21
1694508296641 13.349662443751148 22
1694508296763 12.185356259648138 23
1694508296884 11.338029671171592 24
1694508297004 10.015516468125236 25
1694508297126 10.278469389624666 26
1694508297248 9.520834287166856 27
1694508297375 9.114513796040857 28
1694508297497 8.598633967082641 29
1694508297619 8.674468271533975 30
1694508297743 7.704068969777037 31
1694508297863 7.156755844215484 32
1694508297990 7.330974095888523 33
1694508298109 7.3501447744122625 34
1694508298230 7.085749789854574 35
1694508298353 6.691907349659359 36
1694508298480 6.369202877068394 37
1694508298605 6.593212417745934 38
1694508298736 5.97288601151227 39
1694508298861 6.054253431771961 40
1694508298981 5.9667852144121465 41
1694508299107 5.699597337156576 42
1694508299229 6.418079437276947 43
1694508299348 5.336980669853052 44
1694508299467 6.188578476417423 45
1694508299592 5.170020053139376 46
1694508299713 5.677352770349672 47
1694508299836 5.709641011150116 48
1694508299962 5.60797470022256 49
