1694489496029 3.1793800544246578 0
1694489496181 0.81964038706984 1
1694489496326 3.736999740671286 2
1694489496499 3.8361906085949253 3
1694489496653 4.311727945051466 4
1694489496806 3.0874412789394308 5
1694489496948 3.378365114427162 6
1694489497089 2.7159713692174416 7
1694489497227 4.333649180328316 8
1694489497377 3.0232654809799326 9
1694489497514 4.022503283365998 10
1694489497659 4.398455142257922 11
1694489497803 3.1959863901677243 12
1694489497935 14.01272961810005 13
1694489498070 3.136801071602569 14
1694489498205 7.398462059868398 15
1694489498348 4.327197811779158 16
1694489498514 4.9584973940302834 17
1694489498646 3.809441754283755 18
1694489498774 4.847846623619364 19
1694489498907 4.723927832362512 20
1694489499038 6.795697605107926 21
1694489499176 5.00523215599682 22
1694489499317 2.9334222981311604 23
1694489499455 6.978247575734235 24
1694489499607 3.5927231365343038 25
1694489499752 2.8596913409918834 26
1694489499906 3.741235145432271 27
1694489500052 5.512142038479118 28
1694489500197 8.338709415689465 29
1694489500342 4.228375398347875 30
1694489500486 3.6736957201596767 31
1694489500635 7.109251290624398 32
1694489500776 6.0571573647989165 33
1694489500921 2.7103376680919156 34
1694489501066 4.4681043726243885 35
1694489501197 4.136813071169003 36
1694489501331 2.1151740808008577 37
1694489501476 7.599352752609799 38
1694489501626 3.523514338543534 39
1694489501771 3.147556960344659 40
1694489501925 6.492396398284491 41
1694489502071 3.4472491137860697 42
1694489502212 10.596989154511908 43
1694489502347 4.182218755628091 44
1694489502490 3.601154662901038 45
1694489502634 7.238549808996589 46
1694489502787 3.4568344951507544 47
1694489502939 4.87453756371172 48
1694489503071 2.0084176082271705 49
