1694251713141 28059.490291262136 0
1694251713306 22506.30692981727 1
1694251713490 18446.634083131135 2
1694251713653 15335.150178250087 3
1694251713833 12896.266783942163 4
1694251713990 10963.575187561059 5
1694251714161 9422.85097280646 6
1694251714325 8189.974134986621 7
1694251714487 7200.5815473986695 8
1694251714662 6404.533231902648 9
1694251714823 5762.466543690363 10
1694251715027 5243.225127357323 11
1694251715199 4822.191220227642 12
1694251715366 4479.839072818961 13
1694251715535 4200.654678947513 14
1694251715723 3972.291407298458 15
1694251715897 3784.907403215467 16
1694251716084 3630.644410579594 17
1694251716253 3503.217158393427 18
1694251716422 3397.589425267176 19
1694251716610 3309.7181764890433 20
1694251716766 3236.351234199274 21
1694251716913 3174.8670953910264 22
1694251717082 3123.147969406191 23
1694251717252 3079.4790250283145 24
1694251717420 3042.4683376904654 25
1694251717645 3010.98320229764 26
1694251717814 2984.099398303749 27
1694251718003 2961.0607165418446 28
1694251718166 2941.246625097913 29
1694251718323 2924.1463979125924 30
1694251718496 2909.3383810581477 31
1694251718657 2896.47334828503 32
1694251718828 2885.261115502912 33
1694251719009 2875.4597559076014 34
1694251719235 2866.866893319942 35
1694251719410 2859.3126586739972 36
1694251719582 2852.6539795277154 37
1694251719760 2846.7699397193473 38
1694251719961 2841.557999589858 39
1694251720140 2836.9309094711666 40
1694251720331 2832.8141827132 41
1694251720515 2829.144021209795 42
1694251720696 2825.865607619444 43
1694251720862 2822.9316953941625 44
1694251721068 2820.3014412220373 45
1694251721226 2817.939435262987 46
1694251721427 2815.814893171363 47
1694251721591 2813.9009807954803 48
1694251721772 2812.1742479731915 49
1694251721935 2810.6141522818434 50
1694251722147 2809.2026571707092 51
1694251722309 2807.923891779232 52
1694251722517 2806.7638620642056 53
1694251722685 2805.7102047340495 54
1694251722880 2804.751977006726 55
1694251723056 2803.879476439851 56
