1694491106748 -53.95742040446048 0
1694491106859 -11.36549354726726 1
1694491106963 -1.9110221878438205 2
1694491107066 0.19988227944991277 3
1694491107181 0.6733047089367599 4
1694491107296 0.7811368202855304 5
1694491107406 0.8065430306396617 6
1694491107505 0.8126202246786716 7
1694491107607 0.814288725351104 8
1694491107712 0.8145932784549053 9
1694491107815 0.8146390882209461 10
1694491107918 0.8145797468768156 11
1694491108017 0.814672114587295 12
1694491108119 0.8147136641308768 13
1694491108219 0.8147120957592136 14
