1694491106670 38.41408786642054 0
1694491106787 8.419586504618668 1
1694491106896 1.9059408581878672 2
1694491106997 0.5211785853405593 3
1694491107101 0.152958288939907 4
1694491107221 0.19444368359813968 5
1694491107334 0.07519238861763786 6
1694491107435 0.135071411676427 7
1694491107539 0.08021222046867187 8
1694491107642 0.16411456991032247 9
1694491107747 0.11495572308759311 10
1694491107849 0.10470841739490122 11
1694491107952 0.11085970481466263 12
1694491108052 0.09913103489249968 13
1694491108154 0.09879820652854292 14
