1694490734526 -241.63901142533015 0
1694490734707 -241.15763518828922 1
1694490734827 -240.67721891346457 2
1694490734953 -240.1977606815575 3
1694490735090 -239.71925857711378 4
1694490735215 -239.2416474432391 5
1694490735334 -238.76498850103278 6
1694490735452 -238.28927984784016 7
1694490735588 -237.81451958481452 8
1694490735723 -237.34070581690932 9
1694490735852 -236.86783665287058 10
1694490735975 -236.3959102052294 11
1694490736097 -235.92492459029432 12
1694490736234 -235.4548779281435 13
1694490736353 -234.98576834261777 14
1694490736476 -234.51759396131234 15
1694490736615 -234.05035291557002 16
1694490736788 -233.58429238258753 17
1694490736910 -233.11916039709706 18
1694490737032 -232.6549551050894 19
1694490737156 -232.1916746562624 20
1694490737280 -231.7293172040134 21
1694490737412 -231.267880905432 22
1694490737540 -230.8073639212924 23
1694490737689 -230.3477644160464 24
1694490737822 -229.88908055781553 25
1694490737956 -229.43131051838432 26
1694490738069 -228.9744524731924 27
1694490738204 -228.51850460132755 28
1694490738335 -228.0634650855182 29
1694490738465 -227.60933211212625 30
1694490738589 -227.15610387113992 31
1694490738721 -226.70377855616604 32
1694490738877 -226.25235436442333 33
1694490739013 -225.80182949673494 34
1694490739124 -225.3522021575211 35
1694490739254 -224.9034705547922 36
1694490739388 -224.4556329001414 37
1694490739518 -224.00868740873764 38
1694490739661 -223.56263229931807 39
1694490739792 -223.11746579418167 40
1694490739921 -222.67318611918117 41
1694490740047 -222.22979150371683 42
1694490740167 -221.7872801807287 43
1694490740290 -221.34565038668978 44
1694490740409 -220.90490036159912 45
1694490740536 -220.46502834897433 46
1694490740659 -220.02603259584507 47
1694490740795 -219.58791135274538 48
1694490740922 -219.15066287370746 49
