1694490734398 169.02146543349107 0
1694490734567 168.6860308818136 1
1694490734741 168.35126560432874 2
1694490734864 168.01716826204802 3
1694490734996 167.68373751866696 4
1694490735127 167.3509720405601 5
1694490735254 167.01891727930467 6
1694490735373 166.68752471103312 7
1694490735492 166.35679301196495 8
1694490735628 166.02672086097047 9
1694490735763 165.69730693956583 10
1694490735892 165.36854993190735 11
1694490736004 165.0404485247862 12
1694490736135 164.71300140762347 13
1694490736269 164.38620727246467 14
1694490736394 164.0600648139744 15
1694490736513 163.73457272943116 16
1694490736664 163.40972971872225 17
1694490736821 163.085803581073 18
1694490736949 162.76252288591772 19
1694490737071 162.43988634409934 20
1694490737194 162.11789266903946 21
1694490737315 161.79654057673346 22
1694490737449 161.4758287857453 23
1694490737574 161.15575601720218 24
1694490737728 160.83632099478962 25
1694490737860 160.51752244474605 26
1694490737988 160.19935909585817 27
1694490738112 159.88182967945534 28
1694490738243 159.56493292940493 29
1694490738377 159.24866758210683 30
1694490738506 158.9330323764886 31
1694490738629 158.61802605400058 32
1694490738760 158.30364735861036 33
1694490738924 157.98989503679817 34
1694490739047 157.6767678375516 35
1694490739166 157.36426451236088 36
1694490739293 157.0523838152134 37
1694490739429 156.7411245025891 38
1694490739559 156.43048533345532 39
1694490739691 156.1204650692619 40
1694490739831 155.81106247393606 41
1694490739962 155.50227631387756 42
1694490740082 155.19410535795376 43
1694490740210 154.88654837749456 44
1694490740327 154.57960414628766 45
1694490740450 154.27327144057344 46
1694490740577 153.9675490390401 47
1694490740704 153.66243572281894 48
1694490740824 153.3579302754791 49
