1694510396044 143.34165246896572 0
1694510396175 125.56408111770911 1
1694510396303 107.47910249514963 2
1694510396449 92.21752840982255 3
1694510396594 81.43691443806674 4
1694510396729 69.60678144237349 5
1694510396856 60.33819266454789 6
1694510396989 50.347105748056045 7
1694510397120 43.64843165131649 8
1694510397253 39.37896306934425 9
1694510397380 32.2329939003853 10
1694510397510 28.793159934762176 11
1694510397645 23.468132399340824 12
1694510397775 20.684162240274123 13
1694510397901 18.45233600320471 14
1694510398042 15.935540130823027 15
1694510398167 12.324500872464602 16
1694510398291 11.937228140744045 17
1694510398425 10.768718419774222 18
1694510398558 8.476924626173144 19
1694510398703 7.636764197689893 20
1694510398835 6.1822742154586345 21
1694510398965 5.668771927027273 22
1694510399105 4.759586808718596 23
1694510399240 3.8417863241087926 24
1694510399372 3.3512402296621344 25
1694510399503 3.3577153288420525 26
1694510399637 2.7535648168502704 27
1694510399775 2.4515015576416355 28
1694510399905 2.0464303754682516 29
1694510400043 1.7600939801134192 30
1694510400175 1.700367061611062 31
1694510400311 1.3339615592551461 32
1694510400447 1.070188942541654 33
1694510400586 0.9996350018453346 34
1694510400728 0.9501128857205253 35
1694510400900 0.785304147249044 36
1694510401056 0.8035612609506022 37
1694510401202 0.5814704558452065 38
1694510401353 0.6249002118010543 39
1694510401504 0.44710299200511944 40
1694510401649 0.4103024723513349 41
1694510401805 0.3903294039680462 42
1694510401945 0.33816458761268403 43
1694510402089 0.3308317039104009 44
1694510402225 0.2802715718422212 45
1694510402370 0.30364576126469517 46
1694510402516 0.2334013415654315 47
1694510402658 0.21572479063180633 48
1694510402809 0.2718903842231358 49
