1694509763918 169.19594419215588 0
1694509764100 169.16184157428887 1
1694509764253 169.12774580824384 2
1694509764451 169.0936568926469 3
1694509764610 169.06009381194224 4
1694509764803 169.02653742329247 5
1694509765010 168.99298772536088 6
1694509765198 168.95944471681076 7
1694509765385 168.92590839630589 8
1694509765565 168.89237876251028 9
1694509765752 168.85885581408806 10
1694509765950 168.82533954970393 11
1694509766126 168.79182996802245 12
1694509766296 168.7583270677088 13
1694509766486 168.72483084742825 14
1694509766650 168.69134130584644 15
1694509766842 168.65785844162912 16
1694509767037 168.6243822534425 17
1694509767209 168.59091273995284 18
1694509767392 168.55744989982688 19
1694509767573 168.5239937317315 20
1694509767742 168.49054423433392 21
1694509767930 168.4571014063015 22
1694509768106 168.42366524630202 23
1694509768289 168.39023575300348 24
1694509768485 168.35681292507405 25
1694509768704 168.32339676118227 26
1694509768895 168.2899872599969 27
1694509769087 168.2565844201871 28
1694509769290 168.22318824042202 29
1694509769475 168.1897987193713 30
1694509769659 168.15641585570484 31
1694509769849 168.12303964809263 32
1694509770021 168.08967009520515 33
1694509770201 168.05630719571298 34
1694509770377 168.02295094828702 35
1694509770564 167.98960135159848 36
1694509770742 167.9562804754197 37
1694509770947 167.92296623928948 38
1694509771159 167.88965864188208 39
1694509771346 167.85635768187205 40
1694509771536 167.82306335793413 41
1694509771719 167.78977566874335 42
1694509771892 167.75649461297508 43
1694509772070 167.72322018930484 44
1694509772261 167.6899523964085 45
1694509772433 167.65669123296215 46
1694509772627 167.62343669764218 47
1694509772816 167.59018878912516 48
1694509773011 167.55694750608808 49
