1694508283872 -60.866939425833664 0
1694508283995 -21.46971009782974 1
1694508284117 -11.091677404825438 2
1694508284246 -7.81875912217437 3
1694508284382 -6.629531833390713 4
1694508284504 -6.177187207577808 5
1694508284630 -6.000578168117044 6
1694508284756 -5.927801403179997 7
1694508284886 -5.906433734772898 8
1694508285027 -5.89947140424519 9
1694508285167 -5.887445273411467 10
1694508285307 -5.886927127139015 11
1694508285446 -5.87307700225073 12
1694508285599 -5.877507977008299 13
1694508285738 -5.871411968820596 14
1694508285884 -5.870451448624345 15
1694508286021 -5.878443326111883 16
1694508286156 -5.876792650371407 17
1694508286277 -5.889467541773744 18
1694508286406 -5.881458956712962 19
1694508286540 -5.899393539889434 20
1694508286671 -5.8906454714797 21
1694508286816 -5.8899294897544054 22
1694508286973 -5.8856236900696555 23
1694508287119 -5.886915393425651 24
1694508287242 -5.89242696199094 25
1694508287372 -5.898914351980244 26
1694508287510 -5.883607518910165 27
1694508287654 -5.892847688331692 28
1694508287799 -5.890686597357201 29
1694508287927 -5.893664506083165 30
1694508288062 -5.898116818533364 31
1694508288206 -5.886558378239652 32
1694508288336 -5.883609417736289 33
1694508288479 -5.882503480410243 34
1694508288619 -5.883247297794735 35
1694508288747 -5.891132732615899 36
1694508288917 -5.901407797112983 37
1694508289089 -5.89877220512373 38
1694508289248 -5.8881444908984095 39
1694508289389 -5.8846323501991025 40
1694508289524 -5.884408540086163 41
1694508289654 -5.890668945380511 42
1694508289797 -5.888837211379729 43
1694508289938 -5.878627433331525 44
1694508290059 -5.88647772489975 45
1694508290195 -5.903622799904947 46
1694508290333 -5.895246259189986 47
1694508290471 -5.885350434168512 48
1694508290607 -5.882341255415574 49
