1694508283794 43.74611511476025 0
1694508283911 15.901596996726497 1
1694508284035 8.496510598851298 2
1694508284157 5.9446988310198865 3
1694508284292 5.624194657201584 4
1694508284425 5.042161582920839 5
1694508284547 5.254312135882731 6
1694508284671 4.56167437587467 7
1694508284796 4.931189418740902 8
1694508284933 4.788693815758261 9
1694508285075 4.850597004139056 10
1694508285215 4.6413755450894385 11
1694508285352 5.062521733282794 12
1694508285498 4.8209212975123 13
1694508285646 4.726985337347222 14
1694508285793 4.743707200986863 15
1694508285926 4.3961853794236045 16
1694508286068 4.568393415711506 17
1694508286197 4.486631336282115 18
1694508286317 4.975977169415548 19
1694508286448 4.511332744576604 20
1694508286589 4.2332918649410125 21
1694508286714 5.084819069437846 22
1694508286870 4.9534968068967125 23
1694508287028 5.052339840286985 24
1694508287158 4.863117397138513 25
1694508287289 5.06531299356764 26
1694508287419 4.960248020111772 27
1694508287557 4.413405206581989 28
1694508287701 4.747145663339054 29
1694508287839 5.104282909123417 30
1694508287969 4.90379805455683 31
1694508288115 4.333871691992313 32
1694508288255 4.85745660924351 33
1694508288384 5.008454663096242 34
1694508288528 4.855033230975117 35
1694508288665 4.810067572239604 36
1694508288797 4.734201932840717 37
1694508288976 5.236024774412341 38
1694508289146 4.670930432576371 39
1694508289293 4.756012265636906 40
1694508289436 5.060259169750583 41
1694508289563 5.034313792882319 42
1694508289703 4.533899243043143 43
1694508289845 4.743434589444008 44
1694508289981 4.948692797010642 45
1694508290098 4.447514968892387 46
1694508290241 4.917505161535233 47
1694508290379 5.048174528320209 48
1694508290514 4.793010959638917 49
