1694489985404 -238.093908253351 0
1694489985532 -233.34823771627956 1
1694489985669 -228.70626056424635 2
1694489985842 -224.16561690582012 3
1694489985965 -219.7240017466378 4
1694489986094 -215.37916375365705 5
1694489986218 -211.12890399000833 6
1694489986351 -206.97107467988297 7
1694489986482 -202.90357800274182 8
1694489986612 -198.92436491614387 9
1694489986733 -195.03143400651467 10
1694489986870 -191.22283036718687 11
1694489987007 -187.49664450306392 12
1694489987156 -183.8510112612723 13
1694489987285 -180.2841087871829 14
1694489987409 -176.79415750519738 15
1694489987545 -173.37941912370886 16
1694489987665 -170.03819566366178 17
1694489987785 -166.76882851014838 18
1694489987917 -163.56969748649271 19
1694489988041 -160.43921995028757 20
1694489988183 -157.37584991086035 21
1694489988313 -154.3780771676582 22
1694489988448 -151.44442646905438 23
1694489988572 -148.57345669108884 24
1694489988699 -145.7637600356694 25
1694489988826 -143.01396124776926 26
1694489988955 -140.3227168511694 27
1694489989081 -137.6887144023038 28
1694489989236 -135.11067176177707 29
1694489989396 -132.5873363831334 30
1694489989519 -130.11748461846673 31
1694489989636 -127.69992104047114 32
1694489989761 -125.33347778053998 33
1694489989885 -123.01701388253271 34
1694489990014 -120.74941467183557 35
1694489990142 -118.52959113935319 36
1694489990302 -116.35647934007548 37
1694489990427 -114.2290398058732 38
1694489990550 -112.14625697218383 39
1694489990669 -110.10713861825747 40
1694489990793 -108.11071532063998 41
1694489990914 -106.15603991957903 42
1694489991039 -104.2421869980457 43
1694489991169 -102.36825237307117 44
1694489991304 -100.53335259910665 45
1694489991419 -98.7366244831199 46
1694489991559 -96.97722461115002 47
1694489991694 -95.25432888604767 48
1694489991868 -93.5671320761352 49
