1694491024405 -109.59657431316923 0
1694491024549 -51.29954549381751 1
1694491024684 -23.77516051637933 2
1694491024826 -10.777431521069788 3
1694491024973 -4.644022911161876 4
1694491025124 -1.7472733953517805 5
1694491025254 -0.3800218149864525 6
1694491025398 0.26473282822183863 7
1694491025539 0.5688469589401808 8
1694491025683 0.7114618452209032 9
1694491025829 0.7783571933989042 10
1694491025960 0.8098696126859624 11
1694491026100 0.8246386734176216 12
1694491026255 0.8314442265029833 13
1694491026411 0.8345791662681455 14
1694491026550 0.8359201249788264 15
1694491026692 0.8365018195851295 16
1694491026839 0.836709466457837 17
1694491026984 0.8367840507569666 18
1694491027126 0.8367875017797315 19
1694491027261 0.8367575945676777 20
1694491027403 0.8366897351731464 21
1694491027555 0.8366794765440583 22
1694491027706 0.8366528724271979 23
1694491027854 0.8366412660430028 24
1694491027999 0.8366347027207739 25
1694491028145 0.8366046170720222 26
1694491028301 0.8365854208186609 27
1694491028477 0.8365481596481227 28
1694491028639 0.8365127651113553 29
1694491028786 0.8364961798997832 30
1694491028936 0.836505697142171 31
1694491029072 0.8365016602624064 32
1694491029219 0.8365227309769944 33
1694491029366 0.8365165858230947 34
1694491029513 0.836518170845964 35
