1694491024334 88.14032009474809 0
1694491024481 40.519394010512514 1
1694491024627 14.359282991351721 2
1694491024756 5.597991818111051 3
1694491024906 3.496831387562277 4
1694491025051 1.518385518708853 5
1694491025195 0.9022082103293058 6
1694491025329 0.5561499925328923 7
1694491025477 0.11478753990282702 8
1694491025614 0.2585249858608258 9
1694491025762 0.43762034138531697 10
1694491025902 0.17959407386907209 11
1694491026037 0.13230937945531474 12
1694491026186 0.01812762727891319 13
1694491026332 0.22610183214293725 14
1694491026487 0.29260204087021324 15
1694491026630 0.6137846183897768 16
1694491026770 0.26456827066107413 17
1694491026916 0.1932075652783059 18
1694491027063 0.031179307977754686 19
1694491027202 0.030671602791844794 20
1694491027335 0.01255745709939223 21
1694491027483 0.00014216971644039192 22
1694491027639 0.07462552158572197 23
1694491027783 0.06438154327050227 24
1694491027932 0.010008409784561108 25
1694491028077 0.008473672084131323 26
1694491028233 0.01542017829945054 27
1694491028402 0.01941504310287842 28
1694491028562 0.22356048954916927 29
1694491028719 0.014330674710306945 30
1694491028866 0.0001556147953481494 31
1694491029013 0.0002146030829522575 32
1694491029147 0.10576321816336273 33
1694491029298 2.4797865111057274e-05 34
1694491029447 0.21265830063103575 35
