1694510279829 -242.47519949868564 0
1694510279968 -238.85570675257244 1
1694510280114 -235.29001293970245 2
1694510280255 -231.7775093659155 3
1694510280397 -228.3171810720588 4
1694510280555 -224.90838797995838 5
1694510280715 -221.55030988325512 6
1694510280875 -218.24227400972154 7
1694510281037 -214.98340601964503 8
1694510281178 -211.7730328819314 9
1694510281316 -208.61059577398345 10
1694510281459 -205.4951675399762 11
1694510281603 -202.42610821253788 12
1694510281752 -199.4027510325969 13
1694510281892 -196.42428179710805 14
1694510282037 -193.490218024398 15
1694510282177 -190.5996832529053 16
1694510282321 -187.75228597706806 17
1694510282462 -184.94732602475185 18
1694510282599 -182.1840272056639 19
1694510282743 -179.4619484651917 20
1694510282876 -176.78027482841645 21
1694510283029 -174.13853684584933 22
1694510283178 -171.53622440646325 23
1694510283315 -168.9727568687277 24
1694510283456 -166.44728829333465 25
1694510283598 -163.95947409155016 26
1694510283738 -161.50854983546884 27
1694510283879 -159.0942727949217 28
1694510284024 -156.71590999291269 29
1694510284168 -154.37294365430287 30
1694510284308 -152.06483120948775 31
1694510284451 -149.79100697562876 32
1694510284594 -147.55094397054967 33
1694510284746 -145.34427337627278 34
1694510284887 -143.170444811735 35
1694510285032 -141.02898967541273 36
1694510285184 -138.9193518587683 37
1694510285339 -136.84121037629694 38
1694510285482 -134.79394540018856 39
1694510285625 -132.77721524174038 40
1694510285773 -130.7904424504653 41
1694510285913 -128.83326107169316 42
1694510286051 -126.90519854966466 43
1694510286176 -125.00575173062985 44
1694510286299 -123.134680283634 45
1694510286418 -121.2914425988415 46
1694510286544 -119.47558313659546 47
1694510286666 -117.68664572790172 48
1694510286795 -115.92446613382621 49
