1694510279737 164.41585416575458 0
1694510279874 162.71803267706312 1
1694510280017 163.64486537768974 2
1694510280163 155.89934379112717 3
1694510280300 157.85074354962555 4
1694510280449 154.38345689176137 5
1694510280609 152.61526344555094 6
1694510280764 147.9702196271127 7
1694510280933 148.8577530092976 8
1694510281084 147.35233211864295 9
1694510281225 140.41762463093616 10
1694510281364 140.70286062129085 11
1694510281508 138.11939912310504 12
1694510281650 135.1604770020125 13
1694510281802 137.90121660524122 14
1694510281941 131.95174376089318 15
1694510282083 134.45586626623748 16
1694510282225 129.43933052590523 17
1694510282370 126.36563444192089 18
1694510282508 126.71141564717492 19
1694510282648 120.99187639214787 20
1694510282789 123.19068435033962 21
1694510282925 122.05281840226613 22
1694510283082 115.02523661566659 23
1694510283226 109.91252933058563 24
1694510283361 113.72194914314407 25
1694510283503 109.92825921523183 26
1694510283645 113.18732526824114 27
1694510283787 105.48488364460066 28
1694510283927 104.16856312952841 29
1694510284077 102.56965742383913 30
1694510284215 102.09750189675069 31
1694510284354 102.17646307933092 32
1694510284502 103.49622429916899 33
1694510284648 99.9435804747526 34
1694510284795 98.8281815035282 35
1694510284937 95.90729569571174 36
1694510285077 97.80173817274843 37
1694510285236 91.873572034906 38
1694510285387 91.89233263071104 39
1694510285530 89.18109768343813 40
1694510285672 89.23844637560778 41
1694510285821 87.14515523464901 42
1694510285965 86.6482143268345 43
1694510286092 89.19232884576869 44
1694510286218 82.14133487949427 45
1694510286339 80.76219742409452 46
1694510286460 81.27595563160254 47
1694510286585 85.3834387655427 48
1694510286709 79.15040540508801 49
