1694490102741 81.82566948141763 0
1694490102894 58.488776877078216 1
1694490103039 23.26420946129093 2
1694490103185 6.7052274254722795 3
1694490103332 3.261035565782829 4
1694490103481 3.2995074181291746 5
1694490103620 1.586736331623244 6
1694490103762 0.7605170103953857 7
1694490103910 0.32276883634560066 8
1694490104056 0.16619017240402553 9
1694490104203 0.006307601326257741 10
1694490104343 0.13120355890866325 11
1694490104486 0.011025368145402352 12
1694490104624 0.005526918882135553 13
1694490104764 0.0001936189344736864 14
1694490104895 0.02436932077126473 15
1694490105028 0.012213890534681185 16
1694490105172 0.0001272229089775263 17
1694490105319 0.0012032759326947328 18
1694490105465 0.4092674570513556 19
1694490105611 0.00456445702480349 20
1694490105752 0.007499069542880151 21
1694490105890 0.12933242728037211 22
1694490106034 0.002568639370729993 23
1694490106188 0.0035141329627762894 24
1694490106328 0.7167463884173958 25
1694490106472 0.6531640437759471 26
1694490106622 0.0005621503900765532 27
1694490106768 0.08607763614338813 28
1694490106916 0.039470053057873475 29
1694490107060 0.31361625360958556 30
1694490107204 0.22583757575304572 31
1694490107348 0.0781112816567233 32
1694490107487 0.2612071191133448 33
1694490107624 0.0520077315265126 34
1694490107768 0.18628208363267545 35
1694490107914 0.10459739950310737 36
1694490108063 0.176658007397286 37
1694490108206 0.01530694482017855 38
1694490108340 0.1278557036818143 39
1694490108482 0.03138264768168424 40
1694490108617 0.01803354980026286 41
1694490108774 0.01545389477408377 42
1694490108919 0.04478345711218553 43
1694490109051 0.15739100655238258 44
1694490109204 0.27164900981835344 45
1694490109340 0.18153069567359154 46
1694490109471 0.0005020094132233119 47
1694490109612 1.2062158097336302 48
1694490109749 0.1030124518693278 49
