1694491557626 169.58739947316056 0
1694491557803 169.2481456835654 1
1694491557945 168.91295872376404 2
1694491558076 168.57843624170215 3
1694491558206 168.2445769535407 4
1694491558341 167.91137954398468 5
1694491558484 167.5788427003493 6
1694491558632 167.24696511255414 7
1694491558777 166.91574547311836 8
1694491558895 166.58518247715534 9
1694491559019 166.25527482236743 10
1694491559161 165.9260212090411 11
1694491559284 165.59742034004157 12
1694491559415 165.26947092080775 13
1694491559543 164.9421716593472 14
1694491559684 164.61552126623093 15
1694491559819 164.28951845458843 16
1694491559953 163.96416194010246 17
1694491560091 163.639450441004 18
1694491560224 163.31538267806732 19
1694491560379 162.9919573746049 20
1694491560533 162.6691732564621 21
1694491560687 162.34702905201263 22
1694491560836 162.02552349215313 23
1694491560975 161.70465531029834 24
1694491561105 161.38442324237602 25
1694491561234 161.06482602682206 26
1694491561363 160.74586240457538 27
1694491561485 160.42753111907314 28
1694491561606 160.10983091624547 29
1694491561753 159.79276054451097 30
1694491561872 159.47631875477123 31
1694491562006 159.16050430040642 32
1694491562131 158.84531593727007 33
1694491562273 158.53075242368416 34
1694491562392 158.21681252043436 35
1694491562520 157.90349499076504 36
1694491562646 157.5907986003744 37
1694491562785 157.27872211740964 38
1694491562923 156.9672643124621 39
1694491563077 156.65642395856227 40
1694491563233 156.34619983117523 41
1694491563367 156.03659070819543 42
1694491563491 155.72759536994224 43
1694491563614 155.41921259915497 44
1694491563745 155.11144118098807 45
1694491563867 154.8042799030062 46
1694491563992 154.4977275551798 47
1694491564113 154.19178292987996 48
1694491564240 153.88644482187385 49
