1694489948673 -245.49437619187088 0
1694489948821 -245.44516853635196 1
1694489948947 -245.39597170199173 2
1694489949093 -245.34678568631145 3
1694489949245 -245.2976104868329 4
1694489949375 -245.24844610107868 5
1694489949497 -245.19929252657175 6
1694489949615 -245.1501497608358 7
1694489949750 -245.10101780139507 8
1694489949926 -245.05189664577426 9
1694489950058 -245.00278629149875 10
1694489950185 -244.95368673609457 11
1694489950315 -244.90459797708817 12
1694489950459 -244.85552001200676 13
1694489950598 -244.80645283837794 14
1694489950759 -244.75739645372994 15
1694489950891 -244.70835085559173 16
1694489951016 -244.65931604149273 17
1694489951152 -244.6102920089629 18
1694489951287 -244.56127875553273 19
1694489951410 -244.51227627873354 20
1694489951552 -244.463284576097 21
1694489951671 -244.41430364515543 22
1694489951796 -244.36533348344173 23
1694489951945 -244.3163740884894 24
1694489952099 -244.26742545783247 25
1694489952244 -244.21848758900555 26
1694489952383 -244.16956047954395 27
1694489952514 -244.12064412698336 28
1694489952636 -244.07173852886015 29
1694489952761 -244.0228436827113 30
1694489952912 -243.9739595860743 31
1694489953044 -243.92508623648723 32
1694489953203 -243.87622363148884 33
1694489953338 -243.82737176861832 34
1694489953463 -243.7785306454155 35
1694489953586 -243.7297002594208 36
1694489953712 -243.68088060817516 37
1694489953843 -243.6320716892201 38
1694489953972 -243.58327350009793 39
1694489954086 -243.53448603835116 40
1694489954232 -243.4857093015232 41
1694489954378 -243.4369432871578 42
1694489954524 -243.38818799279946 43
1694489954658 -243.33944341599314 44
1694489954784 -243.2907095542845 45
1694489954932 -243.2419864052196 46
1694489955058 -243.1932739663453 47
1694489955184 -243.14457223520878 48
1694489955314 -243.09588120935803 49
