1694489948582 168.68591457195453 0
1694489948712 168.65220611982448 1
1694489948860 168.6185050834403 2
1694489948982 168.58481146110307 3
1694489949139 168.55112525111406 4
1694489949284 168.51744645177519 5
1694489949411 168.48377506138854 6
1694489949528 168.45011107825675 7
1694489949653 168.4164545006828 8
1694489949815 168.38280532697001 9
1694489949968 168.34916355542225 10
1694489950095 168.31552918434357 11
1694489950219 168.28190221203866 12
1694489950356 168.24828263681243 13
1694489950501 168.21467045697025 14
1694489950639 168.18106567081793 15
1694489950795 168.14746827666153 16
1694489950926 168.11387827280768 17
1694489951050 168.08029565756334 18
1694489951195 168.0467204292358 19
1694489951324 168.01315258613286 20
1694489951453 167.97959212656266 21
1694489951585 167.94603904883368 22
1694489951710 167.91249335125494 23
1694489951840 167.87895503213574 24
1694489951989 167.84542408978575 25
1694489952140 167.8119005225152 26
1694489952283 167.77838432863456 27
1694489952416 167.7448755064547 28
1694489952550 167.71137405428698 29
1694489952669 167.67787997044312 30
1694489952801 167.6443932532352 31
1694489952956 167.6109139009757 32
1694489953085 167.57744191197753 33
1694489953242 167.543977284554 34
1694489953378 167.51052001701876 35
1694489953504 167.47707010768593 36
1694489953627 167.44362755486998 37
1694489953751 167.41019235688572 38
1694489953878 167.37676451204848 39
1694489954002 167.3433440186739 40
1694489954125 167.30993087507795 41
1694489954274 167.27652507957725 42
1694489954414 167.24312663048852 43
1694489954569 167.209735526129 44
1694489954696 167.1763517648164 45
1694489954824 167.14297534486863 46
1694489954974 167.10960626460417 47
1694489955093 167.07624452234188 48
1694489955219 167.04289011640088 49
