1694508694803 169.46801807499205 0
1694508694957 169.1293609637738 1
1694508695121 168.79144866015216 2
1694508695295 168.45427945842866 3
1694508695492 168.11785165689983 4
1694508695684 167.78216355784767 5
1694508695852 167.44721346753016 6
1694508696001 167.1129996961719 7
1694508696157 166.7795205579546 8
1694508696320 166.446774371008 9
1694508696471 166.11475945740008 10
1694508696686 165.7834741431281 11
1694508696853 165.45291675810904 12
1694508697032 165.12308563617046 13
1694508697229 164.79397911504117 14
1694508697412 164.46559553634202 15
1694508697612 164.13793324557662 16
1694508697834 163.8109905921222 17
1694508698037 163.4847659292204 18
1694508698198 163.15925761396804 19
1694508698368 162.83446400730818 20
1694508698543 162.51038347402087 21
1694508698757 162.187014382714 22
1694508698953 161.86435510581433 23
1694508699134 161.54240401955846 24
1694508699307 161.22115950398373 25
1694508699505 160.9006199429192 26
1694508699708 160.58078372397688 27
1694508699912 160.26164923854233 28
1694508700092 159.94321488176624 29
1694508700300 159.62547905255508 30
1694508700445 159.30844015356251 31
1694508700602 158.99209659118029 32
1694508700769 158.67644677552948 33
1694508700950 158.36148912045172 34
1694508701131 158.04722204350028 35
1694508701283 157.73364396593132 36
1694508701444 157.42075331269504 37
1694508701607 157.10854851242712 38
1694508701767 156.7970279974398 39
1694508701943 156.48619020371328 40
1694508702139 156.1760335708869 41
1694508702342 155.8665565422506 42
1694508702505 155.5577575647364 43
1694508702663 155.24963508890932 44
1694508702810 154.94218756895924 45
1694508702992 154.63541346269218 46
1694508703138 154.32931123152161 47
1694508703308 154.02387934045993 48
1694508703515 153.7191162581101 49
