1694489680122 -200.0039721002424 0
1694489680216 -172.59301199079428 1
1694489680310 -149.30302286772425 2
1694489680419 -129.48822818791425 3
1694489680525 -112.60863391828988 4
1694489680613 -98.20631417931898 5
1694489680699 -85.901038962488 6
1694489680798 -75.37000245489551 7
1694489680887 -66.34215958564577 8
1694489680984 -58.589875296769634 9
1694489681090 -51.92104234352061 10
1694489681188 -46.17457787558694 11
1694489681291 -41.21304902411313 12
1694489681388 -36.92067165287586 13
1694489681489 -33.200307762481074 14
1694489681592 -29.969311829125886 15
1694489681694 -27.157447908641334 16
1694489681801 -24.705474521886003 17
1694489681899 -22.563169578078575 18
1694489682002 -20.687736280055066 19
1694489682089 -19.042285534623186 20
1694489682185 -17.59564222966698 21
1694489682281 -16.32158679226217 22
1694489682382 -15.19704005561405 23
1694489682481 -14.202677783680109 24
1694489682577 -13.322067950010057 25
1694489682677 -12.540301211275827 26
1694489682778 -11.845383090359887 27
1694489682876 -11.226474212457715 28
1694489682976 -10.674261413001695 29
1694489683077 -10.18092148877886 30
1694489683178 -9.739528980321934 31
1694489683275 -9.344323658533009 32
1694489683379 -8.98967882959343 33
1694489683479 -8.671004342474701 34
1694489683566 -8.384315578335826 35
1694489683662 -8.126157579644543 36
1694489683752 -7.893354640550665 37
1694489683850 -7.68337035102509 38
1694489683947 -7.493746969847706 39
1694489684047 -7.322212455882145 40
1694489684149 -7.166890045041528 41
1694489684243 -7.0265209952145415 42
1694489684341 -6.899434089304406 43
1694489684441 -6.783874640820897 44
1694489684535 -6.679135004686658 45
1694489684635 -6.5839478795448505 46
1694489684736 -6.49754044073466 47
1694489684826 -6.419103728670682 48
1694489684933 -6.347766325308569 49
