1694489680062 148.36159203839085 0
1694489680158 126.90542159035462 1
1694489680251 107.93856265768645 2
1694489680347 94.80437696250864 3
1694489680457 81.0231211355428 4
1694489680558 75.04055662666099 5
1694489680642 62.354279699411 6
1694489680736 54.02264189972693 7
1694489680827 48.84599662857639 8
1694489680918 44.116632902670226 9
1694489681020 37.807946215219985 10
1694489681125 34.72466227904397 11
1694489681227 30.537730579799003 12
1694489681327 28.05079427813481 13
1694489681422 24.948965973263245 14
1694489681524 22.681671041784483 15
1694489681628 20.20410423637652 16
1694489681729 18.65376914154714 17
1694489681835 17.617561856056938 18
1694489681933 15.463174185672587 19
1694489682032 13.686409862467077 20
1694489682119 13.864782206263051 21
1694489682214 12.536512588710751 22
1694489682316 11.636165448781759 23
1694489682416 11.06488932320758 24
1694489682511 9.470443334669751 25
1694489682611 10.167644589974094 26
1694489682712 9.164814264181885 27
1694489682817 9.141389635584586 28
1694489682910 8.50563828803016 29
1694489683011 8.539185507248382 30
1694489683111 8.491026514225428 31
1694489683215 7.74828385151417 32
1694489683312 7.241764219253828 33
1694489683415 6.920221404890192 34
1694489683510 7.374260486510566 35
1694489683597 7.142632171000921 36
1694489683691 6.264469727832009 37
1694489683786 6.548200394821149 38
1694489683880 6.4080242105750385 39
1694489683981 6.659707292371794 40
1694489684081 6.167751093729577 41
1694489684185 5.634740597277123 42
1694489684272 5.325437538554551 43
1694489684374 6.068671338703682 44
1694489684474 6.111143746772395 45
1694489684569 5.753396944831846 46
1694489684670 5.896488562882158 47
1694489684771 5.742717239288639 48
1694489684859 5.087515751022645 49
