1694490144739 0.5847815110777219 0
1694490144884 0.7959964920608171 1
1694490145029 0.7933550986789125 2
1694490145161 0.7980889939810817 3
1694490145302 0.7903333816388323 4
1694490145450 0.8054662120367967 5
1694490145585 0.7994370601535509 6
1694490145726 0.7952076394825622 7
1694490145873 0.8002702305078724 8
1694490146012 0.8060869417582506 9
1694490146140 0.8054341812192614 10
1694490146284 0.7907886464418163 11
1694490146421 0.8046126930431301 12
1694490146558 0.8051118868654406 13
1694490146692 0.7994742835473764 14
1694490146831 0.7934098296635061 15
1694490146966 0.7946819755031846 16
1694490147109 0.7971641686948521 17
1694490147251 0.7955711886681677 18
1694490147388 0.8028570036150506 19
1694490147533 0.8017728752892632 20
1694490147672 0.7908597233290697 21
1694490147802 0.7930562543091331 22
1694490147931 0.7956007756225407 23
1694490148059 0.7953479515852282 24
1694490148194 0.7907039306624319 25
1694490148324 0.7955664632608345 26
1694490148467 0.7966558862625619 27
1694490148618 0.803688277731906 28
1694490148763 0.7973351159242099 29
1694490148902 0.8025095474837953 30
1694490149039 0.8070942472751045 31
1694490149174 0.7980765726915082 32
1694490149309 0.7988636905292447 33
1694490149450 0.7946108834093517 34
1694490149589 0.8077731636673048 35
1694490149737 0.7958376376398953 36
1694490149882 0.8064405601400002 37
1694490150029 0.7995339074928862 38
1694490150176 0.8025301112564655 39
1694490150320 0.7970744481285051 40
1694490150461 0.7933504354187104 41
1694490150594 0.8007674284066216 42
1694490150732 0.7988893716536178 43
1694490150866 0.8019633292404176 44
1694490151018 0.8046192005148249 45
1694490151166 0.8077455756644674 46
1694490151309 0.8016937694963253 47
1694490151450 0.7923179402473755 48
1694490151590 0.8059515223597455 49
