1694490144671 0.459572341700951 0
1694490144817 0.007018901554753655 1
1694490144963 0.08685572138111572 2
1694490145103 0.004710236621752558 3
1694490145237 0.007378032622093981 4
1694490145391 0.119801663039125 5
1694490145521 0.12167975324146163 6
1694490145664 0.14353467586361054 7
1694490145804 0.008749928486016226 8
1694490145954 0.048022906388865534 9
1694490146083 0.25325192608000013 10
1694490146217 0.5046840048088583 11
1694490146364 0.3541117516839316 12
1694490146499 0.9144395733051333 13
1694490146634 0.6320314887082575 14
1694490146770 0.02629350684779388 15
1694490146906 0.003188097607884921 16
1694490147040 0.12497811606713294 17
1694490147188 0.021760389831032304 18
1694490147325 0.08195833269755545 19
1694490147470 0.5437276003324462 20
1694490147611 3.9186395204914375e-07 21
1694490147746 0.0006307297347008369 22
1694490147876 0.014425422645780249 23
1694490148002 0.007175493274150219 24
1694490148133 0.17140455586082665 25
1694490148268 0.11514192491918214 26
1694490148407 0.01802136584728055 27
1694490148562 0.004043929221309363 28
1694490148696 0.4093853699481875 29
1694490148837 0.11415495807263518 30
1694490148982 0.00015452391783049712 31
1694490149112 0.3654988813889852 32
1694490149247 0.07615474121896526 33
1694490149381 0.48154764881348033 34
1694490149528 0.04616556446628094 35
1694490149670 1.360480641615617 36
1694490149816 0.05550104566123852 37
1694490149964 0.27346533215494295 38
1694490150107 0.3221299440892425 39
1694490150255 0.38778510881655903 40
1694490150399 0.012345405829389599 41
1694490150537 0.17727427412562652 42
1694490150669 0.033089719706156005 43
1694490150806 0.10228687457532928 44
1694490150947 0.17302898724184052 45
1694490151097 0.49573381607639844 46
1694490151243 0.010327425831965218 47
1694490151387 0.06879881739617114 48
1694490151522 0.018537127531767353 49
