1694490954876 -118.00369413664151 0
1694490955023 -59.64966919457915 1
1694490955171 -29.94522327814504 2
1694490955320 -14.825824135249924 3
1694490955462 -7.130981086656362 4
1694490955607 -3.2150027641024703 5
1694490955746 -1.222168431425743 6
1694490955890 -0.20792398714450422 7
1694490956034 0.30685287821816776 8
1694490956192 0.5688061901351513 9
1694490956338 0.7018652193191208 10
1694490956474 0.7690663949777546 11
1694490956618 0.8030065520175755 12
1694490956759 0.820183010066398 13
1694490956911 0.8288279014111367 14
1694490957051 0.8330150668309226 15
1694490957195 0.8350548083267124 16
1694490957340 0.8360352090010993 17
1694490957479 0.8364763970949047 18
1694490957619 0.8366835395331524 19
1694490957763 0.8367625650722186 20
1694490957911 0.8367714816006848 21
1694490958057 0.836740343823986 22
1694490958199 0.8367298688037215 23
1694490958335 0.8366844862360037 24
1694490958471 0.8366811524461033 25
1694490958611 0.8366517924505571 26
1694490958750 0.8366097102993066 27
1694490958897 0.8365874784789326 28
1694490959036 0.8365741801697771 29
1694490959175 0.8365507547187152 30
1694490959317 0.8365341005011284 31
1694490959458 0.8365338310247905 32
