1694506814953 -1.202504457155133 0
1694506815279 -1.0996102022954144 1
1694506815693 -1.1718087930542067 2
1694506816045 -1.1708197505167437 3
1694506816467 -1.189081206571406 4
1694506816902 -1.1202208718750364 5
1694506817343 -1.1701005072248094 6
1694506817754 -1.080358802601824 7
1694506818123 -1.2083350206857215 8
1694506818593 -1.157844172620277 9
1694506819048 -1.1399154603465185 10
1694506819471 -1.2220294627182926 11
1694506819899 -1.1545526688259917 12
1694506820317 -1.1751362910038226 13
1694506820745 -1.140805329856422 14
1694506821197 -1.182890719269969 15
1694506821615 -1.2148275017117762 16
1694506822008 -1.1082624701589543 17
1694506822425 -1.1004919089144973 18
1694506822839 -1.1531208572271532 19
1694506823279 -1.129103739492765 20
1694506823755 -1.167778584065636 21
1694506824184 -1.099839202668719 22
1694506824575 -1.1839565735216158 23
1694506824942 -1.206760108280104 24
1694506825330 -1.1694168019382123 25
1694506825772 -1.2037078183318104 26
1694506826140 -1.203078133950692 27
1694506826496 -1.162644055636619 28
1694506826927 -1.1914472928290691 29
1694506827371 -1.219431716773565 30
1694506827792 -1.1774601050471327 31
1694506828236 -1.2708997678056049 32
1694506828676 -1.1356738190309565 33
1694506829110 -1.1717002190268868 34
1694506829540 -1.153924388388714 35
1694506829980 -1.1426915741280799 36
1694506830426 -1.1880778308689446 37
1694506830848 -1.203619448464062 38
1694506831265 -1.233941422520588 39
1694506831599 -1.2093854262896682 40
1694506831997 -1.1724454947632186 41
1694506832408 -1.197327870663773 42
1694506832857 -1.117441782017532 43
1694506833290 -1.1144653803228595 44
1694506833728 -1.1196655974543215 45
1694506834143 -1.174794221638189 46
1694506834507 -1.183988293860808 47
1694506834915 -1.1534328493891866 48
1694506835293 -1.1663480373761579 49
