1694506814773 2.9382002051734784 0
1694506815109 1.2421789350253625 1
1694506815498 0.8390462934918858 2
1694506815856 1.2082881750970111 3
1694506816199 5.051521912726272 4
1694506816643 0.37213246382833165 5
1694506817081 3.3206011659370573 6
1694506817528 1.4012703080428384 7
1694506817938 2.4125565649907186 8
1694506818321 0.44414721328147966 9
1694506818783 2.7568158744036992 10
1694506819227 2.2302506506384145 11
1694506819670 1.690338390298402 12
1694506820078 1.6354281121551777 13
1694506820497 2.5022112248741695 14
1694506820934 1.427522637773833 15
1694506821364 1.04533904759406 16
1694506821807 0.012599490965379427 17
1694506822179 0.6145980314240255 18
1694506822624 0.9377364577352457 19
1694506823023 1.2605610941703345 20
1694506823469 0.39642683165541615 21
1694506823943 2.4578113443217973 22
1694506824357 3.4773862247458296 23
1694506824771 1.7803874351040336 24
1694506825104 2.3609639705935583 25
1694506825575 3.0683125433159115 26
1694506825941 0.6515141005559962 27
1694506826300 1.0496862229468886 28
1694506826680 0.6218138643072627 29
1694506827124 2.040251439096965 30
1694506827548 3.478989774799401 31
1694506827983 1.3456212012045858 32
1694506828418 1.5800399106338152 33
1694506828861 1.6954799151290922 34
1694506829290 0.5291004172062849 35
1694506829728 2.768710706965721 36
1694506830174 2.27849637587099 37
1694506830591 1.071303304010521 38
1694506831049 1.0684945439624305 39
1694506831440 0.8942935118815589 40
1694506831757 1.242490469624426 41
1694506832148 2.2908630520400304 42
1694506832583 1.737181246425903 43
1694506833042 1.228359184249363 44
1694506833474 2.195776479122794 45
1694506833924 1.159888938080622 46
1694506834321 1.7303816561622896 47
1694506834676 1.1287724873196472 48
1694506835086 1.0951387152841923 49
