1694509380405 -211.8427652267387 0
1694509380559 -182.4875060509901 1
1694509380706 -157.20341004960952 2
1694509380843 -135.42457897826552 3
1694509380975 -116.66450607020593 4
1694509381121 -100.50497479674205 5
1694509381247 -86.58036188130205 6
1694509381359 -74.58361265184952 7
1694509381480 -64.24391505518673 8
1694509381591 -55.33470255236704 9
1694509381712 -47.656800984348 10
1694509381830 -41.03654138713111 11
1694509382012 -35.33042002815723 12
1694509382197 -30.41187466643999 13
1694509382326 -26.169512974145096 14
1694509382454 -22.510523263781007 15
1694509382595 -19.355057532628294 16
1694509382730 -16.632316903784044 17
1694509382896 -14.28345764047889 18
1694509383034 -12.255966464951687 19
1694509383173 -10.505987772650956 20
1694509383317 -8.994613909168327 21
1694509383455 -7.689666769801821 22
1694509383593 -6.562740310052435 23
1694509383726 -5.588707928798588 24
1694509383857 -4.747017813639954 25
1694509383985 -4.018966092021592 26
1694509384115 -3.3895971846525654 27
1694509384240 -2.844949765505146 28
1694509384363 -2.373576272673113 29
1694509384487 -1.9654142930011163 30
1694509384621 -1.611810605143733 31
1694509384745 -1.3053467372648937 32
1694509384872 -1.0397144274272505 33
1694509385000 -0.8092583302870886 34
1694509385122 -0.6092307388733753 35
1694509385247 -0.4355399557267363 36
1694509385374 -0.2845645427421375 37
1694509385506 -0.15332030229387206 38
1694509385645 -0.03913857748422256 39
1694509385778 0.060297834379768656 40
1694509385903 0.14695813852853123 41
1694509386028 0.22252746598966278 42
1694509386166 0.2884897072049143 43
1694509386302 0.3461403854055959 44
1694509386440 0.3965481314715884 45
1694509386573 0.4406786807655648 46
1694509386700 0.4793610638720326 47
1694509386824 0.5132336871757458 48
1694509386949 0.5429987457890325 49
