1694506797660 -1.0398083399084554 0
1694506797985 -1.103049012379707 1
1694506798368 -1.0916610925400532 2
1694506798695 -1.0362783566669753 3
1694506799022 -1.1057613918294744 4
1694506799314 -1.1040018941429817 5
1694506799646 -1.0728638765210938 6
1694506799973 -1.0404656534382224 7
1694506800306 -1.08039149098762 8
1694506800677 -1.0435655311459522 9
1694506801016 -1.0682838906021135 10
1694506801381 -1.0502714150504797 11
1694506801707 -1.0352714539792087 12
1694506802036 -1.089501308777527 13
1694506802353 -1.0885638386828833 14
1694506802655 -1.076997207395526 15
1694506802949 -1.1071608841219898 16
1694506803249 -1.117849267830553 17
1694506803652 -1.1474938665584524 18
1694506803992 -1.0809295869492588 19
1694506804354 -1.1289331165108334 20
1694506804708 -1.081072895039847 21
1694506805072 -1.000553429021251 22
1694506805409 -1.0709095938340183 23
1694506805726 -1.0679236888938735 24
1694506806106 -1.0595704923418903 25
1694506806441 -1.0601102311943849 26
1694506806730 -1.0905836557703914 27
1694506807032 -1.1511176878525395 28
1694506807383 -1.144418715029365 29
1694506807742 -1.1073912243359292 30
1694506808098 -1.1145848863087728 31
1694506808477 -1.0214005849290442 32
1694506808790 -1.0995919994347672 33
1694506809122 -1.052859638660025 34
1694506809487 -1.0465217090655643 35
1694506809809 -1.0224912679494804 36
1694506810095 -1.0715710882445757 37
1694506810411 -1.0794171213055779 38
1694506810715 -1.0684020215727759 39
1694506811003 -1.1098907964411828 40
1694506811288 -1.1209286507654994 41
1694506811583 -1.058493296973929 42
1694506811910 -1.1255481772734992 43
1694506812259 -1.0695294057844205 44
1694506812547 -1.0433150022002087 45
1694506812866 -1.063542192160316 46
1694506813217 -1.0698648192825848 47
1694506813540 -1.1034728880939637 48
1694506813839 -1.1064688960271885 49
