1694506797474 0.9336840577667691 0
1694506797794 1.5783966581089701 1
1694506798136 1.2781069152031272 2
1694506798492 1.3783916518779644 3
1694506798838 1.1031871692131983 4
1694506799146 1.075232201541559 5
1694506799446 2.434860181335363 6
1694506799768 1.4027442032708404 7
1694506800120 1.0980440794038135 8
1694506800444 1.8394778466477029 9
1694506800811 2.058804682745065 10
1694506801141 0.9554773490147824 11
1694506801518 3.6429721577694525 12
1694506801849 1.6280622567746683 13
1694506802163 0.6731614157722448 14
1694506802462 1.5431367340804596 15
1694506802787 1.3274479672816135 16
1694506803082 1.400926157707404 17
1694506803381 1.86046740824579 18
1694506803779 1.8023572086809174 19
1694506804143 2.6364827676888063 20
1694506804492 1.1287757150400968 21
1694506804855 0.587782808341504 22
1694506805209 2.0000026373460993 23
1694506805543 1.270720951964745 24
1694506805871 2.670064750976945 25
1694506806244 3.3866094881568527 26
1694506806560 1.6373633877560114 27
1694506806867 1.8459423594510898 28
1694506807171 1.1584092721749721 29
1694506807521 1.5107804972638754 30
1694506807893 2.643175084249264 31
1694506808259 1.1489619284617345 32
1694506808610 0.1520495944265422 33
1694506808925 1.3536785518542631 34
1694506809260 1.394779720871249 35
1694506809647 1.3774977430018531 36
1694506809918 1.1754562002907534 37
1694506810218 2.457401802928187 38
1694506810536 1.5316328016628127 39
1694506810837 2.3934294337649114 40
1694506811133 0.6291633411771417 41
1694506811395 1.5044560601515478 42
1694506811707 0.9382732932455968 43
1694506812044 0.06383853120250683 44
1694506812398 0.14395456598353348 45
1694506812672 1.3432461735985173 46
1694506812995 1.2504151024768633 47
1694506813358 2.1010606520698794 48
1694506813663 2.3087567430524776 49
