1694490859992 0.05915584773558609 0
1694490860135 0.2390074354081444 1
1694490860291 0.00020844320347858587 2
1694490860445 0.22301162307928774 3
1694490860589 0.1435322469104236 4
1694490860729 0.011508295651124484 5
1694490860871 0.004544492510459635 6
1694490861022 0.010375891604192484 7
1694490861179 0.014414240867970256 8
1694490861331 0.01915302809627246 9
1694490861474 0.04648184049960838 10
1694490861618 0.03872752182725853 11
1694490861764 0.03262554171516487 12
1694490861909 0.0005741033094398625 13
1694490862049 0.006437107310714479 14
1694490862179 0.09601721502935281 15
1694490862322 0.05331628871422758 16
1694490862474 0.08504947133668261 17
1694490862619 0.07749072438857317 18
1694490862757 0.014405325064429647 19
1694490862896 0.0002042063567172085 20
1694490863040 1.0528822018595465 21
1694490863185 0.03083172798074369 22
1694490863344 0.22402729397772878 23
1694490863488 0.17653123897776285 24
1694490863630 0.005145700331557164 25
1694490863772 2.0391423887295348e-06 26
1694490863912 0.07500669247072446 27
1694490864058 0.06918342106905435 28
1694490864204 0.02719670845693161 29
1694490864334 0.0006979612736695241 30
1694490864483 0.03685604768004009 31
1694490864628 0.0013915985662203824 32
1694490864764 0.5143707752187127 33
1694490864911 0.008721110230882108 34
1694490865056 0.10870279907914064 35
1694490865199 0.13626599796586092 36
1694490865337 0.07807494514913368 37
1694490865502 0.00947769257003646 38
1694490865647 0.01891423243607374 39
1694490865790 0.03774970991918751 40
1694490865943 0.2611560645958929 41
1694490866096 0.0773089208402617 42
1694490866247 0.18112594497391718 43
1694490866377 5.019890249024215e-05 44
1694490866509 0.007023784811757013 45
1694490866668 1.1984989507791184 46
1694490866809 0.0012241076510745 47
1694490866957 0.008179926583718692 48
1694490867096 0.17401287452633124 49
