1694508092085 -6.919299395361934 0
1694508092391 -6.061452163236451 1
1694508092674 -6.140224556254404 2
1694508092964 -6.079679669982739 3
1694508093246 -6.142975829423249 4
1694508093707 -6.119022137375123 5
1694508093951 -6.146355685489544 6
1694508094200 -6.150628536340475 7
1694508094492 -6.118507786149879 8
1694508094769 -6.047670108602095 9
1694508095050 -6.144107259669339 10
1694508095334 -6.197484750938748 11
1694508095605 -6.230378401605978 12
1694508095865 -6.084665983157719 13
1694508096138 -6.087395869897653 14
1694508096418 -6.054254262774849 15
1694508096711 -6.177748450142376 16
1694508096974 -6.034835448046767 17
1694508097249 -6.05712685693912 18
1694508097520 -6.145392936546723 19
1694508097766 -6.0565935096083585 20
1694508098028 -6.087644253939254 21
1694508098279 -6.0332647631868195 22
1694508098547 -6.136434302696004 23
1694508098842 -6.066310949560974 24
1694508099116 -6.131428653207497 25
1694508099409 -6.078375921540632 26
1694508099674 -6.092737239139459 27
1694508099926 -6.107274493124741 28
1694508100162 -6.093591251563087 29
1694508100383 -6.124989036609076 30
1694508100615 -6.134598794106372 31
1694508100857 -6.09388530397353 32
1694508101124 -6.088684522732262 33
1694508101351 -6.086647784312096 34
1694508101587 -6.025136744643702 35
1694508101846 -6.064060258688743 36
1694508102101 -6.125455055038269 37
1694508102339 -6.103481607926212 38
1694508102568 -6.108421857453691 39
1694508102815 -6.112074955012676 40
1694508103037 -6.054298188828846 41
1694508103282 -6.071652882388834 42
1694508103505 -6.126744502337768 43
1694508103759 -6.189013772677221 44
1694508103991 -6.061843688818458 45
1694508104246 -6.043754606552732 46
1694508104500 -6.1196115676251095 47
1694508104747 -6.219148726055553 48
1694508104991 -6.1661864062898655 49
