1694508091925 6.174834049223331 0
1694508092230 6.147728125661628 1
1694508092531 5.183783246068165 2
1694508092813 2.8094534658254195 3
1694508093097 2.55301980561942 4
1694508093380 2.300166278514897 5
1694508093827 3.0579715925959388 6
1694508094078 3.0957992570848463 7
1694508094345 5.072794827885565 8
1694508094645 5.016717609614837 9
1694508094899 3.711326421167324 10
1694508095189 3.962907422574364 11
1694508095471 8.140726845610779 12
1694508095737 5.569018628436516 13
1694508095992 4.2748334583645295 14
1694508096274 5.569522407447882 15
1694508096569 4.288284100922356 16
1694508096842 3.694740366486618 17
1694508097113 3.7137456122109604 18
1694508097381 4.350033410730595 19
1694508097643 3.848977021072514 20
1694508097889 8.857129895880188 21
1694508098157 6.238344856070681 22
1694508098408 6.2560482357550855 23
1694508098705 3.486488862430949 24
1694508098985 7.121794488837996 25
1694508099240 10.175929235863535 26
1694508099544 5.83362839267206 27
1694508099820 4.1517333836534185 28
1694508100053 3.749083441119348 29
1694508100277 4.276684930799851 30
1694508100509 5.581141480074741 31
1694508100754 4.2633338244555885 32
1694508101021 4.445688392108492 33
1694508101241 1.3972110158566236 34
1694508101489 4.253269521479361 35
1694508101735 4.552238048509674 36
1694508101985 3.5642744764419256 37
1694508102228 2.695135199695085 38
1694508102459 4.311838846469443 39
1694508102705 5.406277503337012 40
1694508102930 6.632554509083859 41
1694508103172 4.78499891578354 42
1694508103403 6.581764930082827 43
1694508103646 5.147511463355752 44
1694508103893 5.558862937610763 45
1694508104129 4.470282089152592 46
1694508104383 4.0020639848057264 47
1694508104625 4.362660949949147 48
1694508104866 4.714932638156792 49
