1694510194469 0.6971521639012335 0
1694510194632 0.8364535279827181 1
1694510194791 0.8365308638084433 2
1694510194962 0.8366102621600172 3
1694510195136 0.8361298191622979 4
1694510195302 0.8361844073291581 5
1694510195481 0.8360044090698533 6
1694510195639 0.8364898347063713 7
1694510195807 0.8360473301498779 8
1694510195996 0.8365414670759911 9
1694510196160 0.8355918997302898 10
1694510196315 0.836034261281503 11
1694510196468 0.8365022731003983 12
1694510196622 0.8362177542753835 13
1694510196799 0.8360746541014468 14
1694510196953 0.8362628842194619 15
1694510197120 0.8359034437589904 16
1694510197274 0.8366879106212165 17
1694510197452 0.8365335766381716 18
1694510197633 0.835167915795689 19
1694510197826 0.8362260715218656 20
1694510198005 0.8327005475629998 21
1694510198158 0.835837436390956 22
1694510198326 0.836151112571144 23
1694510198484 0.836615829437497 24
1694510198653 0.8359952331617583 25
1694510198824 0.8364227016792808 26
1694510198982 0.8366745646774473 27
1694510199166 0.8363249948589689 28
1694510199321 0.8363869759980117 29
1694510199476 0.8357637110143614 30
1694510199634 0.8366552823140284 31
1694510199806 0.8366851492191818 32
1694510200023 0.8360574484410278 33
1694510200198 0.8364529931046749 34
1694510200364 0.8367265465376684 35
1694510200529 0.8366440145081911 36
1694510200720 0.8365236899205827 37
1694510200901 0.8361056654215409 38
1694510201087 0.8364968877878709 39
1694510201257 0.8358083849934145 40
1694510201424 0.8363546386586773 41
1694510201599 0.83617907074093 42
1694510201772 0.8354851774304205 43
1694510201943 0.8357953627638147 44
1694510202117 0.8350454664722633 45
1694510202320 0.8364347455330884 46
1694510202496 0.8361427006128835 47
1694510202668 0.8365464289494776 48
1694510202842 0.8366583150059658 49
