1694510194393 0.13684172593189312 0
1694510194560 0.038669395191067026 1
1694510194712 0.008264381347948385 2
1694510194885 0.05857001647041781 3
1694510195062 0.014672085077454863 4
1694510195226 0.20275046937884303 5
1694510195405 0.00013974245652073993 6
1694510195561 0.7287015828670089 7
1694510195727 0.06095145401960128 8
1694510195917 0.0835947146781852 9
1694510196088 0.2314628208850195 10
1694510196241 0.0034032774608824226 11
1694510196396 0.5842275908074156 12
1694510196548 0.05132362319185476 13
1694510196725 0.004750592735859229 14
1694510196879 0.0031236769079653216 15
1694510197034 0.010475443331087986 16
1694510197201 0.2810105794922983 17
1694510197368 0.1600397187493369 18
1694510197560 0.35186581547284607 19
1694510197747 0.1229239064796755 20
1694510197926 0.02285725636874331 21
1694510198085 0.006624551908594521 22
1694510198250 0.008377573997685357 23
1694510198407 0.13757210657815322 24
1694510198575 0.02644886665515315 25
1694510198750 0.08168915175906674 26
1694510198903 4.962500813167466e-05 27
1694510199093 0.04636199752836625 28
1694510199247 0.9744187474559416 29
1694510199402 0.07227111769921504 30
1694510199557 0.46407844246506186 31
1694510199717 0.004542969258244259 32
1694510199903 0.007104889651656752 33
1694510200114 0.6755905923769636 34
1694510200282 0.048085531354159446 35
1694510200449 0.16558762323615475 36
1694510200636 0.030374630856874984 37
1694510200815 0.18755014879423643 38
1694510201002 0.34171521889267625 39
1694510201175 0.2306971940702092 40
1694510201339 0.5026489186004894 41
1694510201515 0.00155753913718896 42
1694510201684 0.031534724305288114 43
1694510201859 0.00015199578381157273 44
1694510202028 0.0008758667526874424 45
1694510202222 0.004789559419165282 46
1694510202407 0.1757256023113315 47
1694510202583 0.07568926702833938 48
1694510202754 0.09884578529511524 49
