1694509368663 37.892410233438525 0
1694509368798 9.691919664972426 1
1694509368952 2.0009998845306587 2
1694509369142 0.6725565285099385 3
1694509369319 0.29036135010986713 4
1694509369472 0.16832142446932544 5
1694509369611 0.17027713705973238 6
1694509369761 0.1734676165283779 7
1694509369912 0.09981730930872834 8
1694509370080 0.14042986158697549 9
1694509370233 0.18561251143971091 10
1694509370388 0.11000817281492045 11
1694509370537 0.13808394292733273 12
1694509370678 0.11952268095458123 13
1694509370823 0.19019750489761336 14
1694509370973 0.09838178409455707 15
1694509371125 0.18590678019912268 16
1694509371279 0.165881267964407 17
1694509371427 0.14423692549737738 18
1694509371576 0.17885550625800611 19
1694509371717 0.20302692337864423 20
1694509371857 0.19077469465546928 21
1694509371999 0.09358515795186846 22
1694509372141 0.14005217972146455 23
1694509372298 0.1520577738075859 24
1694509372443 0.15971601107002747 25
1694509372588 0.13399499427703734 26
1694509372735 0.10795005976961318 27
1694509372879 0.14304666693819398 28
1694509373036 0.11409226950341188 29
1694509373181 0.13694967822600623 30
1694509373315 0.17198635099746037 31
1694509373461 0.0948239748620475 32
1694509373605 0.10284659107929618 33
1694509373746 0.229215181215169 34
1694509373896 0.1373592460972523 35
1694509374037 0.13631152901863858 36
1694509374184 0.18949615679181345 37
1694509374329 0.17771070562840482 38
1694509374479 0.13715087014804364 39
1694509374629 0.15474393483616106 40
1694509374788 0.13105414409643093 41
1694509374952 0.14216702179301377 42
1694509375114 0.3670471098596416 43
1694509375279 0.07806807661618331 44
1694509375436 0.1518052044714201 45
1694509375596 0.09751174244977169 46
1694509375753 0.09415773072775782 47
1694509375915 0.2498007400285461 48
1694509376076 0.14640066733167073 49
