1694509317799 151.88921089080577 0
1694509317924 126.54495319260504 1
1694509318045 110.59330259891294 2
1694509318170 90.76862525149446 3
1694509318300 83.21021329522789 4
1694509318436 68.06816207095139 5
1694509318565 58.624508657474664 6
1694509318694 54.101166527073296 7
1694509318817 45.400083515009825 8
1694509318949 41.3508759611504 9
1694509319074 34.266819986244975 10
1694509319202 28.9284154512868 11
1694509319339 25.723265423214038 12
1694509319493 22.241661940792397 13
1694509319616 18.577621255511787 14
1694509319751 15.488385223266826 15
1694509319872 14.682037943413281 16
1694509319996 11.606361804391193 17
1694509320127 11.176876046298299 18
1694509320252 8.501205170910552 19
1694509320374 8.008291700756006 20
1694509320496 6.752197821876978 21
1694509320630 5.595667107700748 22
1694509320791 5.323583443189419 23
1694509320948 4.916945836249518 24
1694509321084 4.174348871118161 25
1694509321207 3.7551698124137936 26
1694509321332 3.0561568770173104 27
1694509321460 2.794121518041788 28
1694509321602 2.250716824829796 29
1694509321737 1.9540914352902974 30
1694509321866 1.7404838786456267 31
1694509321990 1.6640593323150576 32
1694509322114 1.4627932188078052 33
1694509322239 1.405930198517886 34
1694509322361 1.1021211960492323 35
1694509322501 1.1996714245264564 36
1694509322656 0.7832110032516946 37
1694509322822 0.7806203849658077 38
1694509322961 0.7565959013740479 39
1694509323099 0.6409511800936663 40
1694509323240 0.554193699855303 41
1694509323367 0.5274740946852176 42
1694509323497 0.48403834034048265 43
1694509323622 0.3412222932233513 44
1694509323761 0.27706470001434497 45
1694509323891 0.38065386930644685 46
1694509324009 0.34210714463430364 47
1694509324129 0.32543296320036197 48
1694509324269 0.23084485303312394 49
