1694510481735 145.2624331733734 0
1694510481879 126.71364514326518 1
1694510482005 110.38872710825076 2
1694510482143 92.79155711457089 3
1694510482275 78.94531396974185 4
1694510482406 69.2595647333514 5
1694510482535 60.36315900852163 6
1694510482669 50.609392256718166 7
1694510482808 45.27801593393468 8
1694510482947 38.357934090726665 9
1694510483083 33.103423852850305 10
1694510483224 29.593043464101054 11
1694510483356 24.44702534744403 12
1694510483489 21.63687094827487 13
1694510483614 17.867023381771784 14
1694510483745 16.11504613586983 15
1694510483865 14.431558798961793 16
1694510483978 11.389962933644124 17
1694510484101 10.511608097142807 18
1694510484219 9.102490760582285 19
1694510484331 7.342416592810345 20
1694510484447 6.20328856369163 21
1694510484560 5.416265039573548 22
1694510484673 5.055147103369906 23
1694510484804 4.1960110132333055 24
1694510484936 3.236930003650024 25
1694510485060 3.129751313849987 26
1694510485185 2.595630505153709 27
1694510485321 2.4122835923250143 28
1694510485445 1.9899378048948342 29
1694510485573 1.7256253411382925 30
1694510485702 1.623271946848585 31
1694510485842 1.6237881752368157 32
1694510485981 1.4295111941455543 33
1694510486109 1.006406420983075 34
1694510486239 0.936568201416382 35
1694510486368 0.9333427538534131 36
1694510486495 0.5864696690792389 37
1694510486623 0.6283383589624434 38
1694510486754 0.40931514436155814 39
1694510486887 0.44109707110979657 40
1694510487018 0.4660418323195437 41
1694510487149 0.43073397682856157 42
1694510487285 0.3945858555648904 43
1694510487416 0.2966711204495989 44
1694510487550 0.3164593009406396 45
1694510487682 0.3337559886693482 46
1694510487816 0.20253795174877218 47
1694510487954 0.22427267695328892 48
1694510488093 0.2364558274930447 49
