1694507910140 -126.22578682308672 0
1694507910429 -69.44362352019604 1
1694507910701 -40.85172952162371 2
1694507910957 -25.901724557373978 3
1694507911224 -17.769285920191997 4
1694507911476 -13.159668901168619 5
1694507911750 -10.447182995073916 6
1694507912026 -8.800074638763284 7
1694507912307 -7.772197189724329 8
1694507912567 -7.121815340630526 9
1694507912820 -6.702206366916455 10
1694507913078 -6.4270672078883075 11
1694507913322 -6.245005979892659 12
1694507913593 -6.126904240160578 13
1694507913857 -6.047592712074658 14
1694507914135 -5.996960036633781 15
1694507914400 -5.959953714459632 16
1694507914678 -5.936816521051423 17
1694507914947 -5.919182793377435 18
1694507915203 -5.910566394137769 19
1694507915453 -5.904254113392636 20
1694507915706 -5.901326526474397 21
1694507915952 -5.895370323611397 22
1694507916228 -5.893770982449782 23
1694507916475 -5.893344881083818 24
1694507916744 -5.893406138442977 25
