1694507909989 76.88185378957807 0
1694507910280 52.65010765857286 1
1694507910562 29.86483449754114 2
1694507910839 20.191189586698634 3
1694507911088 8.9693253389402 4
1694507911348 12.002907935176834 5
1694507911614 6.244556506980377 6
1694507911892 8.292968856661775 7
1694507912163 5.109708361620898 8
1694507912431 2.6204357916923295 9
1694507912704 6.641272331856456 10
1694507912955 4.266215559507533 11
1694507913200 7.355544836286452 12
1694507913451 5.529429204075062 13
1694507913724 4.994640699597808 14
1694507914001 3.7120655163828498 15
1694507914257 5.156743092549255 16
1694507914529 5.391857455078421 17
1694507914814 4.365980258306721 18
1694507915079 3.586132508561772 19
1694507915323 4.481297698372263 20
1694507915586 5.0133535356569645 21
1694507915836 5.400841902710541 22
1694507916084 6.713596995003829 23
1694507916352 4.779088997494092 24
1694507916606 3.863108880515043 25
