1694508909137 -116.90017143674565 0
1694508909340 -55.495401439484716 1
1694508909533 -26.27325469955605 2
1694508909713 -12.316564250619852 3
1694508909926 -5.6242251543927955 4
1694508910112 -2.3945047422863146 5
1694508910296 -0.8205597026109395 6
1694508910463 -0.04537229726528125 7
1694508910633 0.3420532725156613 8
1694508910798 0.5402669800670505 9
1694508910985 0.6450617522404214 10
1694508911146 0.7011178524391072 11
1694508911317 0.7325868858680085 12
1694508911506 0.7506059164304919 13
1694508911671 0.7612545403435291 14
1694508911847 0.768032835166174 15
1694508912026 0.7722958702954684 16
1694508912200 0.7750733106805138 17
1694508912366 0.7769599606757469 18
1694508912531 0.7780906541937136 19
1694508912696 0.7789797093426277 20
1694508912871 0.7796196427062994 21
1694508913058 0.7800854181857448 22
1694508913236 0.7805663637496127 23
1694508913407 0.7805933809846097 24
1694508913586 0.7806565513580843 25
1694508913752 0.7809700625285634 26
1694508913935 0.7810644921738301 27
1694508914106 0.7809105824985527 28
1694508914303 0.7804165947936635 29
1694508914484 0.7803909353599185 30
1694508914662 0.780778683105244 31
1694508914846 0.7809108568769084 32
1694508915031 0.7810656863896172 33
1694508915211 0.7812362031378279 34
1694508915378 0.7809748047674239 35
1694508915543 0.7809197962783323 36
1694508915715 0.7808141263309449 37
1694508915885 0.7809510154359185 38
1694508916056 0.7807711205727541 39
1694508916224 0.7809026530247807 40
1694508916423 0.7809767010161134 41
1694508916607 0.7806550233744214 42
1694508916792 0.7806088371955198 43
1694508916973 0.7804963617788622 44
1694508917160 0.7808273263335569 45
1694508917322 0.7809962974395833 46
1694508917516 0.7808582830678634 47
1694508917692 0.7809902890110662 48
1694508917888 0.7808584293703124 49
