1694508909032 85.70013119226039 0
1694508909239 43.5471172405191 1
1694508909435 14.982798878414608 2
1694508909625 8.583922701329836 3
1694508909820 4.3059538419270424 4
1694508910028 1.9259945298237489 5
1694508910215 0.7058879065346592 6
1694508910385 0.9772775395848153 7
1694508910553 0.04692144733722021 8
1694508910717 0.02411947277747576 9
1694508910907 0.07892671292055181 10
1694508911069 0.010256701707102743 11
1694508911236 0.0009536834389047824 12
1694508911423 0.24260101076067153 13
1694508911593 0.025904745273367353 14
1694508911768 0.15689244793920076 15
1694508911942 0.08666019041909247 16
1694508912115 0.0187222005950281 17
1694508912288 0.11037676277958666 18
1694508912453 0.025101444353647397 19
1694508912618 0.13065231689657109 20
1694508912787 0.03972179209313609 21
1694508912978 0.14598066232184023 22
1694508913147 0.06415032179299493 23
1694508913327 0.17655861890242672 24
1694508913506 0.36526413322195095 25
1694508913673 0.0779933237366175 26
1694508913850 0.4845921756619225 27
1694508914021 0.0725450747815833 28
1694508914203 0.2223395514217861 29
1694508914397 0.05428416850215123 30
1694508914582 0.7523435655842258 31
1694508914764 0.09475295691736145 32
1694508914949 0.30198995818516977 33
1694508915133 0.2171801373058867 34
1694508915297 0.051299716734653174 35
1694508915462 0.1653138400991095 36
1694508915630 0.02788184213876164 37
1694508915803 0.13570658215682405 38
1694508915976 0.03181420592491849 39
1694508916143 0.6227183736171467 40
1694508916329 0.023041607947381613 41
1694508916523 0.0939404761081281 42
1694508916715 0.8446058224253571 43
1694508916896 1.035130119091058 44
1694508917077 0.11561283669690721 45
1694508917245 0.30834041990808336 46
1694508917434 0.15025556004241075 47
1694508917612 0.023665068704622465 48
1694508917805 0.04588430855665202 49
