1694490681158 -232.62671812075632 0
1694490681282 -232.58502126820463 1
1694490681401 -232.5432928890059 2
1694490681529 -232.5015722276011 3
1694490681662 -232.45985903404946 4
1694490681784 -232.41815332778654 5
1694490681940 -232.3764549003364 6
1694490682085 -232.3347641858129 7
1694490682213 -232.29308093367183 8
1694490682334 -232.25140516343333 9
1694490682462 -232.20973666578467 10
1694490682593 -232.16807587660014 11
1694490682735 -232.12642254433115 12
1694490682867 -232.0847766885825 13
1694490682996 -232.0431380992051 14
1694490683116 -232.0015072138326 15
1694490683247 -231.95988377991262 16
1694490683377 -231.91826781713476 17
1694490683524 -231.87665911451384 18
1694490683663 -231.83505811144204 19
1694490683792 -231.79346455436368 20
1694490683922 -231.75187846305298 21
1694490684051 -231.71029962568937 22
1694490684216 -231.6687284834223 23
1694490684364 -231.62716478169358 24
1694490684495 -231.5856085403619 25
1694490684626 -231.54405954677188 26
1694490684751 -231.50251824382917 27
1694490684881 -231.4609843759735 28
1694490685006 -231.41945796314823 29
1694490685139 -231.37793879186373 30
1694490685270 -231.33642730678034 31
1694490685399 -231.29492325133674 32
1694490685520 -231.2534266455607 33
1694490685643 -231.2119372751288 34
1694490685773 -231.17045558645526 35
1694490685904 -231.1289813219782 36
1694490686033 -231.0875145018097 37
1694490686174 -231.04605491079306 38
1694490686316 -231.00460299709542 39
1694490686480 -230.96315850215467 40
1694490686603 -230.92172144616745 41
1694490686736 -230.88029161314427 42
1694490686891 -230.83886945300384 43
1694490687029 -230.79745470618477 44
1694490687157 -230.75604739296804 45
1694490687277 -230.71464729653172 46
1694490687406 -230.6732548685454 47
1694490687527 -230.63186984844882 48
1694490687655 -230.590492256607 49
