1694509192503 -119.04329449542362 0
1694509192674 -60.73266431621561 1
1694509192842 -30.89948264160034 2
1694509193014 -15.59877344183802 3
1694509193187 -7.733560903196635 4
1694509193359 -3.6756786023538988 5
1694509193524 -1.5699416500187602 6
1694509193719 -0.47213711986006834 7
1694509193880 0.10607465517490655 8
1694509194053 0.4136299315082317 9
1694509194246 0.579662440768701 10
1694509194416 0.6708944651182275 11
1694509194604 0.7223854970879408 12
1694509194793 0.7519284274738366 13
1694509194981 0.7691640581668664 14
1694509195153 0.7798248134971242 15
1694509195320 0.7863092886682518 16
1694509195500 0.7905568537143369 17
1694509195668 0.7933436006740431 18
1694509195838 0.7950340412302301 19
1694509196004 0.7961763713642581 20
1694509196184 0.7972314942410096 21
1694509196376 0.7981013888624611 22
1694509196571 0.7983245560687304 23
1694509196744 0.7986870715524739 24
1694509196926 0.7986938702970232 25
1694509197111 0.7989082833857337 26
1694509197280 0.7990510734242232 27
1694509197450 0.7990687929752943 28
1694509197617 0.7987768287844745 29
1694509197789 0.7989268240312996 30
1694509197959 0.7991012441674898 31
1694509198149 0.7989758620326731 32
1694509198315 0.7990242128376538 33
1694509198480 0.7989350374881814 34
1694509198656 0.7987680621984531 35
1694509198856 0.7990101638777722 36
1694509199026 0.7989931977525924 37
1694509199208 0.7987450107229939 38
1694509199379 0.7985687740313852 39
1694509199567 0.7987046160559504 40
1694509199756 0.7988052327600137 41
1694509199938 0.7987790051352776 42
1694509200111 0.7991152983589205 43
1694509200282 0.7992494245258861 44
1694509200446 0.799253854745669 45
1694509200624 0.799583474003587 46
1694509200812 0.7993913065214213 47
1694509200991 0.7993100983750885 48
1694509201155 0.7993849194059408 49
