1694509192419 87.98388608037246 0
1694509192593 43.698253911106754 1
1694509192764 26.24070728973084 2
1694509192934 15.265025214081966 3
1694509193107 27.712760220610132 4
1694509193274 6.897680591687853 5
1694509193447 2.6824907862858627 6
1694509193633 1.917460808379867 7
1694509193803 0.6982406822271247 8
1694509193972 0.0036251511989701312 9
1694509194145 0.006097282756461211 10
1694509194336 0.013902775352497712 11
1694509194521 0.35443324945853566 12
1694509194697 0.19451886728955858 13
1694509194889 0.09605231826696091 14
1694509195070 0.016314494388061398 15
1694509195240 0.2208939688108909 16
1694509195412 0.40557065541016485 17
1694509195587 0.415170043065464 18
1694509195757 0.11289761613512474 19
1694509195924 0.05374931632134217 20
1694509196099 0.04684131079472201 21
1694509196285 0.018831984103656597 22
1694509196485 0.049860433727849346 23
1694509196658 0.05509695408700578 24
1694509196843 0.0047333344905221625 25
1694509197026 0.5565872870226977 26
1694509197199 0.45647818153147024 27
1694509197369 0.02482146415167616 28
1694509197536 0.099507235653941 29
1694509197703 0.01704262890715139 30
1694509197884 0.21907436019693488 31
1694509198065 0.0363872416801056 32
1694509198233 0.0442536858790384 33
1694509198402 0.2380176588175031 34
1694509198569 0.5807019732985719 35
1694509198769 0.1149196517623165 36
1694509198943 1.2896490151696431 37
1694509199127 0.01734902760526902 38
1694509199299 0.02002031347478622 39
1694509199483 0.11743329872301733 40
1694509199670 0.05598444195133762 41
1694509199854 0.3185520287375642 42
1694509200025 0.18379213610164352 43
1694509200198 0.00012834742123905192 44
1694509200369 0.022918505265065475 45
1694509200540 0.8524342904883927 46
1694509200722 0.009750876629758145 47
1694509200912 0.02899233789118834 48
1694509201075 0.016397693453349783 49
