1694491464621 -228.44202666101145 0
1694491464765 -223.87234105793976 1
1694491464905 -219.39374552911897 2
1694491465034 -215.00442377618288 3
1694491465166 -210.7025957322351 4
1694491465303 -206.48651683872316 5
1694491465429 -202.35447733675423 6
1694491465537 -198.304801572564 7
1694491465652 -194.33584731685625 8
1694491465783 -190.44600509773446 9
1694491465912 -186.6336975469559 10
1694491466046 -182.89737875924013 11
1694491466171 -179.23553366437204 12
1694491466314 -175.64667741184323 13
1694491466453 -172.12935476778176 14
1694491466605 -168.68213952392387 15
1694491466732 -165.30363391838767 16
1694491466877 -161.99246806801293 17
1694491467000 -158.74729941203555 18
1694491467128 -155.56681216687016 19
1694491467289 -152.4497167917795 20
1694491467435 -149.3947494652123 21
1694491467562 -146.40067157159703 22
1694491467687 -143.46626919838224 23
1694491467823 -140.59035264311905 24
1694491467945 -137.77175593038498 25
1694491468078 -135.00933633835245 26
1694491468199 -132.3019739348094 27
1694491468342 -129.6485711224432 28
1694491468479 -127.04805219320241 29
1694491468671 -124.4993628915557 30
1694491468829 -122.00146998646957 31
1694491468956 -119.55336085193086 32
1694491469089 -117.1540430558437 33
1694491469217 -114.8025439571329 34
1694491469353 -112.4979103108906 35
1694491469475 -110.23920788140508 36
1694491469605 -108.02552106291402 37
1694491469739 -105.85595250792896 38
1694491469879 -103.72962276297811 39
1694491470007 -101.64566991162098 40
1694491470120 -99.60324922458845 41
1694491470259 -97.60153281690626 42
1694491470385 -95.63970931186276 43
1694491470521 -93.7169835116837 44
1694491470648 -91.83257607478062 45
1694491470788 -89.9857231994409 46
1694491470944 -88.1756763138316 47
1694491471078 -86.40170177219021 48
1694491471226 -84.66308055707934 49
