1694490425925 -209.22698208641773 0
1694490426024 -180.44804642244085 1
1694490426117 -155.62658345441477 2
1694490426212 -134.2179183399251 3
1694490426311 -115.7530934421488 4
1694490426399 -99.82452322083564 5
1694490426498 -86.08449473125383 6
1694490426599 -74.23050796709879 7
1694490426702 -64.003953556422 8
1694490426822 -55.18033168076843 9
1694490426930 -47.56510227280369 10
1694490427037 -40.99354170102824 11
1694490427137 -35.321737082807374 12
1694490427239 -30.427117807357767 13
1694490427340 -26.20080314905316 14
1694490427442 -22.552602177188604 15
1694490427543 -19.40140698016578 16
1694490427645 -16.68050781471276 17
1694490427753 -14.33032293444942 18
1694490427856 -12.30005482110699 19
1694490427959 -10.546232255556315 20
1694490428047 -9.030518055157582 21
1694490428133 -7.7204898787727565 22
1694490428231 -6.5876410347091054 23
1694490428331 -5.6079210443158525 24
1694490428434 -4.760830046185845 25
1694490428524 -4.027938555861637 26
1694490428616 -3.3937622245392447 27
1694490428716 -2.8448533507250207 28
1694490428823 -2.369243013868818 29
1694490428924 -1.9574678019465472 30
1694490429012 -1.6007436567401943 31
1694490429102 -1.2914872919363432 32
1694490429207 -1.0233082210953608 33
1694490429316 -0.790616205564425 34
1694490429417 -0.5886814771429694 35
1694490429512 -0.41334433319503083 36
1694490429616 -0.261064233400349 37
1694490429720 -0.12868877631412823 38
1694490429833 -0.01354778308994331 39
1694490429945 0.08661093505092243 40
1694490430053 0.17384414140206994 41
1694490430155 0.24984199535498042 42
1694490430256 0.3161591499799955 43
1694490430357 0.37402075487657926 44
1694490430457 0.42460734373182174 45
1694490430558 0.4687209797468932 46
1694490430655 0.5073648861737011 47
1694490430759 0.541214330687529 48
1694490430862 0.5708586958373997 49
