1694490425863 145.1606968576502 0
1694490425960 120.6028063539781 1
1694490426055 106.2998994225105 2
1694490426152 91.68370818577391 3
1694490426242 79.76330165638298 4
1694490426341 70.74190876061739 5
1694490426431 60.47770503408154 6
1694490426533 51.90559878474932 7
1694490426633 44.66795859531279 8
1694490426745 39.89445882409893 9
1694490426863 34.187705283700595 10
1694490426964 29.382121368855746 11
1694490427072 26.970864047781994 12
1694490427172 21.055815230396487 13
1694490427272 18.782218237461212 14
1694490427375 16.209625604178278 15
1694490427477 14.971731215820084 16
1694490427577 12.050545576967915 17
1694490427680 10.695669599129861 18
1694490427789 9.303529890334282 19
1694490427890 7.938543673473867 20
1694490427991 6.904752201577306 21
1694490428076 5.755384940031061 22
1694490428163 4.727530717993091 23
1694490428265 5.007014849170333 24
1694490428366 4.137952844896585 25
1694490428467 3.3373530991040115 26
1694490428554 3.1262736303205934 27
1694490428650 2.5485618416583344 28
1694490428752 2.557713430421187 29
1694490428856 2.048700667697185 30
1694490428954 1.6930144542579526 31
1694490429042 1.594260466289419 32
1694490429136 1.2937948812889202 33
1694490429244 1.1771459368738315 34
1694490429351 1.1892166618600752 35
1694490429452 1.0373778085720249 36
1694490429547 0.6414610441662958 37
1694490429652 0.8588853902675689 38
1694490429758 0.6211214780460095 39
1694490429871 0.6056966904085084 40
1694490429979 0.6599796084761514 41
1694490430088 0.5222772128394586 42
1694490430190 0.4500596495086633 43
1694490430290 0.4272679221183936 44
1694490430393 0.452544654553881 45
1694490430492 0.2951207547002421 46
1694490430588 0.36014217274764504 47
1694490430690 0.43749081062605627 48
1694490430795 0.2689903672780947 49
