1694507842864 -6.927343550539881 0
1694507843236 -6.123174317269104 1
1694507843609 -6.072816122625453 2
1694507843921 -6.134844686211426 3
1694507844228 -6.069560268625799 4
1694507844535 -6.073395638917119 5
1694507844917 -6.1470349808559535 6
1694507845298 -6.098765022047089 7
1694507845682 -6.050016802061561 8
1694507846029 -6.044365082853384 9
1694507846385 -6.178285422400408 10
1694507846782 -6.143278950951806 11
1694507847169 -6.084854106238292 12
1694507847569 -6.059118827062764 13
1694507847981 -6.151201290278747 14
1694507848378 -6.134305904718361 15
1694507848791 -6.059591984001401 16
1694507849179 -6.085924206536927 17
1694507849568 -6.111209512506152 18
1694507849918 -6.136584545046385 19
1694507850286 -6.128224351532714 20
1694507850668 -6.071651199196876 21
1694507851048 -6.0527102408974285 22
1694507851411 -6.058476756538778 23
1694507851802 -6.114173457916009 24
1694507852162 -6.108127437250962 25
1694507852515 -6.157941297637777 26
1694507852818 -6.083872037926887 27
1694507853088 -6.07132723154809 28
1694507853342 -6.0777617466792355 29
1694507853635 -6.1207006949879394 30
1694507853921 -6.109620074110031 31
1694507854172 -6.1136723284388 32
1694507854429 -6.026169618492157 33
1694507854688 -6.1079297002335045 34
1694507854951 -6.0565390413351246 35
1694507855204 -6.094930096489519 36
1694507855478 -6.097066957950113 37
1694507855741 -6.14682536096831 38
1694507856027 -6.059160071154606 39
1694507856287 -6.067899782923406 40
1694507856543 -6.109472014867498 41
1694507856788 -6.103607719866326 42
1694507857048 -6.171910462574799 43
1694507857293 -6.044266697610646 44
1694507857541 -6.175666829539858 45
1694507857810 -6.097446791620612 46
1694507858088 -6.2342032846871325 47
1694507858392 -6.145314904136719 48
1694507858640 -6.024913484402257 49
