1694507842702 4.939437658709152 0
1694507843089 4.796126358847709 1
1694507843467 5.482679207408301 2
1694507843775 4.6235092156668705 3
1694507844088 2.119965521640347 4
1694507844392 2.3496215109326193 5
1694507844713 3.6868170491786576 6
1694507845115 3.395245959944544 7
1694507845474 3.496157465434228 8
1694507845863 7.9753323084741075 9
1694507846204 4.01085511253885 10
1694507846569 6.173725192521981 11
1694507846985 2.464899665215187 12
1694507847366 6.208165389554335 13
1694507847787 6.031417830793049 14
1694507848176 4.189257104999489 15
1694507848572 4.168502675639122 16
1694507848981 3.525124975727107 17
1694507849372 5.334558074721096 18
1694507849732 3.750250403001492 19
1694507850094 5.21471873077055 20
1694507850478 3.7823214155430422 21
1694507850860 6.5872718158857415 22
1694507851218 9.147275623339398 23
1694507851582 5.433037579040251 24
1694507851983 5.941800774135279 25
1694507852330 3.9485229597649827 26
1694507852667 4.353117231690671 27
1694507852953 3.310934629593809 28
1694507853212 8.571967290299906 29
1694507853493 6.435138909024028 30
1694507853774 4.563353173504342 31
1694507854053 3.150803851972095 32
1694507854301 5.649446276555251 33
1694507854567 3.7610373696024215 34
1694507854840 3.4942516909445387 35
1694507855080 7.293336045586247 36
1694507855343 6.563907310661554 37
1694507855602 2.0950342569843245 38
1694507855891 4.867391401627593 39
1694507856154 4.889718546924477 40
1694507856411 5.221689200785163 41
1694507856674 5.4488964474995765 42
1694507856929 2.355431792929797 43
1694507857166 4.674599658557796 44
1694507857412 4.160749178130892 45
1694507857681 6.074180133884552 46
1694507857948 6.1220975817712695 47
1694507858234 6.172104369242046 48
1694507858521 4.880865780245566 49
