1694489733417 148.41809733324385 0
1694489733513 127.53065012167761 1
1694489733610 108.68136204481446 2
1694489733710 95.35104957684347 3
1694489733811 87.81662470610637 4
1694489733917 70.90734401887045 5
1694489734026 64.73757692667473 6
1694489734133 57.39664564593538 7
1694489734238 49.05398039909639 8
1694489734341 43.297501256189655 9
1694489734441 38.89383428899334 10
1694489734536 34.08357303394919 11
1694489734631 30.048001337966195 12
1694489734733 27.212568627162405 13
1694489734827 24.79531199288406 14
1694489734928 23.277548089040163 15
1694489735023 19.96321486893721 16
1694489735112 19.145355435856057 17
1694489735211 16.847217390527618 18
1694489735314 16.093749706032746 19
1694489735416 14.763080801889284 20
1694489735530 13.441494376204018 21
1694489735621 12.959449104754313 22
1694489735714 12.195483951681808 23
1694489735803 10.844841140539756 24
1694489735906 10.296348173157444 25
1694489736001 9.417437764183939 26
1694489736102 9.699902731915945 27
1694489736204 8.443847878777756 28
1694489736291 8.53733089075317 29
1694489736381 7.682900017059019 30
1694489736489 7.862158224743004 31
1694489736582 7.612301894270043 32
1694489736677 7.059336552066267 33
1694489736778 6.796332873096458 34
1694489736877 6.551777220688554 35
1694489736978 6.500744375657765 36
1694489737067 6.274750281900777 37
1694489737150 6.342871367358172 38
1694489737237 6.588765015001754 39
1694489737331 6.707052726806596 40
1694489737432 5.748705736020228 41
1694489737526 5.6656345882460855 42
1694489737622 5.659888278292138 43
1694489737724 5.865855484997767 44
1694489737826 5.4427107050920345 45
1694489737929 5.266324248472997 46
1694489738026 5.727891751900461 47
1694489738126 5.796412688703854 48
1694489738228 5.232945073137489 49
