1694489597660 169.60694552195224 0
1694489597756 162.2725593557848 1
1694489597857 158.67533639638663 2
1694489597944 161.69788002470312 3
1694489598032 155.4934014312782 4
1694489598130 160.16200707381222 5
1694489598233 152.12579520937948 6
1694489598340 154.34592406764585 7
1694489598442 147.59446044866866 8
1694489598529 140.71697636684897 9
1694489598614 139.0006106560317 10
1694489598706 139.09314673757916 11
1694489598807 133.69384496897595 12
1694489598901 136.2877695585686 13
1694489599004 128.8884621382178 14
1694489599109 134.56243803572372 15
1694489599202 132.18795997983713 16
1694489599292 127.88070032582195 17
1694489599381 127.86253136882532 18
1694489599474 122.34592723480765 19
1694489599563 123.45655168218254 20
1694489599654 121.67118079990462 21
1694489599744 120.77431606836618 22
1694489599843 116.83442936317249 23
1694489599941 121.01553155644312 24
1694489600040 115.58061052714514 25
1694489600132 114.28377626276222 26
1694489600220 111.65072454972861 27
1694489600306 109.34987083373953 28
1694489600406 113.00113565969725 29
1694489600500 107.06658716036402 30
1694489600593 107.2531597304146 31
1694489600686 104.90113318134348 32
1694489600783 101.8091023971891 33
1694489600869 100.79896905094085 34
1694489600963 101.81411762392503 35
1694489601062 98.98217137954786 36
1694489601162 93.91193038922131 37
1694489601265 92.22889009600803 38
1694489601366 94.10168771737804 39
1694489601457 89.44176155839104 40
1694489601561 90.77792446701329 41
1694489601662 94.97946849922518 42
1694489601757 88.41594880913364 43
1694489601850 88.3389343316513 44
1694489601937 84.45003942349398 45
1694489602030 89.53517995340489 46
1694489602119 82.05130773610665 47
1694489602213 84.3587098952378 48
1694489602301 81.61784727531038 49
