1694509506762 169.08902758239503 0
1694509506975 165.72599766401984 1
1694509507167 162.45762035498043 2
1694509507346 159.25401662750747 3
1694509507523 156.11368016187689 4
1694509507735 153.03579432681565 5
1694509507913 150.01889911853243 6
1694509508104 147.0617833900008 7
1694509508295 144.16304882699197 8
1694509508500 141.32195835565048 9
1694509508706 138.53715638714138 10
1694509508871 135.80752525114718 11
1694509509051 133.13176635878773 12
1694509509256 130.5092159222048 13
1694509509416 127.93861477087604 14
1694509509591 125.41893149241267 15
1694509509763 122.9489595711564 16
1694509509951 120.52810274197321 17
1694509510127 118.15519086170949 18
1694509510354 115.82927211478025 19
1694509510546 113.54922498691145 20
1694509510738 111.31451543969263 21
1694509510924 109.12405552611222 22
1694509511105 106.9769668808316 23
1694509511300 104.87220645532278 24
1694509511516 102.80929757154901 25
1694509511745 100.78722816465458 26
1694509511933 98.80518764779876 27
1694509512123 96.86220539803539 28
1694509512308 94.95785762637615 29
1694509512493 93.09120231413637 30
1694509512675 91.26132143856492 31
1694509512884 89.46782417930594 32
1694509513077 87.70981950698724 33
1694509513247 85.9866030983777 34
1694509513479 84.2973197716365 35
1694509513702 82.64162481927175 36
1694509513900 81.01868799015509 37
1694509514101 79.42769999238376 38
1694509514316 77.86834437248237 39
1694509514513 76.33983537938563 40
1694509514710 74.8414069640887 41
1694509514909 73.37276919803318 42
1694509515096 71.93317826741705 43
1694509515301 70.5220579345383 44
1694509515501 69.13869334135302 45
1694509515725 67.78283270363849 46
1694509515935 66.45378171455297 47
1694509516146 65.15086324880487 48
1694509516339 63.87384823483157 49
