1694490650152 169.089027582395 0
1694490650303 168.7512033348887 1
1694490650477 168.42025021901185 2
1694490650662 168.08992110648038 3
1694490650815 167.76022023497524 4
1694490650970 167.43119222737516 5
1694490651118 167.10281248069728 6
1694490651318 166.77507994279247 7
1694490651497 166.44797061195172 8
1694490651673 166.12152893105275 9
1694490651850 165.79573040403383 10
1694490652017 165.47057398789585 11
1694490652183 165.14605841448207 12
1694490652366 164.82215979217688 13
1694490652535 164.49892238007652 14
1694490652700 164.17632179447583 15
1694490652879 163.85435700390883 16
1694490653048 163.53302675270604 17
1694490653230 163.21230725831313 18
1694490653416 162.89224259774036 19
1694490653609 162.57280849859126 20
1694490653763 162.25400394081873 21
1694490653937 161.93580524421907 22
1694490654116 161.61825630946896 23
1694490654273 161.3013329686657 24
1694490654445 160.98503421065706 25
1694490654613 160.66935880194129 26
1694490654790 160.35428316945368 27
1694490654962 160.0398510350001 28
1694490655094 159.72603834002143 29
1694490655224 159.4128440845828 30
1694490655352 159.1002447964395 31
1694490655492 158.78828402361944 32
1694490655639 158.47693781049608 33
1694490655786 158.1662051658695 34
1694490655920 157.85608487801412 35
1694490656045 157.54655357992388 36
1694490656178 157.2376546439298 37
1694490656304 156.92936422181086 38
1694490656435 156.62168133338645 39
1694490656561 156.31458271096108 40
1694490656697 156.0081115556101 41
1694490656836 155.70224412050555 42
1694490656964 155.39697943404477 43
1694490657080 155.0923163058934 44
1694490657191 154.7882315717206 45
1694490657308 154.4847682600376 46
1694490657434 154.18190272951074 47
1694490657555 153.87963401936182 48
1694490657702 153.57793906308152 49
