1694507278257 -5.906596734594891 0
1694507278515 -5.895708394568167 1
1694507278763 -5.9486117416603665 2
1694507279045 -6.384658174584396 3
1694507279307 -6.089037856854624 4
1694507279561 -5.8494973910083745 5
1694507279820 -6.033681344772315 6
1694507280069 -5.6691620216650325 7
1694507280332 -5.80015443181312 8
1694507280600 -5.896291875974777 9
1694507280875 -6.061516661824205 10
1694507281147 -5.8331011189508155 11
1694507281435 -6.452623668896693 12
1694507281699 -6.31161945845902 13
1694507281958 -5.898217227772569 14
1694507282227 -5.919111027231237 15
1694507282486 -6.0230757638172605 16
1694507282760 -5.63215889923888 17
1694507283004 -5.8193699483925245 18
1694507283256 -6.082721991702983 19
1694507283529 -5.842721134219447 20
1694507283808 -6.154916085221506 21
1694507284085 -5.90060576232339 22
1694507284341 -6.620998376614616 23
1694507284620 -5.565460670845364 24
1694507284869 -5.856944693460642 25
1694507285134 -6.522912465672261 26
1694507285395 -5.9602820137863555 27
1694507285669 -5.902970594849718 28
1694507285941 -6.063791719731238 29
1694507286205 -6.670244018629166 30
1694507286477 -5.954981020683324 31
1694507286766 -5.9622461108652915 32
1694507287026 -5.7416996991981275 33
1694507287274 -6.39878856691622 34
1694507287518 -5.785988201126272 35
1694507287796 -6.212263591088741 36
1694507288069 -6.610312889289872 37
1694507288369 -6.048169500511578 38
1694507288632 -6.025560878443591 39
1694507288892 -5.784626177788541 40
1694507289166 -5.784134105356932 41
1694507289431 -6.163043899548252 42
1694507289684 -5.842665131329874 43
1694507289957 -6.325734260467809 44
1694507290233 -6.113389274357412 45
1694507290568 -5.741529467379243 46
1694507290845 -6.123283628982176 47
1694507291112 -5.971997250569316 48
1694507291385 -6.0786880160742385 49
