1694510269532 -208.6513216431937 0
1694510269677 -179.42950206447955 1
1694510269816 -154.28416196224322 2
1694510269959 -132.64601882609935 3
1694510270092 -114.0273969994307 4
1694510270224 -98.00504846809484 5
1694510270364 -84.21623712736105 6
1694510270484 -72.35144348676789 7
1694510270607 -62.141153183549264 8
1694510270716 -53.35507257941395 9
1694510270831 -45.79385938351261 10
1694510270942 -39.28729635885905 11
1694510271057 -33.68860397721165 12
1694510271176 -28.870544617915062 13
1694510271290 -24.72453271739601 14
1694510271403 -21.156910913905755 15
1694510271516 -18.08651526823842 16
1694510271651 -15.444452252156186 17
1694510271768 -13.171094033725508 18
1694510271883 -11.214992649698782 19
1694510271999 -9.531551539671645 20
1694510272119 -8.082979275329922 21
1694510272237 -6.836576128524989 22
1694510272347 -5.7640549208732015 23
1694510272456 -4.841157208745825 24
1694510272570 -4.046991909488774 25
1694510272689 -3.3637725528091 26
1694510272801 -2.775836465311512 27
1694510272917 -2.270031378054848 28
1694510273029 -1.834755820705484 29
1694510273144 -1.4602580774852152 30
1694510273256 -1.1380818345958463 31
1694510273369 -0.8608928445091755 32
1694510273483 -0.6224460486002179 33
1694510273595 -0.4172442541386714 34
1694510273715 -0.24073292364015253 35
1694510273828 -0.08889526389005131 36
1694510273939 0.04171475849860384 37
1694510274054 0.15405021971092014 38
1694510274165 0.2506669190343641 39
1694510274285 0.33376866988965326 40
1694510274400 0.40522796121477367 41
1694510274511 0.4666886831366197 42
1694510274626 0.5195573001594583 43
1694510274755 0.5650137891437949 44
1694510274884 0.6041024853297515 45
1694510275013 0.6377212600915244 46
1694510275137 0.6666223177408452 47
1694510275268 0.6914404834433101 48
1694510275397 0.712800789416758 49
