1694507565077 -6.7189245877124355 0
1694507565479 -5.901381835042471 1
1694507565849 -5.838026821916796 2
1694507566243 -5.8093275475443535 3
1694507566599 -5.860390454427553 4
1694507566929 -5.869559258767227 5
1694507567303 -5.907079354324395 6
1694507567685 -5.8348141148485935 7
1694507568012 -6.029194908809187 8
1694507568340 -5.862889437866438 9
1694507568704 -5.846296248195773 10
1694507569098 -5.915468100740593 11
1694507569481 -5.909944554802612 12
1694507569831 -5.860904789622093 13
1694507570190 -5.870290362181292 14
1694507570533 -5.906490851319992 15
1694507570878 -5.913915002949197 16
1694507571217 -5.8975130264287525 17
1694507571599 -5.784888497715308 18
1694507571966 -5.925390847999734 19
1694507572318 -5.868889169041421 20
1694507572676 -5.881521470404858 21
1694507573007 -5.894714455449783 22
1694507573362 -5.934383159637047 23
1694507573706 -5.953440202933132 24
1694507574060 -5.9372146307508995 25
1694507574387 -5.9741283487889625 26
1694507574768 -5.929573337882248 27
1694507575073 -5.873295336436141 28
1694507575483 -5.849479452469375 29
1694507575860 -5.896112666703663 30
1694507576222 -5.891658284409412 31
1694507576593 -5.811099532581322 32
1694507576943 -5.87065352353144 33
1694507577306 -5.796043832910618 34
1694507577658 -5.8580642009146935 35
1694507578023 -5.9372646040339045 36
1694507578403 -5.942428816926435 37
1694507578773 -5.867010597013913 38
1694507579149 -5.847787951932616 39
1694507579485 -5.87741441193741 40
1694507579839 -5.941523325608148 41
1694507580226 -5.891961845777454 42
1694507580639 -5.843927551277227 43
1694507581066 -5.885110234679102 44
1694507581456 -5.892365446284209 45
1694507581814 -5.876942108640667 46
1694507582197 -5.941907463369571 47
1694507582573 -5.872219961453489 48
1694507582984 -5.920475571878346 49
