1694489962746 -242.84409439511512 0
1694489962887 -242.79530679071001 1
1694489963047 -242.7465299302097 2
1694489963210 -242.69776381114988 3
1694489963342 -242.64900843106673 4
1694489963470 -242.60026378749714 5
1694489963602 -242.55152987797842 6
1694489963744 -242.5028067000487 7
1694489963868 -242.45409425124632 8
1694489963993 -242.4053925291106 9
1694489964118 -242.3567015311811 10
1694489964245 -242.3080212549982 11
1694489964378 -242.25935169810265 12
1694489964508 -242.21069285803603 13
1694489964639 -242.16204473234026 14
1694489964767 -242.11340731855796 15
1694489964895 -242.06478061423223 16
1694489965028 -242.01616461690693 17
1694489965156 -241.96755932412626 18
1694489965298 -241.91896473343525 19
1694489965430 -241.87038084237923 20
1694489965558 -241.82180764850432 21
1694489965682 -241.77324514935714 22
1694489965808 -241.7246933424849 23
1694489965933 -241.67615222543537 24
1694489966058 -241.62762179575682 25
1694489966191 -241.57910205099833 26
1694489966315 -241.53059298870923 27
1694489966474 -241.4820946064397 28
1694489966596 -241.43360690174043 29
1694489966720 -241.3851298721626 30
1694489966857 -241.33666351525787 31
1694489966976 -241.2882078285788 32
1694489967100 -241.2397628096783 33
1694489967229 -241.19132845610983 34
1694489967358 -241.1429047654276 35
1694489967512 -241.09449173518615 36
1694489967631 -241.04608936294076 37
1694489967790 -240.99769764624733 38
1694489967922 -240.94931658266216 39
1694489968064 -240.90094616974224 40
1694489968203 -240.85258640504514 41
1694489968330 -240.8042372861289 42
1694489968457 -240.75589881055228 43
1694489968593 -240.70757097587455 44
1694489968717 -240.65925377965542 45
1694489968851 -240.6109472194553 46
1694489968970 -240.56265129283537 47
1694489969098 -240.51436599735703 48
1694489969227 -240.46609133058232 49
