1694489962656 169.55132720305792 0
1694489962788 169.51740611499298 1
1694489962929 169.48349249886024 2
1694489963091 169.4495863529454 3
1694489963247 169.41568767553426 4
1694489963376 169.3817964649131 5
1694489963504 169.3479127193687 6
1694489963646 169.31403643718812 7
1694489963784 169.2801676166589 8
1694489963908 169.2463062560689 9
1694489964034 169.21245235370657 10
1694489964157 169.17860590786043 11
1694489964283 169.14476691681978 12
1694489964407 169.11093537887402 13
1694489964549 169.07711129231313 14
1694489964679 169.04329465542745 15
1694489964800 169.0094854665076 16
1694489964934 168.97568372384487 17
1694489965066 168.94188942573066 18
1694489965201 168.90810257045695 19
1694489965338 168.87432315631602 20
1694489965472 168.8405511816007 21
1694489965596 168.80678664460405 22
1694489965721 168.77302954361954 23
1694489965850 168.73927987694128 24
1694489965974 168.70553764286342 25
1694489966094 168.67180283968077 26
1694489966229 168.63807546568847 27
1694489966359 168.60435551918212 28
1694489966514 168.57064299845754 29
1694489966636 168.53693790181106 30
1694489966761 168.50324022753955 31
1694489966891 168.46954997394 32
1694489967011 168.43586713931 33
1694489967139 168.40219172194747 34
1694489967271 168.36852372015085 35
1694489967398 168.33486313221871 36
1694489967548 168.30120995645024 37
1694489967671 168.26756419114503 38
1694489967830 168.2339258346029 39
1694489967964 168.2002948851243 40
1694489968116 168.16667134100985 41
1694489968243 168.1330552005608 42
1694489968372 168.09944646207856 43
1694489968495 168.0658451238651 44
1694489968632 168.03225118422276 45
1694489968759 167.99866464145424 46
1694489968889 167.9650854938627 47
1694489969008 167.93151373975155 48
1694489969138 167.89794937742482 49
