1694491488131 -231.70270070958364 0
1694491488273 -231.23715225830978 1
1694491488441 -230.77253596189786 2
1694491488606 -230.3088499533816 3
1694491488731 -229.84609236953537 4
1694491488856 -229.38426135086686 5
1694491488989 -228.92335504160957 6
1694491489119 -228.46337158971536 7
1694491489246 -228.00430914684685 8
1694491489381 -227.54616586837017 9
1694491489526 -227.08893991334745 10
1694491489652 -226.63262944452933 11
1694491489784 -226.1772326283478 12
1694491489917 -225.7227476349086 13
1694491490048 -225.26917263798376 14
1694491490216 -224.81650581500472 15
1694491490379 -224.36474534705448 16
1694491490526 -223.91388941886058 17
1694491490662 -223.46393621878767 18
1694491490783 -223.01488393883022 19
1694491490903 -222.56673077460533 20
1694491491022 -222.1194749253454 21
1694491491150 -221.67311459389097 22
1694491491277 -221.22764798668322 23
1694491491387 -220.78307331375711 24
1694491491512 -220.339388788734 25
1694491491653 -219.89659262881443 26
1694491491790 -219.45468305477095 27
1694491491922 -219.01365829094112 28
1694491492077 -218.57351656522013 29
1694491492204 -218.13425610905378 30
1694491492330 -217.69587515743143 31
1694491492452 -217.25837194887873 32
1694491492584 -216.8217447254508 33
1694491492711 -216.38599173272482 34
1694491492864 -215.95111121979312 35
1694491492981 -215.51710143925627 36
1694491493094 -215.08396064721595 37
1694491493219 -214.65168710326768 38
1694491493335 -214.22027907049423 39
1694491493476 -213.7897348154584 40
1694491493615 -213.36005260819607 41
1694491493753 -212.9312307222093 42
1694491493870 -212.50326743445922 43
1694491493998 -212.0761610253593 44
1694491494119 -211.64990977876846 45
1694491494268 -211.22451198198374 46
1694491494402 -210.79996592573394 47
1694491494534 -210.37626990417246 48
1694491494675 -209.95342221487047 49
