1694491488035 169.06796840872786 0
1694491488171 168.7297469108223 1
1694491488318 168.39220273752267 2
1694491488487 168.05533453188272 3
1694491488649 167.7191409396759 4
1694491488770 167.38362060938994 5
1694491488893 167.04877219222146 6
1694491489027 166.71459434207043 7
1694491489154 166.38108571553482 8
1694491489289 166.04824497190515 9
1694491489414 165.7160707731592 10
1694491489563 165.38456178395637 11
1694491489694 165.0537166716326 12
1694491489820 164.72353410619482 13
1694491489953 164.3940127603157 14
1694491490090 164.06515130932812 15
1694491490264 163.73694843122007 16
1694491490414 163.40940280662912 17
1694491490570 163.08251311883734 18
1694491490705 162.75627805376573 19
1694491490820 162.43069629996918 20
1694491490938 162.10576654863098 21
1694491491059 161.78148749355756 22
1694491491186 161.4578578311735 23
1694491491316 161.13487626051594 24
1694491491434 160.81254148322952 25
1694491491560 160.49085220356116 26
1694491491692 160.16980712835473 27
1694491491825 159.84940496704598 28
1694491491962 159.52964443165718 29
1694491492112 159.21052423679214 30
1694491492244 158.89204309963085 31
1694491492371 158.57419973992438 32
1694491492493 158.25699287998978 33
1694491492616 157.94042124470477 34
1694491492761 157.6244835615029 35
1694491492893 157.30917856036808 36
1694491493022 156.99450497382966 37
1694491493132 156.6804615369574 38
1694491493261 156.3670469873561 39
1694491493378 156.05426006516083 40
1694491493513 155.74209951303163 41
1694491493651 155.43056407614853 42
1694491493790 155.1196525022066 43
1694491493905 154.8093635414106 44
1694491494041 154.4996959464704 45
1694491494161 154.19064847259548 46
1694491494308 153.88221987749026 47
1694491494443 153.57440892134898 48
1694491494576 153.2672143668507 49
