1694489550006 -126.2351688645339 0
1694489550145 -69.45270660751538 1
1694489550289 -40.85179364410588 2
1694489550442 -25.902316022296848 3
1694489550568 -17.76332686535751 4
1694489550692 -13.153888374571562 5
1694489550824 -10.443546877346353 6
1694489550958 -8.798928439010933 7
1694489551096 -7.772571844783981 8
1694489551236 -7.118405530267481 9
1694489551378 -6.696584782460033 10
1694489551531 -6.4228416856734265 11
1694489551678 -6.244293354809975 12
1694489551813 -6.124900823524011 13
1694489551954 -6.046891982698771 14
1694489552107 -5.993736224113579 15
1694489552249 -5.957566007570832 16
1694489552387 -5.936099537161944 17
1694489552521 -5.919656149336881 18
1694489552665 -5.908922674840684 19
1694489552809 -5.900267464775288 20
1694489552956 -5.897282593829143 21
1694489553104 -5.893469574807454 22
1694489553246 -5.892888284316962 23
1694489553391 -5.891446711813584 24
1694489553535 -5.889520283576192 25
1694489553683 -5.890621503136634 26
1694489553830 -5.890166790899442 27
1694489553977 -5.890724326283763 28
1694489554127 -5.890580860793596 29
1694489554275 -5.891461035779819 30
1694489554418 -5.889547787429513 31
1694489554561 -5.888628523244537 32
1694489554701 -5.889063702284547 33
1694489554834 -5.890056853638088 34
1694489554971 -5.8889398381716065 35
1694489555118 -5.887186311988857 36
1694489555259 -5.885887386934355 37
1694489555391 -5.886549685231977 38
1694489555531 -5.884519014755516 39
1694489555663 -5.886284521134287 40
1694489555808 -5.887990244946908 41
1694489555949 -5.886793041029325 42
1694489556090 -5.8861609921000255 43
1694489556235 -5.886459983176549 44
1694489556387 -5.886783884143759 45
1694489556532 -5.885914935713818 46
1694489556671 -5.887209887889081 47
1694489556804 -5.888069504861739 48
1694489556948 -5.886542308210293 49
