1694349117741 169.08902758239503 0
1694349117962 136.97998406743287 1
1694349118180 111.52090355484923 2
1694349118358 91.28266723992382 3
1694349118560 75.15007344129205 4
1694349118830 62.252025442801965 5
1694349119036 51.907351209238215 6
1694349119257 43.582741696662154 7
1694349119458 36.86008571323227 8
1694349119648 31.411092119789267 9
1694349119848 26.97756484321924 10
1694349120048 23.356063875785527 11
1694349120274 20.385970282088916 12
1694349120477 17.940193917815684 13
1694349120664 15.91793355011435 14
1694349120881 14.23903156272833 15
1694349121123 12.839568106528132 16
1694349121332 11.668419137187112 17
1694349121534 10.68456447024411 18
1694349121728 9.854979809962533 19
1694349121929 9.15298379375564 20
1694349122141 8.556939856310398 21
1694349122326 8.049235029751346 22
1694349122517 7.615475109044706 23
1694349122733 7.243849049298469 24
1694349122978 6.924625894462501 25
1694349123179 6.649755639897451 26
1694349123366 6.412551727211031 27
1694349123583 6.207437763861205 28
1694349123805 6.029744866367809 29
1694349124011 5.875548988024124 30
1694349124216 5.741539898521407 31
1694349124454 5.6249152802703595 32
1694349124669 5.523294807955312 33
1694349124867 5.43465017206517 34
1694349125059 5.357247862154671 35
1694349125292 5.289602194448899 36
1694349125510 5.230436592302905 37
1694349125711 5.178651538959674 38
1694349125900 5.133297944873821 39
1694349126093 5.093554925911184 40
1694349126280 5.058711189028075 41
1694349126497 5.028149380277063 42
1694349126722 5.001332875289628 43
1694349126931 4.977794591849607 44
1694349127134 4.957127483333817 45
1694349127328 4.9389764349805105 46
1694349127583 4.9230313355319195 47
1694349127776 4.909021137427297 48
1694349127994 4.896708751469015 49
1694349128178 4.885886648371041 50
1694349128389 4.876373061103266 51
1694349128651 4.868008699471795 52
1694349128846 4.860653902716517 53
1694349129029 4.854186167689984 54
1694349129240 4.848497999901273 55
1694349129427 4.843495042759461 56
1694349129625 4.839094447047068 57
1694349129851 4.835223448244626 58
1694349130053 4.83181812401411 59
1694349130259 4.828822308092485 60
1694349130464 4.826186640176949 61
1694349130640 4.823867734205642 62
1694349130846 4.821827449837393 63
1694349131036 4.820032253980688 64
1694349131236 4.818452660972893 65
1694349131437 4.8170627415124345 66
1694349131668 4.815839691737933 67
1694349131904 4.814763454961325 68
1694349132092 4.813816389523181 69
1694349132281 4.8129829770705825 70
1694349132493 4.812249566278859 71
1694349132688 4.811604147665112 72
1694349132867 4.811036155685767 73
1694349133067 4.810536294784836 74
1694349133271 4.810096386472836 75
1694349133484 4.809709234877176 76
1694349133688 4.809368508519955 77
1694349133875 4.809068636354512 78
1694349134106 4.808804716333334 79
1694349134332 4.808572434990722 80
1694349134544 4.808367996708644 81
1694349134736 4.808188061496143 82
1694349134955 4.808029690254851 83
1694349135160 4.807890296627623 84
1694349135360 4.807767604636915 85
1694349135538 4.807659611415338 86
1694349135739 4.807564554415315 87
1694349135943 4.807480882558642 88
1694349136143 4.807407230852017 89
1694349136375 4.807342398051598 90
1694349136592 4.807285327010013 91
1694349136792 4.807235087383359 92
