1694509979453 0.8087018872344154 0
1694509979625 0.8135142620988327 1
1694509979811 0.8077427069470288 2
1694509980004 0.8026929898015371 3
1694509980213 0.813410862099673 4
1694509980397 0.8054895925789246 5
1694509980578 0.8130478091911885 6
1694509980788 0.8147146417129877 7
1694509980977 0.8142534558422683 8
1694509981173 0.8110648035463617 9
1694509981343 0.810112331440956 10
1694509981516 0.8135904618899692 11
1694509981675 0.8123392466643475 12
1694509981871 0.8134365777039173 13
1694509982044 0.8108190522885077 14
1694509982219 0.80121592289049 15
1694509982396 0.8098569579537512 16
1694509982552 0.8094516185600276 17
1694509982710 0.8100508615847495 18
1694509982866 0.8146040435765043 19
1694509983021 0.8133884273906594 20
1694509983182 0.8171815232111237 21
1694509983333 0.8161054792385731 22
1694509983508 0.8081463039601796 23
1694509983659 0.8109688478186852 24
1694509983816 0.8147326974138521 25
1694509983970 0.8150451047353131 26
1694509984132 0.8076435993808231 27
1694509984308 0.8117288653392041 28
1694509984489 0.8155801680444117 29
1694509984644 0.8119693180346426 30
1694509984800 0.8093517368182951 31
1694509984978 0.8116087246123661 32
1694509985158 0.8154354513148263 33
1694509985333 0.8129329693900572 34
1694509985504 0.8109114412354502 35
1694509985664 0.8100591047119325 36
1694509985822 0.8106869125468958 37
1694509986006 0.8095023330772548 38
1694509986158 0.8136292164868044 39
1694509986314 0.8099427945848772 40
1694509986497 0.8130394482535507 41
1694509986660 0.8124490655465992 42
1694509986835 0.8112745792352948 43
1694509987008 0.8095287819312231 44
1694509987167 0.811452226056634 45
1694509987325 0.8101015500951423 46
1694509987492 0.8153467110981041 47
1694509987657 0.8040112948870844 48
1694509987821 0.8152803913817259 49
