1694509979365 0.04043538619006132 0
1694509979540 0.05808048575627591 1
1694509979716 0.09973369175891472 2
1694509979913 0.01902568623821423 3
1694509980121 0.036839502103631426 4
1694509980308 0.02448045999141667 5
1694509980485 0.00020116507523319416 6
1694509980696 0.021159116761324592 7
1694509980886 0.0034769670683188294 8
1694509981086 0.03785201327950824 9
1694509981258 0.02740027069078534 10
1694509981427 0.02700110216242402 11
1694509981599 0.02954391851188419 12
1694509981781 0.00011252962279715739 13
1694509981963 0.1039765549989788 14
1694509982138 0.7696553949276418 15
1694509982315 0.21485117760675201 16
1694509982478 0.29357882045667666 17
1694509982635 0.1326392989542322 18
1694509982791 0.3446988398409194 19
1694509982949 0.32033015698720196 20
1694509983107 0.2654332647105234 21
1694509983262 0.0001876449823609282 22
1694509983433 0.09019440334309226 23
1694509983588 0.06496772420545475 24
1694509983741 0.47715093162562927 25
1694509983896 0.037155609362524246 26
1694509984057 0.005596370108643921 27
1694509984233 0.020861611983785208 28
1694509984411 0.01448498999677609 29
1694509984570 0.22435773985261462 30
1694509984726 0.1409493073054268 31
1694509984903 0.025666742136899394 32
1694509985082 0.008739664285257537 33
1694509985258 0.04405385442463348 34
1694509985429 0.7475054977873824 35
1694509985589 0.00019752348008206296 36
1694509985746 0.07177408209645783 37
1694509985932 0.3747879313851039 38
1694509986084 0.00010847214059716156 39
1694509986238 0.0014050616846286521 40
1694509986419 0.020144433482585634 41
1694509986583 0.34002224293061906 42
1694509986759 0.1701460592153941 43
1694509986933 0.00464812352568925 44
1694509987091 0.183068315845251 45
1694509987245 0.0006805415424192249 46
1694509987418 0.00918042793357314 47
1694509987585 0.17655817442300464 48
1694509987738 0.0775730931492528 49
