1694490302301 0.5724380189182532 0
1694490302452 0.799278744577169 1
1694490302604 0.801137276574243 2
1694490302759 0.802028819088307 3
1694490302927 0.8041198592103056 4
1694490303074 0.7997781235609265 5
1694490303214 0.8003872248367973 6
1694490303360 0.7977731980375459 7
1694490303542 0.7993223600982646 8
1694490303689 0.799036125107401 9
1694490303847 0.8014583268605417 10
1694490304012 0.8010010512444647 11
1694490304159 0.7980086869378877 12
1694490304301 0.8036802596945496 13
1694490304451 0.8021716237983605 14
1694490304594 0.8059639217554332 15
1694490304736 0.8094573882043787 16
1694490304887 0.8059990710398659 17
1694490305034 0.8044794085339454 18
1694490305176 0.8028754697326004 19
1694490305334 0.7947897013030849 20
1694490305472 0.7999088858321328 21
1694490305624 0.7977281172200377 22
1694490305767 0.8038883929671359 23
1694490305921 0.7928495584329124 24
1694490306070 0.805970149936962 25
1694490306220 0.7950213042585972 26
1694490306366 0.8062504461148925 27
1694490306504 0.8065416073686849 28
1694490306651 0.8084858045463816 29
1694490306800 0.7985791475372268 30
1694490306943 0.7979909283680428 31
1694490307080 0.8001025535406148 32
1694490307236 0.8049858194896997 33
1694490307383 0.7946175111821224 34
1694490307546 0.7984199777274822 35
1694490307689 0.7965267077106928 36
1694490307830 0.7965891115986716 37
1694490307983 0.801863056804689 38
1694490308124 0.8000291765414683 39
1694490308274 0.8021950778226219 40
1694490308422 0.7967603538230287 41
1694490308575 0.8048130641244288 42
1694490308725 0.7996499063973709 43
1694490308877 0.7990004736061709 44
1694490309017 0.7966635172033072 45
1694490309152 0.8051570065386465 46
1694490309297 0.7987971551320188 47
1694490309443 0.8051489276723457 48
1694490309594 0.8036349736936207 49
