1694490302233 0.10927387866651263 0
1694490302380 0.43683020471251677 1
1694490302534 0.4043916439605158 2
1694490302684 0.0020024442965440262 3
1694490302849 0.004730876084778851 4
1694490303005 0.6455291337905531 5
1694490303152 0.012678864470439949 6
1694490303295 0.047084455171339724 7
1694490303444 0.00020370954159028013 8
1694490303620 0.010623051862275606 9
1694490303786 0.013566645561548069 10
1694490303943 0.4326029630658055 11
1694490304086 0.13509146902429375 12
1694490304234 0.3592808234406918 13
1694490304379 0.8274290621848568 14
1694490304529 0.21213482119849997 15
1694490304668 0.04863823225544161 16
1694490304819 0.36062902956958975 17
1694490304965 0.053909538312339945 18
1694490305107 0.9170978139220697 19
1694490305255 0.17871890937366475 20
1694490305413 0.0972833682068723 21
1694490305551 0.9573678189198157 22
1694490305707 0.016012162249571936 23
1694490305852 0.07188012697096821 24
1694490306004 0.005631403168802249 25
1694490306148 0.7009604301766202 26
1694490306297 0.022868661337379324 27
1694490306445 0.016476267719265015 28
1694490306586 0.5984065291640944 29
1694490306732 0.035217344961162876 30
1694490306879 0.08891586819899068 31
1694490307018 0.16164258746980678 32
1694490307167 0.2264244609733927 33
1694490307316 0.044402585102759046 34
1694490307467 0.022760770508112062 35
1694490307621 0.0004730453391449277 36
1694490307767 0.044172458237716414 37
1694490307910 0.0038013764275379655 38
1694490308061 0.1525515117249951 39
1694490308206 4.0298764454778463e-05 40
1694490308352 0.013025669055791628 41
1694490308501 0.2680990020200715 42
1694490308653 0.119638912066853 43
1694490308805 0.0038518985637100347 44
1694490308956 0.26143427318911355 45
1694490309094 0.034143151755420646 46
1694490309228 0.0013703701892503362 47
1694490309375 0.259832452375065 48
1694490309523 0.3611515923580357 49
