1694490766432 -241.4265111402067 0
1694490766556 -236.65485711886868 1
1694490766710 -231.97755051289278 2
1694490766850 -227.39280167117033 3
1694490766979 -222.89997537185957 4
1694490767110 -218.49484529771541 5
1694490767243 -214.17687578565565 6
1694490767421 -209.94433695817045 7
1694490767552 -205.79668726355214 8
1694490767688 -201.72993562456546 9
1694490767816 -197.74363362507364 10
1694490767937 -193.83618469824538 11
1694490768093 -190.0071315529144 12
1694490768218 -186.25270460773385 13
1694490768356 -182.57253373886226 14
1694490768489 -178.96514540820075 15
1694490768618 -175.43015797584337 16
1694490768750 -171.96401052499186 17
1694490768874 -168.56640303521584 18
1694490769002 -165.235975508632 19
1694490769128 -161.97241408263227 20
1694490769257 -158.77235452082695 21
1694490769389 -155.63555942150427 22
1694490769516 -152.56077357066363 23
1694490769661 -149.54774368524457 24
1694490769784 -146.59329101165636 25
1694490769908 -143.69723392966065 26
1694490770050 -140.85936208410325 27
1694490770172 -138.07662316851182 28
1694490770312 -135.34887618851394 29
1694490770440 -132.67503022950322 30
1694490770565 -130.0549252448714 31
1694490770698 -127.4856768227805 32
1694490770823 -124.96718904542614 33
1694490770946 -122.49933705677121 34
1694490771072 -120.07935045419953 35
1694490771195 -117.70716653524791 36
1694490771322 -115.38183715867447 37
1694490771454 -113.10327809673672 38
1694490771578 -110.86887119615989 39
1694490771704 -108.67858971299066 40
1694490771857 -106.53237802355765 41
1694490771981 -104.4277209121228 42
1694490772112 -102.36461854467038 43
1694490772274 -100.34304219240104 44
1694490772399 -98.36057533280088 45
1694490772523 -96.41724257640696 46
1694490772656 -94.51303966408757 47
1694490772791 -92.64564472614937 48
1694490772928 -90.8151045186935 49
