1694490766339 169.24665808029596 0
1694490766466 165.85243092436954 1
1694490766595 162.58488714931292 2
1694490766756 159.38197960745302 3
1694490766883 156.24248205512498 4
1694490767016 153.16491840238825 5
1694490767151 150.1484961868117 6
1694490767297 147.1917841240262 7
1694490767464 144.29359792218798 8
1694490767594 141.45256703296835 9
1694490767726 138.66797667296476 10
1694490767854 135.93849761266836 11
1694490767989 133.26303688305046 12
1694490768133 130.64032139327338 13
1694490768253 128.06970792176173 14
1694490768391 125.54996148551616 15
1694490768524 123.08007339266726 16
1694490768656 120.6588605387601 17
1694490768789 118.28574564220753 18
1694490768914 115.9595807489332 19
1694490769041 113.67943494233778 20
1694490769171 111.44420819918025 21
1694490769296 109.2533840115672 22
1694490769419 107.10589478272314 23
1694490769553 105.0008813712213 24
1694490769692 102.93732045285158 25
1694490769822 100.91475154601206 26
1694490769947 98.93218124418333 27
1694490770087 96.98864200104353 28
1694490770217 95.08370849079557 29
1694490770350 93.21644120382878 30
1694490770476 91.38609353835392 31
1694490770603 89.59176434053548 32
1694490770739 87.83307710314642 33
1694490770864 86.1091567176095 34
1694490770988 84.41915070816748 35
1694490771106 82.76271270788614 36
1694490771234 81.13901465042463 37
1694490771361 79.5474077234879 38
1694490771495 77.98709703241312 39
1694490771609 76.45777882324116 40
1694490771749 74.95868089584496 41
1694490771890 73.4890508448359 42
1694490772020 72.04861073885948 43
1694490772175 70.63662944356726 44
1694490772310 69.25239443634916 45
1694490772438 67.89565203189746 46
1694490772568 66.56570979768128 47
1694490772698 65.26189279227677 48
1694490772830 63.98397010002828 49
