1694489880281 169.08902758239503 0
1694489880431 169.05522994508772 1
1694489880588 169.02481901768067 2
1694489880748 168.99441407165176 3
1694489880878 168.96401514633473 4
1694489881023 168.93362224048764 5
1694489881147 168.90323535286913 6
1694489881296 168.8728544822382 7
1694489881418 168.84247962735415 8
1694489881545 168.81211078697643 9
1694489881675 168.78174795986484 10
1694489881787 168.75139114477938 11
1694489881927 168.72104034048033 12
1694489882052 168.6906955457283 13
1694489882197 168.66035675928407 14
1694489882331 168.63002397990877 15
1694489882468 168.59969720636366 16
1694489882596 168.56937643741034 17
1694489882748 168.53906167181077 18
1694489882873 168.50875290832693 19
1694489883012 168.47845014572135 20
1694489883135 168.44815338275652 21
1694489883258 168.41786261819544 22
1694489883379 168.3875778508013 23
1694489883501 168.35729907933745 24
1694489883624 168.32702630256762 25
1694489883754 168.29675951925577 26
1694489883892 168.26649872816603 27
1694489884016 168.23624392806295 28
1694489884171 168.20599511771127 29
1694489884312 168.1757522958759 30
1694489884443 168.14551546132213 31
1694489884566 168.11528461281546 32
1694489884695 168.08505974912174 33
1694489884819 168.05484086900688 34
1694489884949 168.0246279712373 35
1694489885067 167.99442105457942 36
1694489885196 167.9642201178001 37
1694489885336 167.93402515966645 38
1694489885449 167.90383617894577 39
1694489885577 167.87365317440563 40
1694489885713 167.8434761448139 41
1694489885838 167.81330508893873 42
1694489885994 167.78314000554846 43
1694489886118 167.75298089341172 44
1694489886264 167.72282775129736 45
1694489886429 167.69268057797464 46
1694489886557 167.66253937221293 47
1694489886684 167.63240413278177 48
1694489886811 167.60227485845127 49
