1694489384258 -6.52629249404982 0
1694489384389 -5.649004587876247 1
1694489384536 -5.6253271272709 2
1694489384684 -5.575935163172161 3
1694489384821 -5.615089063764621 4
1694489384960 -5.61081830300405 5
1694489385104 -5.555467838708368 6
1694489385253 -5.691777407532208 7
1694489385394 -5.565086259857196 8
1694489385532 -5.633953324212631 9
1694489385697 -5.627416272486914 10
1694489385840 -5.669091180689766 11
1694489385982 -5.587110441578394 12
1694489386132 -5.644795971367156 13
1694489386277 -5.5743802350491345 14
1694489386417 -5.576668195228066 15
1694489386564 -5.617747716547197 16
1694489386703 -5.545207696285721 17
1694489386848 -5.565228944366069 18
1694489386993 -5.592803961769636 19
1694489387127 -5.612958058150941 20
1694489387268 -5.604427022704004 21
1694489387413 -5.561070702480779 22
1694489387556 -5.657491028452206 23
1694489387696 -5.613183172612877 24
1694489387858 -5.58007594803476 25
1694489387992 -5.609630556663608 26
1694489388133 -5.640847379964564 27
1694489388276 -5.649322735477279 28
1694489388419 -5.5937229466653315 29
1694489388561 -5.655107129999341 30
1694489388705 -5.565253461667936 31
1694489388857 -5.602599014478341 32
1694489389000 -5.634530001058286 33
1694489389144 -5.599554423945871 34
1694489389289 -5.622112499483276 35
1694489389427 -5.583681920800686 36
1694489389558 -5.621020465720898 37
1694489389698 -5.645360165875777 38
1694489389841 -5.630209183983764 39
1694489389983 -5.593767818246669 40
1694489390128 -5.568759362685996 41
1694489390268 -5.677868172169936 42
1694489390406 -5.642394473700066 43
1694489390554 -5.636677223438326 44
1694489390699 -5.629538311142544 45
1694489390831 -5.643502311818885 46
1694489390967 -5.647518466828992 47
1694489391116 -5.608819509170494 48
1694489391257 -5.5985635107925775 49
