1694489384190 4.771474987911806 0
1694489384332 2.8794982746927693 1
1694489384464 5.277501964942656 2
1694489384622 4.861809001386812 3
1694489384756 4.086499851065648 4
1694489384893 5.568121519797463 5
1694489385035 5.128788920128383 6
1694489385181 4.750262812877881 7
1694489385327 3.0294560948755467 8
1694489385469 4.964528410775952 9
1694489385625 2.9986110186679666 10
1694489385774 4.820203599264925 11
1694489385918 5.5424778632852165 12
1694489386059 5.088509393726412 13
1694489386208 3.5275714154597164 14
1694489386350 4.0744379029683 15
1694489386497 4.850590926279115 16
1694489386638 4.383015613990199 17
1694489386781 2.674937714336511 18
1694489386924 3.6311677004759892 19
1694489387069 2.520916299997039 20
1694489387201 6.10237903867824 21
1694489387348 2.3776925388282883 22
1694489387491 3.2655556526036325 23
1694489387638 4.804231660780293 24
1694489387777 7.420507544183936 25
1694489387935 8.139016756680148 26
1694489388065 1.2247643808456292 27
1694489388210 4.215448520826015 28
1694489388352 6.667546843622859 29
1694489388495 6.380316189937837 30
1694489388639 5.11959761115354 31
1694489388790 5.1873744210330415 32
1694489388935 4.47894911936815 33
1694489389076 4.090447071041362 34
1694489389220 4.342770048701088 35
1694489389371 3.282078494661456 36
1694489389497 4.470698116925373 37
1694489389634 5.0408765116252265 38
1694489389775 4.8896722699336905 39
1694489389915 4.3168709237129645 40
1694489390061 2.7111390173943093 41
1694489390204 7.826626532928564 42
1694489390340 6.199049138731331 43
1694489390489 3.6847007597694437 44
1694489390632 2.6294584639421212 45
1694489390773 5.345756295655574 46
1694489390903 2.490087625900137 47
1694489391050 3.313539349923889 48
1694489391191 5.342917766094803 49
