1694508300664 144.56095005342374 0
1694508300821 129.51243304551699 1
1694508300965 111.66155807717543 2
1694508301105 95.97920782466711 3
1694508301243 85.4595947513876 4
1694508301382 72.30265304669157 5
1694508301533 63.085537827707164 6
1694508301669 55.14354452748319 7
1694508301811 49.47880427320395 8
1694508301941 43.99170815180607 9
1694508302076 39.01989177395277 10
1694508302200 34.480844872265614 11
1694508302344 30.51526194264046 12
1694508302466 27.597508296020663 13
1694508302610 26.36152077233433 14
1694508302759 22.5824333446907 15
1694508302898 20.98843721009747 16
1694508303045 18.5397694654783 17
1694508303194 18.134054915752774 18
1694508303337 15.509726523052331 19
1694508303512 14.967924050626463 20
1694508303665 13.823222619879148 21
1694508303809 12.655893438530757 22
1694508303947 12.5486441860321 23
1694508304085 10.81386350561565 24
1694508304232 10.524293039765432 25
1694508304368 10.783245297727914 26
1694508304502 9.863085652673007 27
1694508304642 9.350980535387318 28
1694508304772 8.530669133608258 29
1694508304911 8.724667041674659 30
1694508305042 7.935099137127849 31
1694508305189 7.676857564386699 32
1694508305334 7.8816361470162875 33
1694508305464 6.755382054795183 34
1694508305604 7.12398344273119 35
1694508305746 6.792234258249076 36
1694508305887 6.426078069379765 37
1694508306025 5.475582822718486 38
1694508306164 6.608727900217777 39
1694508306307 6.004804128232179 40
1694508306442 6.225563008912162 41
1694508306572 6.3233243397724035 42
1694508306713 5.661088415588899 43
1694508306855 5.877110624604341 44
1694508306986 5.352680057892701 45
1694508307107 5.429230173742652 46
1694508307237 5.859080010635252 47
1694508307383 5.635274306025062 48
1694508307525 5.088699292684139 49
