1694489567223 -60.776697165464256 0
1694489567309 -21.422866567162142 1
1694489567410 -11.080174122144049 2
1694489567508 -7.799300946893162 3
1694489567604 -6.636887445321758 4
1694489567715 -6.191281790589359 5
1694489567817 -6.009863263087382 6
1694489567908 -5.944619603514964 7
1694489567996 -5.9166505712195665 8
1694489568082 -5.889766428488885 9
1694489568180 -5.889331969275577 10
1694489568268 -5.885908075086647 11
1694489568372 -5.885667180311536 12
1694489568470 -5.884041958455001 13
1694489568569 -5.876704624490082 14
1694489568666 -5.891179006154124 15
1694489568758 -5.895423461028337 16
1694489568855 -5.895736311339275 17
1694489568959 -5.887502309908059 18
1694489569052 -5.896578331542551 19
1694489569144 -5.883024730362982 20
1694489569241 -5.886605386325568 21
1694489569340 -5.881844372950351 22
1694489569440 -5.8828646195649705 23
1694489569541 -5.884824055684016 24
1694489569640 -5.893716283552801 25
1694489569743 -5.882103095063185 26
1694489569844 -5.8758338680019975 27
1694489569940 -5.880529365166137 28
1694489570025 -5.896215715259709 29
1694489570124 -5.8968775890198195 30
1694489570221 -5.881644573948455 31
1694489570310 -5.881369418509843 32
1694489570399 -5.880282004495132 33
1694489570499 -5.883634660280944 34
1694489570591 -5.890768534855712 35
1694489570681 -5.905428279311112 36
1694489570787 -5.898403225094786 37
1694489570887 -5.891525802680473 38
1694489570990 -5.8921059465758105 39
1694489571092 -5.8817680233030245 40
1694489571193 -5.883619554838644 41
1694489571290 -5.898248346382625 42
1694489571379 -5.892268131736239 43
1694489571474 -5.883409665624038 44
1694489571575 -5.887723430590926 45
1694489571666 -5.8913750435869545 46
1694489571752 -5.886838287110089 47
1694489571852 -5.883362277842106 48
1694489571951 -5.888223535088311 49
