1694508725022 168.86618100146643 0
1694508725185 168.8324325438516 1
1694508725353 168.79869151123148 2
1694508725546 168.76495790190486 3
1694508725708 168.73123171417095 4
1694508725890 168.69751294632928 5
1694508726089 168.66380159667986 6
1694508726246 168.6300976635232 7
1694508726428 168.59640114515994 8
1694508726607 168.5627120398914 9
1694508726779 168.52903034601914 10
1694508726945 168.49535606184514 11
1694508727121 168.46168918567173 12
1694508727284 168.42802971580178 13
1694508727473 168.39437765053844 14
1694508727640 168.36073298818533 15
1694508727817 168.32709572704633 16
1694508727976 168.2934658654259 17
1694508728151 168.25984340162879 18
1694508728324 168.22622833396017 19
1694508728507 168.1926206607256 20
1694508728691 168.15902038023106 21
1694508728898 168.12542749078287 22
1694508729077 168.09184199068787 23
1694508729247 168.05826387825314 24
1694508729439 168.02469315178624 25
1694508729622 167.99112980959515 26
1694508729777 167.95757384998822 27
1694508729916 167.92402527127416 28
1694508730065 167.8904840717621 29
1694508730227 167.85695024976164 30
1694508730405 167.82342380358264 31
1694508730590 167.78990473153542 32
1694508730745 167.75639303193074 33
1694508730921 167.72288870307975 34
1694508731096 167.68939174329387 35
1694508731254 167.65590215088505 36
1694508731415 167.62241992416565 37
1694508731566 167.5889450614483 38
1694508731740 167.55547756104616 39
1694508731920 167.5220174212726 40
1694508732096 167.48856464044164 41
1694508732261 167.45511921686753 42
1694508732429 167.42168114886485 43
1694508732589 167.38825043474876 44
1694508732750 167.35482707283472 45
1694508732907 167.3214110614386 46
1694508733072 167.28800239887656 47
1694508733272 167.25460108346536 48
1694508733461 167.221207113522 49
