1694251692520 27641.16990291262 0
1694251692724 22366.479033576263 1
1694251692900 18500.214741585125 2
1694251693056 15508.895702576974 3
1694251693227 13135.113202472177 4
1694251693396 11228.985500267989 5
1694251693577 9689.53161688538 6
1694251693772 8442.365345849694 7
1694251693942 7429.764933200626 8
1694251694121 6606.267025110983 9
1694251694277 5935.408814195498 10
1694251694430 5388.008250353034 11
1694251694583 4940.590831307854 12
1694251694746 4574.2436965180505 13
1694251694915 4273.712075138967 14
1694251695078 4026.6799738792397 15
1694251695245 3823.1949595194615 16
1694251695422 3655.207133344011 17
1694251695605 3516.1991565350763 18
1694251695761 3400.8890918075485 19
1694251695930 3304.991570964605 20
1694251696102 3225.0257268525293 21
1694251696283 3158.1606457534367 22
1694251696433 3102.0909403626674 23
1694251696580 3054.9365150187186 24
1694251696727 3015.1617709128195 25
1694251696884 2981.514337311632 26
1694251697112 2952.9610147936332 27
1694251697297 2928.6558782937673 28
1694251697452 2907.903326383359 29
1694251697659 2890.130098627035 30
1694251697823 2874.8626803831135 31
1694251698028 2861.709022991745 32
1694251698203 2850.3437319311315 33
1694251698386 2840.496047866498 34
1694251698537 2831.940080471304 35
1694251698721 2824.494883979233 36
1694251698894 2817.9949013914897 37
1694251699057 2812.3058852972654 38
1694251699225 2807.3148712989823 39
1694251699378 2802.926439658274 40
1694251699539 2799.059705867865 41
1694251699707 2795.645877361047 42
1694251699893 2792.6262580308503 43
1694251700075 2789.950610982509 44
1694251700241 2787.575810034053 45
1694251700428 2785.464725238257 46
1694251700576 2783.585298886849 47
1694251700767 2781.909777112369 48
1694251700915 2780.4140689897304 49
1694251701111 2779.0772104125376 50
1694251701301 2777.8809143027156 51
1694251701478 2776.8091921449304 52
1694251701671 2775.848034599742 53
1694251701859 2774.985141179721 54
1694251702049 2774.209690778244 55
1694251702209 2773.5121463057685 56
1694251702386 2772.8840878797205 57
1694251702545 2772.3180699847494 58
1694251702743 2771.8074988124245 59
1694251702900 2771.3465266373432 60
1694251703059 2770.9299596721344 61
1694251703211 2770.5515087422523 62
1694251703394 2770.209797679845 63
1694251703586 2769.898809982441 64
1694251703755 2769.617976699248 65
1694251703925 2769.361998292645 66
1694251704092 2769.128542536812 67
1694251704281 2768.9179154880585 68
1694251704467 2768.72497510445 69
1694251704674 2768.550621669397 70
1694251704846 2768.3905551268936 71
1694251705028 2768.243483852359 72
1694251705208 2768.1107605856555 73
1694251705382 2767.9883583620694 74
1694251705554 2767.8753357925034 75
1694251705716 2767.773418836514 76
1694251705909 2767.6788709402267 77
1694251706090 2767.5910456491547 78
1694251706245 2767.511931298755 79
1694251706414 2767.4380265372856 80
1694251706579 2767.368910268115 81
1694251706767 2767.3067472820176 82
1694251706920 2767.2482168140473 83
1694251707096 2767.1930666417334 84
1694251707264 2767.1435780354664 85
1694251707443 2767.096567462636 86
1694251707615 2767.051909110295 87
1694251707775 2767.0119599339246 88
1694251707953 2766.973640733314 89
1694251708136 2766.936920653057 90
1694251708300 2766.904204805454 91
1694251708495 2766.8722437896254 92
1694251708653 2766.8435652575076 93
1694251708824 2766.8154204266666 94
1694251708993 2766.787978222149 95
1694251709156 2766.7636757175646 96
1694251709315 2766.739661861642 97
1694251709462 2766.716083146399 98
1694251709648 2766.6953778396096 99
1694251709830 2766.674483277108 100
1694251710003 2766.6559460448607 101
1694251710177 2766.637140162122 102
1694251710346 2766.618337045383 103
1694251710521 2766.6019804920998 104
1694251710722 2766.5851186387063 105
1694251710882 2766.570288557411 106
1694251711072 2766.554923130321 107
1694251711226 2766.53933565402 108
1694251711398 2766.5259575744576 109
1694251711615 2766.5118892362116 110
1694251711814 2766.4996560889736 111
1694251712009 2766.4867222815315 112
1694251712197 2766.473425294029 113
1694251712385 2766.4621867454457 114
1694251712567 2766.450139348071 115
