1694509303925 -212.34502767898485 0
1694509304071 -183.19410018179028 1
1694509304201 -158.0491445052576 2
1694509304334 -136.35805834126916 3
1694509304457 -117.64654681126022 4
1694509304584 -101.49971052331475 5
1694509304717 -87.56788558373316 6
1694509304851 -75.5480352473203 7
1694509304973 -65.17250844353522 8
1694509305105 -56.21868482047647 9
1694509305232 -48.48983108247457 10
1694509305359 -41.81834837744921 11
1694509305483 -36.05945139055315 12
1694509305604 -31.085154677681246 13
1694509305738 -26.79138250867902 14
1694509305859 -23.081438297933595 15
1694509305988 -19.877337495289286 16
1694509306128 -17.109178947525265 17
1694509306265 -14.717513475542189 18
1694509306400 -12.650146873984554 19
1694509306526 -10.863123506033862 20
1694509306651 -9.317735594448038 21
1694509306775 -7.981497028220456 22
1694509306896 -6.825405308526114 23
1694509307017 -5.824979847860598 24
1694509307146 -4.959428836498156 25
1694509307267 -4.209915046957278 26
1694509307395 -3.5607083517619174 27
1694509307516 -2.9983193081965323 28
1694509307634 -2.510942733527884 29
1694509307758 -2.088285160257115 30
1694509307880 -1.7218302523812237 31
1694509307998 -1.4037954522906841 32
1694509308124 -1.1277155453247594 33
1694509308246 -0.887919455606411 34
1694509308378 -0.6794893040395722 35
1694509308508 -0.49831439491466534 36
1694509308640 -0.34064139261428306 37
1694509308764 -0.20339118422325808 38
1694509308887 -0.08378198055709629 39
1694509309017 0.02044586233809942 40
1694509309181 0.11131769257117041 41
1694509309333 0.1906740325259737 42
1694509309459 0.26003207058489863 43
1694509309582 0.3207134883091175 44
1694509309703 0.3737537637655174 45
1694509309827 0.4203059370171285 46
1694509309946 0.4610715262021049 47
1694509310064 0.49686439425685325 48
1694509310193 0.5283216782546132 49
