1694509303831 147.06160177912568 0
1694509303980 128.03084169133112 1
1694509304117 107.73729593360919 2
1694509304246 92.32638159179866 3
1694509304374 79.9330243868367 4
1694509304501 68.27753099183622 5
1694509304628 61.65673865610752 6
1694509304763 52.18701829196359 7
1694509304893 44.77931055775581 8
1694509305019 40.364653288276536 9
1694509305149 34.63301009575712 10
1694509305276 29.24341820201822 11
1694509305401 24.5009882441134 12
1694509305525 23.03206478058132 13
1694509305646 18.805753917098283 14
1694509305778 15.894915983042749 15
1694509305902 14.880982393288821 16
1694509306035 12.432445449466524 17
1694509306176 10.458725232825207 18
1694509306316 8.748754639908329 19
1694509306445 8.407874882426926 20
1694509306570 7.020223636416899 21
1694509306692 5.526339619486384 22
1694509306815 5.374420827754773 23
1694509306936 4.833183452746908 24
1694509307063 3.9125645240563456 25
1694509307191 3.2928688566113857 26
1694509307312 3.3389438527025384 27
1694509307436 2.6778939271749747 28
1694509307556 2.402591118798937 29
1694509307675 2.226069607925378 30
1694509307801 1.8234896832480216 31
1694509307921 1.4482049120969573 32
1694509308040 1.5059688384111687 33
1694509308166 1.3048711576869352 34
1694509308287 1.1291700034128178 35
1694509308423 0.9991756158891661 36
1694509308554 0.7528011801866914 37
1694509308682 0.691525749055668 38
1694509308805 0.610239210423311 39
1694509308932 0.6235103897152764 40
1694509309071 0.5165939975556139 41
1694509309233 0.5954672683035561 42
1694509309377 0.3991876780602587 43
1694509309502 0.46950519749369196 44
1694509309624 0.29930945883387994 45
1694509309747 0.4194122305158226 46
1694509309867 0.37452946275297627 47
1694509309985 0.34610647048405047 48
1694509310110 0.2813756700802754 49
