1694509280123 -55.05401994799257 0
1694509280257 -12.113073912608884 1
1694509280379 -2.319752663613908 2
1694509280496 -0.01869347313539005 3
1694509280618 0.5502204931000552 4
1694509280751 0.7045373472833261 5
1694509280880 0.7515072506663132 6
1694509281005 0.7685077004528169 7
1694509281145 0.775510607535038 8
1694509281278 0.7783742639108125 9
1694509281404 0.7795571180033649 10
1694509281529 0.7796332797258108 11
1694509281650 0.7795806624729407 12
1694509281785 0.7802289090278254 13
1694509281920 0.7807293611339101 14
1694509282048 0.7809729978181437 15
1694509282184 0.7807539785929243 16
1694509282307 0.7805157329448419 17
1694509282433 0.7810400111179105 18
1694509282552 0.7809798493266004 19
1694509282677 0.780705977453796 20
1694509282801 0.7805922460434488 21
1694509282931 0.7801331149371088 22
1694509283051 0.7803258578157979 23
1694509283176 0.7802253274731344 24
1694509283304 0.7803406777659518 25
1694509283429 0.7805012941292359 26
1694509283555 0.7796888197429396 27
1694509283678 0.780757376174237 28
1694509283805 0.7803270308808024 29
1694509283938 0.7816323444548594 30
1694509284062 0.7814219362091808 31
1694509284196 0.7808594477675657 32
1694509284331 0.7806554268055191 33
1694509284460 0.780877003009512 34
1694509284583 0.7813207858137752 35
1694509284713 0.7804917552884271 36
1694509284857 0.7791432499063586 37
1694509285013 0.780300076917199 38
1694509285164 0.7806780627785439 39
1694509285311 0.7811048528995115 40
1694509285453 0.7806281325376382 41
1694509285598 0.7806441232141725 42
1694509285750 0.7804022540268766 43
1694509285896 0.7803493199377013 44
1694509286054 0.7804353617559339 45
1694509286206 0.779253125480664 46
1694509286341 0.7800134532433181 47
1694509286474 0.7804400406389729 48
1694509286604 0.780340253408202 49
