1694508550254 -232.62671812075632 0
1694508550404 -232.5799583371071 1
1694508550613 -232.53320885524792 2
1694508550805 -232.486469672815 3
1694508551025 -232.43974078744498 4
1694508551217 -232.39302219677515 5
1694508551387 -232.34631389844324 6
1694508551588 -232.29961589008784 7
1694508551773 -232.2529281693476 8
1694508551953 -232.20625073386216 9
1694508552145 -232.15958358127153 10
1694508552331 -232.11292670921628 11
1694508552498 -232.06628011533755 12
1694508552701 -232.01964379727698 13
1694508552899 -231.97301775267692 14
1694508553078 -231.92640197918007 15
1694508553268 -231.87979647442984 16
1694508553463 -231.83320123607015 17
1694508553635 -231.78661626174545 18
1694508553815 -231.74004154910065 19
1694508553975 -231.69347709578145 20
1694508554154 -231.6469228994339 21
1694508554340 -231.60037895770466 22
1694508554508 -231.553845268241 23
1694508554699 -231.50732182869064 24
1694508554878 -231.46080863670193 25
1694508555055 -231.41430568992374 26
1694508555236 -231.36781298600556 27
1694508555414 -231.32133052259724 28
1694508555604 -231.27485829734948 29
1694508555781 -231.22839630791321 30
1694508555956 -231.1819445519401 31
1694508556110 -231.13550302708248 32
1694508556288 -231.08907173099288 33
1694508556467 -231.04265066132479 34
1694508556648 -230.9962398157318 35
1694508556835 -230.94983919186856 36
1694508557010 -230.9034487873898 37
1694508557176 -230.85706859995116 38
1694508557350 -230.81069862720867 39
1694508557520 -230.7643388668188 40
1694508557704 -230.71798931643883 41
1694508557918 -230.67164997372632 42
1694508558085 -230.6253208363396 43
1694508558257 -230.57900190193752 44
1694508558438 -230.53269316817926 45
1694508558612 -230.48639463272485 46
1694508558761 -230.44010629323466 47
1694508558954 -230.39382814736967 48
1694508559124 -230.34756019279138 49
