1694491433946 -246.10004534489755 0
1694491434105 -246.05563686410747 1
1694491434288 -246.01123632520964 2
1694491434437 -245.96684377614116 3
1694491434569 -245.92245921546316 4
1694491434712 -245.8780826417379 5
1694491434881 -245.83371405352761 6
1694491435021 -245.78935344939484 7
1694491435150 -245.7450008279024 8
1694491435289 -245.7006561876134 9
1694491435425 -245.65631952709117 10
1694491435551 -245.61199084489934 11
1694491435687 -245.56767013960174 12
1694491435854 -245.52335740976253 13
1694491436010 -245.47905265394607 14
1694491436137 -245.43475587071694 15
1694491436272 -245.39046705864013 16
1694491436405 -245.3461862162807 17
1694491436554 -245.3019133422042 18
1694491436686 -245.2576484349761 19
1694491436820 -245.21339149316248 20
1694491436964 -245.16914251532947 21
1694491437113 -245.12490150004353 22
1694491437243 -245.08066844587137 23
1694491437381 -245.0364433513799 24
1694491437519 -244.99222621513636 25
1694491437643 -244.9480170357083 26
1694491437764 -244.90381581166332 27
1694491437906 -244.85962254156956 28
1694491438061 -244.8154372239952 29
1694491438188 -244.77125985750868 30
1694491438341 -244.72709044067886 31
1694491438470 -244.68292897207476 32
1694491438596 -244.63877545026563 33
1694491438739 -244.59462987382096 34
1694491438867 -244.5504922413106 35
1694491438993 -244.50636255130468 36
1694491439118 -244.46224080237337 37
1694491439248 -244.41812699308736 38
1694491439385 -244.37402112201735 39
1694491439517 -244.3299231877345 40
1694491439648 -244.28583318881016 41
1694491439784 -244.24175112381587 42
1694491439912 -244.19767699132356 43
1694491440053 -244.15361078990534 44
1694491440244 -244.10955251813346 45
1694491440400 -244.06550217458064 46
1694491440546 -244.02145975781977 47
1694491440702 -243.97742526642395 48
1694491440855 -243.93339869896667 49
