1694491433845 169.08902758239503 0
1694491433978 169.05522994508772 1
1694491434146 169.02481834182257 2
1694491434328 168.99441217956812 3
1694491434476 168.96401149115079 4
1694491434611 168.93361627558474 5
1694491434751 168.90322653188463 6
1694491434922 168.87284225906535 7
1694491435056 168.84246345614193 8
1694491435191 168.8120901221296 9
1694491435326 168.78172225604376 10
1694491435456 168.75135985689997 11
1694491435594 168.72100292371394 12
1694491435727 168.69065145550167 13
1694491435893 168.66030545127924 14
1694491436052 168.62996491006288 15
1694491436172 168.59962983086913 16
1694491436311 168.56930021271455 17
1694491436456 168.538976054616 18
1694491436594 168.5086573555905 19
1694491436728 168.47834411465507 20
1694491436856 168.44803633082722 21
1694491436999 168.41773400312442 22
1694491437153 168.38743713056434 23
1694491437282 168.35714571216482 24
1694491437419 168.32685974694397 25
1694491437555 168.29657923391997 26
1694491437677 168.2663041721113 27
1694491437804 168.2360345605365 28
1694491437945 168.2057703982143 29
1694491438099 168.17551168416367 30
1694491438229 168.1452584174037 31
1694491438376 168.11501059695374 32
1694491438513 168.08476822183312 33
1694491438635 168.05453129106164 34
1694491438781 168.02429980365895 35
1694491438906 167.9940737586452 36
1694491439031 167.96385315504048 37
1694491439159 167.93363799186514 38
1694491439294 167.90342826813966 39
1694491439424 167.87322398288487 40
1694491439553 167.84302513512154 41
1694491439689 167.81283172387074 42
1694491439824 167.78264374815367 43
1694491439952 167.75246120699185 44
1694491440097 167.72228409940672 45
1694491440287 167.69211242442015 46
1694491440440 167.66194618105396 47
1694491440578 167.63178536833036 48
1694491440746 167.6016299852716 49
