1694509653595 169.34901212942756 0
1694509653783 169.0104005485274 1
1694509653995 168.67870166012233 2
1694509654193 168.34762852209644 3
1694509654395 168.0172085006485 4
1694509654592 167.68744030403434 5
1694509654774 167.35832264336315 6
1694509654979 167.0298542322968 7
1694509655164 166.7020337870444 8
1694509655336 166.37486002635737 9
1694509655546 166.04833167152458 10
1694509655749 165.7224474463671 11
1694509655899 165.39720607723322 12
1694509656051 165.07260629299356 13
1694509656201 164.74864682503585 14
1694509656386 164.42532640726014 15
1694509656561 164.10264377607373 16
1694509656753 163.7805976703863 17
1694509656936 163.45918683160474 18
1694509657105 163.1384100036284 19
1694509657255 162.818265932844 20
1694509657421 162.49875336812096 21
1694509657587 162.17987106080597 22
1694509657772 161.86161776471874 23
1694509657941 161.54399223614647 24
1694509658092 161.22699323383944 25
1694509658257 160.91061951900576 26
1694509658431 160.59486985530685 27
1694509658583 160.2797430088523 28
1694509658749 159.96523774819508 29
1694509658906 159.6513528443267 30
1694509659065 159.3380870706725 31
1694509659215 159.02543920308662 32
1694509659384 158.71340801984744 33
1694509659554 158.40199230165243 34
1694509659718 158.09119083161363 35
1694509659925 157.78100239525284 36
1694509660111 157.47142578049673 37
1694509660270 157.16245977767204 38
1694509660460 156.85410317950104 39
1694509660644 156.54635478109657 40
1694509660834 156.23921337995745 41
1694509661032 155.93267777596353 42
1694509661202 155.6267467713712 43
1694509661368 155.32141917080864 44
1694509661527 155.0166937812711 45
1694509661713 154.712569412116 46
1694509661956 154.40904487505856 47
1694509662161 154.10611898416698 48
1694509662354 153.8037905558578 49
