1694508243709 164.26970962701262 0
1694508243844 157.72712086221844 1
1694508244031 160.85324760331542 2
1694508244197 156.6047019543146 3
1694508244339 159.1244474729886 4
1694508244486 152.65102233087137 5
1694508244633 149.2892447491182 6
1694508244780 153.00266655613154 7
1694508244911 146.07258701277556 8
1694508245055 148.1371725565182 9
1694508245183 146.9227016392972 10
1694508245314 139.10897895194975 11
1694508245446 146.89349804014364 12
1694508245599 137.0725805856179 13
1694508245744 139.56859575403755 14
1694508245893 135.0666645563814 15
1694508246043 129.69384367262043 16
1694508246186 131.4556833672231 17
1694508246330 130.46632566005437 18
1694508246477 128.39899041557095 19
1694508246633 122.7287594898523 20
1694508246794 121.02786442282527 21
1694508246937 117.93701633990399 22
1694508247072 121.23312004973332 23
1694508247202 117.22479837969391 24
1694508247340 117.98651428245245 25
1694508247483 114.79925411881119 26
1694508247632 110.49656426407016 27
1694508247780 109.45565490474019 28
1694508247913 108.78350026374679 29
1694508248048 109.201758559451 30
1694508248193 102.28787877940486 31
1694508248347 100.0627015680249 32
1694508248478 102.59987154032255 33
1694508248632 101.36138435248081 34
1694508248780 102.04427211079509 35
1694508248926 99.28845464867236 36
1694508249091 95.89628643963395 37
1694508249242 98.7682988497074 38
1694508249386 93.50079496131706 39
1694508249525 94.61536380151752 40
1694508249672 91.76163869343185 41
1694508249811 90.11598787442435 42
1694508249928 91.04894666930815 43
1694508250046 90.66130738167877 44
1694508250165 87.48767129751242 45
1694508250292 88.69617785689819 46
1694508250423 83.7118226484761 47
1694508250548 84.82265207634336 48
1694508250676 83.01346479385113 49
