1694509263662 -229.2195101739085 0
1694509263792 -225.81758872457638 1
1694509263922 -222.46624061573013 2
1694509264050 -219.1646252584995 3
1694509264189 -215.91195804908415 4
1694509264322 -212.707735404854 5
1694509264455 -209.55118494400674 6
1694509264582 -206.44137975187087 7
1694509264708 -203.3777324189985 8
1694509264829 -200.3593787780894 9
1694509264950 -197.38592313353305 10
1694509265072 -194.45667555299505 11
1694509265193 -191.5708447210056 12
1694509265327 -188.72783533124317 13
1694509265449 -185.92700213003863 14
1694509265568 -183.16778410801967 15
1694509265695 -180.4495131895481 16
1694509265819 -177.77145830516943 17
1694509265939 -175.13330793215871 18
1694509266058 -172.53421537531477 19
1694509266179 -169.97366611343077 20
1694509266303 -167.45119489492748 21
1694509266422 -164.9660171190383 22
1694509266540 -162.5178480178531 23
1694509266669 -160.1059819580537 24
1694509266794 -157.72985969825754 25
1694509266915 -155.38897392365152 26
1694509267037 -153.08281292305966 27
1694509267168 -150.81088447722416 28
1694509267285 -148.57253198285244 29
1694509267432 -146.36739662061072 30
1694509267551 -144.1950074358956 31
1694509267672 -142.05496166136902 32
1694509267801 -139.94664824368584 33
1694509267930 -137.86950952740284 34
1694509268055 -135.82325767516627 35
1694509268178 -133.807359704691 36
1694509268306 -131.82128631927182 37
1694509268435 -129.86458482925184 38
1694509268555 -127.93698806469862 39
1694509268674 -126.0379897130616 40
1694509268799 -124.16708163183522 41
1694509268933 -122.32397974882933 42
1694509269062 -120.50821227111122 43
1694509269188 -118.7192659311098 44
1694509269311 -116.95688532926556 45
1694509269438 -115.22057461573227 46
1694509269558 -113.51010313926726 47
1694509269683 -111.82497626177235 48
1694509269827 -110.16475453292391 49
