1694509263581 170.7792271911864 0
1694509263707 167.1983941390722 1
1694509263836 160.17262325229288 2
1694509263965 160.14130231525422 3
1694509264096 160.72523847966937 4
1694509264238 152.38776372494843 5
1694509264363 143.9999054927197 6
1694509264499 146.91509855875097 7
1694509264626 145.04445348646044 8
1694509264747 151.11934398769796 9
1694509264868 145.1474431677833 10
1694509264995 139.56312651333238 11
1694509265113 140.55891281224913 12
1694509265236 137.92988144985387 13
1694509265369 136.99207768606408 14
1694509265490 132.8748863022995 15
1694509265609 131.96731838071557 16
1694509265739 133.41468989137326 17
1694509265861 125.76031422642377 18
1694509265977 126.66707441101379 19
1694509266100 125.8477832202949 20
1694509266219 120.77786920179926 21
1694509266345 125.41869858697645 22
1694509266464 116.6011593733865 23
1694509266584 116.63711411693474 24
1694509266714 116.73340775322959 25
1694509266835 114.36779614552985 26
1694509266959 113.28608378041042 27
1694509267082 110.27071459310142 28
1694509267209 113.36264436336457 29
1694509267336 113.1958360658692 30
1694509267474 109.76943468372893 31
1694509267592 101.5511868583904 32
1694509267716 99.79476080260015 33
1694509267845 102.42436794543292 34
1694509267974 98.01895456696109 35
1694509268097 96.06100166059419 36
1694509268220 96.28150542733178 37
1694509268350 98.56829886324506 38
1694509268478 93.39257416182498 39
1694509268595 91.54758426431282 40
1694509268716 90.90051569711693 41
1694509268847 89.33702159980449 42
1694509268977 87.46283886582306 43
1694509269103 90.19709548491956 44
1694509269231 86.87308538552514 45
1694509269351 86.79771470085434 46
1694509269480 81.32775218696766 47
1694509269601 80.9013459292257 48
1694509269734 79.62781913270821 49
