1694509256802 163.79108506835806 0
1694509256929 157.0557640609625 1
1694509257067 167.6474086451798 2
1694509257205 158.94649812303817 3
1694509257332 157.5614810482954 4
1694509257447 148.4771743555779 5
1694509257568 150.91012098312223 6
1694509257690 154.0964670815718 7
1694509257815 152.67965859925246 8
1694509257955 146.2123807281245 9
1694509258087 143.2258965895556 10
1694509258209 139.86040868937337 11
1694509258333 139.19836930754633 12
1694509258460 136.69748863987257 13
1694509258580 134.65429960277143 14
1694509258714 130.79640642050364 15
1694509258838 133.62184021308275 16
1694509258960 126.99891737132934 17
1694509259092 126.12525043333028 18
1694509259219 128.93997976362272 19
1694509259336 128.5511086064018 20
1694509259455 122.18761279798376 21
1694509259583 121.24595545688388 22
1694509259709 116.20128253662715 23
1694509259832 118.90179806499266 24
1694509259951 114.4945491642584 25
1694509260096 112.70483556015486 26
1694509260233 108.69461327441282 27
1694509260360 110.72471613791932 28
1694509260486 106.51164183432326 29
1694509260611 111.50827811643326 30
1694509260732 106.03660385617846 31
1694509260856 105.30762330033394 32
1694509260983 101.41891201972778 33
1694509261105 100.88787244643518 34
1694509261235 98.89421207802894 35
1694509261361 98.88456142520297 36
1694509261482 96.31524093308403 37
1694509261607 94.7178710150366 38
1694509261734 93.67998412901545 39
1694509261858 91.92177126727573 40
1694509261974 91.99775234238952 41
1694509262097 89.87864892305423 42
1694509262229 86.5556941311059 43
1694509262364 89.16872047518815 44
1694509262492 86.24044407009826 45
1694509262633 81.12580999198106 46
1694509262759 84.44573089133121 47
1694509262887 79.03176725520666 48
1694509263013 83.19471725722478 49
