1694490064691 0.5395274126873589 0
1694490064839 0.7789519290563427 1
1694490064992 0.7822708288966392 2
1694490065145 0.7823480142795569 3
1694490065286 0.781858120915269 4
1694490065423 0.7746130225212566 5
1694490065570 0.7782088360997421 6
1694490065706 0.7794492459644804 7
1694490065839 0.7743462503384595 8
1694490065982 0.7819693570949505 9
1694490066132 0.7836651556167995 10
1694490066272 0.781990174503967 11
1694490066415 0.7808858463271775 12
1694490066561 0.7812165838872214 13
1694490066704 0.7799659922677208 14
1694490066842 0.7790063895144316 15
1694490066982 0.7758418839028914 16
1694490067128 0.7836597386833171 17
1694490067268 0.7803120833259624 18
1694490067411 0.7781597091327022 19
1694490067553 0.7799995111297837 20
1694490067706 0.7829085535770289 21
1694490067847 0.780819690089845 22
1694490067983 0.7792036970894147 23
1694490068120 0.7791260767562531 24
1694490068276 0.7782725868507276 25
1694490068422 0.7832591427731904 26
1694490068567 0.7762319489161245 27
1694490068712 0.7766072961302651 28
1694490068861 0.7743394334397232 29
1694490069003 0.7780095543822644 30
1694490069153 0.7838116548733418 31
1694490069293 0.7786193486809055 32
1694490069426 0.7876851756623436 33
1694490069568 0.7772417138170127 34
1694490069716 0.7840830709826149 35
1694490069873 0.7811110768802034 36
1694490070025 0.7872311750914777 37
1694490070175 0.7838096390154207 38
1694490070315 0.7813073837952398 39
1694490070457 0.77367126043693 40
1694490070604 0.784912110407388 41
1694490070750 0.7761760141688594 42
1694490070899 0.7814336050768187 43
1694490071044 0.7815476747293922 44
1694490071184 0.7847789854399757 45
1694490071328 0.7865173242819004 46
1694490071470 0.782623577424634 47
1694490071620 0.7823951090635439 48
1694490071757 0.7753500396021901 49
