1694490064624 0.3593044717303797 0
1694490064770 0.019811365939294244 1
1694490064921 0.0003911336484308434 2
1694490065077 0.32525452820517536 3
1694490065221 0.2449648151734048 4
1694490065362 0.1851101589714224 5
1694490065500 0.035144764793757395 6
1694490065648 0.045327984078374385 7
1694490065780 0.023706616168905386 8
1694490065917 0.3345273289732564 9
1694490066063 0.00013112982089508133 10
1694490066213 0.32302738443723955 11
1694490066347 0.06366059132014627 12
1694490066495 0.00047959418428972754 13
1694490066638 0.015121468849564822 14
1694490066784 0.0050268652329950635 15
1694490066916 0.024635238730890668 16
1694490067061 0.00036264647765518835 17
1694490067211 0.020073320714408843 18
1694490067354 0.16781662191516036 19
1694490067486 0.018442165758433646 20
1694490067632 0.061346216886832325 21
1694490067789 0.025232630696731245 22
1694490067923 0.21176184128977854 23
1694490068057 0.0031747516083544913 24
1694490068209 0.04359293668932007 25
1694490068355 0.0027476659649517633 26
1694490068500 0.0066567482761610034 27
1694490068646 0.012849713260823698 28
1694490068793 0.11139684782576464 29
1694490068940 0.007590455438702793 30
1694490069083 0.2978872497054926 31
1694490069235 0.0019525400898345285 32
1694490069370 0.5830835029801972 33
1694490069504 0.024540813214306657 34
1694490069648 0.0002287370898139855 35
1694490069800 0.08745206273281349 36
1694490069954 0.07303252434347458 37
1694490070106 0.11841831481968246 38
1694490070258 0.0012877068010604359 39
1694490070391 0.08833869305139239 40
1694490070535 0.057237237617159285 41
1694490070683 0.3654409119157828 42
1694490070832 0.017597669008795596 43
1694490070977 0.3076447244063452 44
1694490071121 0.07193670914833472 45
1694490071271 0.1251710250772013 46
1694490071404 0.19926917745116354 47
1694490071551 0.000235830606224874 48
1694490071700 0.03381569992442878 49
