1694251867223 28059.490291262136 0
1694251867414 22506.30692981727 1
1694251867594 18510.051708025618 2
1694251867767 15488.619392661549 3
1694251867973 13147.413353962775 4
1694251868156 11309.432859155695 5
1694251868309 9854.693745457878 6
1694251868488 8696.159031670782 7
1694251868672 7768.510364034055 8
1694251868843 7021.896982527241 9
1694251868997 6417.927340244182 10
1694251869156 5926.865293964809 11
1694251869346 5525.577561888991 12
1694251869534 5195.997194114743 13
1694251869738 4923.960394545425 14
1694251869921 4698.320540427839 15
1694251870100 4510.270660251412 16
1694251870285 4352.823745741351 17
1694251870485 4220.413060341579 18
1694251870659 4108.583944823076 19
1694251870828 4013.7555578116508 20
1694251871018 3933.036188388066 21
1694251871195 3864.079694539546 22
1694251871332 3804.9735812554395 23
1694251871522 3754.151474510141 24
1694251871686 3710.324449589695 25
1694251871853 3672.42696662851 26
1694251872024 3639.574152156722 27
1694251872184 3611.0279176362137 28
1694251872336 3586.1699807211007 29
1694251872565 3564.480294874124 30
1694251872751 3545.519730205584 31
1694251872910 3528.916107378319 32
1694251873093 3514.352885658221 33
1694251873256 3501.559959755314 34
1694251873403 3490.3061387007447 35
1694251873565 3480.3929717951028 36
1694251873750 3471.6496578637934 37
1694251873929 3463.9288294163293 38
1694251874092 3457.103046461577 39
1694251874260 3451.06186846239 40
1694251874423 3445.7093993541853 41
1694251874580 3440.9622213416446 42
1694251874730 3436.747649586185 43
1694251874886 3433.0022528754316 44
1694251875034 3429.670595674137 45
1694251875184 3426.7041651735935 46
1694251875367 3424.060453532508 47
1694251875572 3421.7021707855606 48
1694251875748 3419.5965681575026 49
1694251875951 3417.714854972647 50
1694251876114 3416.031695157315 51
1694251876282 3414.5247716262193 52
1694251876428 3413.174408724881 53
1694251876579 3411.963244449562 54
1694251876746 3410.8759454476663 55
1694251876917 3409.898958865649 56
1694251877077 3409.0202959984567 57
1694251877233 3408.229343436861 58
1694251877410 3407.5166980323525 59
1694251877575 3406.8740225246174 60
1694251877756 3406.2939191207784 61
1694251877914 3405.769818692311 62
1694251878115 3405.2958835759473 63
1694251878284 3404.8669222382664 64
1694251878436 3404.478314297327 65
1694251878593 3404.1259445950964 66
1694251878758 3403.8061451864955 67
1694251878906 3403.515644259062 68
1694251879077 3403.251521124984 69
1694251879239 3403.0111665376585 70
1694251879403 3402.792247680441 71
1694251879549 3402.592677258033 72
1694251879704 3402.410586192789 73
1694251879865 3402.2442994906355 74
1694251880034 3402.0923148955885 75
1694251880200 3401.953283999132 76
1694251880383 3401.82599551193 77
1694251880536 3401.7093604412876 78
1694251880719 3401.602398949195 79
1694251880897 3401.5042286931935 80
1694251881047 3401.4140544763072 81
1694251881218 3401.3311590533026 82
1694251881399 3401.2548949588695 83
1694251881535 3401.1846772394974 84
1694251881691 3401.1199769848863 85
1694251881854 3401.060315567173 86
1694251882013 3401.0052595070797 87
1694251882169 3400.954415895695 88
1694251882327 3400.9074283089526 89
1694251882483 3400.863973159271 90
