1694509270408 172.4025671371462 0
1694509270558 163.17070766042093 1
1694509270703 165.64905334710724 2
1694509270830 162.57981797608133 3
1694509270958 150.82125449938061 4
1694509271094 159.4574025924135 5
1694509271225 153.37159414162176 6
1694509271349 150.12886090056512 7
1694509271479 150.14058523882468 8
1694509271601 144.95705795924772 9
1694509271729 140.9505434519842 10
1694509271855 137.19267488339233 11
1694509271981 139.51671000823836 12
1694509272103 135.58244306472827 13
1694509272233 140.61629697230745 14
1694509272355 129.21944517517014 15
1694509272481 128.1900718459189 16
1694509272610 127.58069647504195 17
1694509272733 125.44672259579156 18
1694509272854 126.89701834909931 19
1694509272975 125.8254082039496 20
1694509273098 120.87758305488767 21
1694509273226 123.505174583215 22
1694509273365 116.85901127272052 23
1694509273486 115.89408086852407 24
1694509273619 117.773390950789 25
1694509273742 112.65130213258655 26
1694509273865 111.62722846153642 27
1694509273992 109.01326301884649 28
1694509274118 107.09445026966141 29
1694509274243 105.63347132071567 30
1694509274368 103.89088674324043 31
1694509274496 103.11626453512888 32
1694509274624 101.92671007467395 33
1694509274746 103.40892324908282 34
1694509274865 102.75192433971976 35
1694509274983 93.30614653943915 36
1694509275105 97.10020347868745 37
1694509275228 94.62251372007509 38
1694509275358 95.97162127884668 39
1694509275486 92.56923524096793 40
1694509275621 90.48353224448793 41
1694509275746 90.54837188009392 42
1694509275869 86.4145872213278 43
1694509275988 86.56405383073556 44
1694509276118 88.27839674635416 45
1694509276242 85.83206227407766 46
1694509276366 84.95738649037615 47
1694509276488 80.9962950538031 48
1694509276612 81.13572225999877 49
