1694508572517 169.08902758239503 0
1694508572720 165.72599766401987 1
1694508572860 162.43984264156873 2
1694508573012 159.22542997194097 3
1694508573172 156.08112853369303 4
1694508573339 153.00534510129094 5
1694508573527 149.9965234936734 6
1694508573678 147.05314370232864 7
1694508573831 144.17372104002555 8
1694508573977 141.35680530970785 9
1694508574168 138.6009799930721 10
1694508574343 135.90486145836115 11
1694508574507 133.26709818691754 12
1694508574662 130.68637001804993 13
1694508574819 128.1613874117782 14
1694508574954 125.69089072903238 15
1694508575123 123.27364952888989 16
1694508575274 120.90846188244777 17
1694508575453 118.59415370293323 18
1694508575641 116.3295780916677 19
1694508575837 114.1136146995075 20
1694508576000 111.94516910339357 21
1694508576189 109.82317219765119 22
1694508576344 107.74657959968965 23
1694508576527 105.71437106975984 24
1694508576707 103.72554994443547 25
1694508576901 101.7791425834929 26
1694508577076 99.87419782987035 27
1694508577239 98.00978648239678 28
1694508577430 96.18500078098685 29
1694508577620 94.39895390400606 30
1694508577811 92.650779477517 31
1694508577999 90.93963109612508 32
1694508578195 89.26468185514767 33
1694508578379 87.62512389383882 34
1694508578596 86.02016794940607 35
1694508578767 84.44904292156414 36
1694508578942 82.91099544737479 37
1694508579114 81.40528948612926 38
1694508579292 79.93120591403432 39
1694508579499 78.48804212847 40
1694508579677 77.0751116615915 41
1694508579822 75.6917438030535 42
1694508579993 74.3372832316407 43
1694508580177 73.0110896555933 44
1694508580354 71.71253746142072 45
1694508580520 70.44101537100303 46
1694508580690 69.19592610678258 47
1694508580847 67.97668606485469 48
1694508581021 66.78272499576963 49
