1694509602036 -241.23852007356857 0
1694509602220 -236.47056428872193 1
1694509602415 -231.7969228406269 2
1694509602601 -227.21697846405888 3
1694509602796 -222.72644573667932 4
1694509603025 -218.32476686729345 5
1694509603227 -214.01017835593947 6
1694509603413 -209.78211734965254 7
1694509603601 -205.636537022896 8
1694509603788 -201.5729691441017 9
1694509603973 -197.5897861157954 10
1694509604176 -193.68651156339754 11
1694509604344 -189.85932329445194 12
1694509604563 -186.10783348397047 13
1694509604777 -182.43053995514853 14
1694509604963 -178.82704401239118 15
1694509605146 -175.2937350614905 16
1694509605327 -171.83029731267715 17
1694509605528 -168.4353443368433 18
1694509605717 -165.10854706855358 19
1694509605922 -161.84649433871928 20
1694509606114 -158.64893474029634 21
1694509606320 -155.51458866531235 22
1694509606509 -152.44318931994283 23
1694509606704 -149.4315135870351 24
1694509606927 -146.47936745075316 25
1694509607108 -143.5855698864956 26
1694509607281 -140.74990964820594 27
1694509607481 -137.96934104029492 28
1694509607687 -135.24372105424467 29
1694509607902 -132.57287791712744 30
1694509608102 -129.95388668238098 31
1694509608271 -127.38664166210864 32
1694509608453 -124.87011640937972 33
1694509608623 -122.40418513602036 34
1694509608822 -119.98608362600383 35
1694509609040 -117.6157472006806 36
1694509609268 -115.29308232070908 37
1694509609497 -113.01543371198703 38
1694509609694 -110.78276709816987 39
1694509609877 -108.59501926952157 40
1694509610058 -106.44963936205957 41
1694509610242 -104.34662080024896 42
1694509610435 -102.28512350038588 43
1694509610657 -100.26511766927136 44
1694509610791 -98.28419261345327 45
1694509610952 -96.34237093552974 46
1694509611106 -94.43964654943349 47
1694509611296 -92.57370314832409 48
1694509611459 -90.74458555947191 49
