1694489887355 -232.62671812075632 0
1694489887495 -232.5846346664916 1
1694489887642 -232.54255950036014 2
1694489887772 -232.5004926768467 3
1694489887895 -232.4584341942278 4
1694489888022 -232.41638405078095 5
1694489888148 -232.374342244784 6
1694489888296 -232.33230877451518 7
1694489888448 -232.29028363825313 8
1694489888597 -232.24826683427682 9
1694489888710 -232.20625836086558 10
1694489888843 -232.1642582162991 11
1694489888962 -232.12226639885745 12
1694489889086 -232.08028290682097 13
1694489889212 -232.03830773847054 14
1694489889336 -231.99634089208732 15
1694489889467 -231.95438236595274 16
1694489889603 -231.91243215834874 17
1694489889732 -231.87049026755753 18
1694489889865 -231.82855669186168 19
1694489889989 -231.78663142954423 20
1694489890118 -231.74471447888843 21
1694489890242 -231.70280583817802 22
1694489890366 -231.66090550569706 23
1694489890495 -231.61901347972997 24
1694489890653 -231.57712975856143 25
1694489890806 -231.53525434047663 26
1694489890947 -231.4933872237611 27
1694489891068 -231.45152840670076 28
1694489891191 -231.40967788758167 29
1694489891320 -231.36783566469055 30
1694489891432 -231.32600173631428 31
1694489891568 -231.2841761007402 32
1694489891686 -231.24235875625598 33
1694489891811 -231.20054970114973 34
1694489891937 -231.15874893370966 35
1694489892067 -231.11695645222477 36
1694489892192 -231.07517225498393 37
1694489892310 -231.03339634027674 38
1694489892440 -230.99162870639307 39
1694489892576 -230.94986935162308 40
1694489892717 -230.90811827425748 41
1694489892862 -230.86637547258687 42
1694489892999 -230.82464094490285 43
1694489893129 -230.78291468949686 44
1694489893249 -230.741196704661 45
1694489893376 -230.69948698868765 46
1694489893491 -230.65778553986954 47
1694489893633 -230.61609235649976 48
1694489893757 -230.5744074368717 49
