1694489887261 169.42810631986347 0
1694489887389 169.39419676687865 1
1694489887528 169.3636851485616 2
1694489887676 169.33317954027606 3
1694489887810 169.3026799815373 4
1694489887939 169.27218647109513 5
1694489888059 169.24169900770028 6
1694489888178 169.2112175901037 7
1694489888334 169.18074221705658 8
1694489888493 169.15027288731045 9
1694489888625 169.119809599617 10
1694489888747 169.0893523527283 11
1694489888879 169.05890114539656 12
1694489889005 169.02845597637426 13
1694489889127 168.99801684441434 14
1694489889246 168.96758374826973 15
1694489889369 168.93715668669378 16
1694489889504 168.90673565844014 17
1694489889644 168.8763206622626 18
1694489889766 168.84591169691532 19
1694489889900 168.8155087611526 20
1694489890029 168.78511185372915 21
1694489890157 168.75472097339986 22
1694489890282 168.72433611891987 23
1694489890399 168.6939572890446 24
1694489890541 168.66358448252979 25
1694489890706 168.63321769813135 26
1694489890839 168.6028569346055 27
1694489890976 168.57250219070875 28
1694489891106 168.54215346519783 29
1694489891230 168.51181075682976 30
1694489891356 168.48147406436178 31
1694489891479 168.4511433865514 32
1694489891601 168.42081872215647 33
1694489891722 168.390500069935 34
1694489891852 168.3601874286454 35
1694489891971 168.3298807970461 36
1694489892107 168.299580173896 37
1694489892231 168.26928555795428 38
1694489892352 168.2389969479802 39
1694489892476 168.20871434273354 40
1694489892613 168.17843774097403 41
1694489892757 168.14816714146187 42
1694489892905 168.1179025429575 43
1694489893040 168.0876439442216 44
1694489893169 168.05739134401512 45
1694489893289 168.02714474109922 46
1694489893406 167.99690413423536 47
1694489893530 167.9666695221853 48
1694489893674 167.93644090371103 49
