1694509233352 -212.03264717199886 0
1694509233495 -182.65418396062975 1
1694509233634 -157.34735794041768 2
1694509233788 -135.54818331609061 3
1694509233913 -116.77077553429774 4
1694509234039 -100.59416020298397 5
1694509234168 -86.66006956438737 6
1694509234308 -74.65029810225927 7
1694509234438 -64.30160488919172 8
1694509234561 -55.38546851548082 9
1694509234685 -47.69875323334756 10
1694509234810 -41.07392852131941 11
1694509234934 -35.36219442551938 12
1694509235055 -30.438543432520255 13
1694509235183 -26.1927018657782 14
1694509235313 -22.531078878311394 15
1694509235435 -19.3729306529221 16
1694509235568 -16.647643632825904 17
1694509235696 -14.296414755766374 18
1694509235825 -12.267008481003526 19
1694509235966 -10.5152914589164 20
1694509236095 -9.003067527991325 21
1694509236218 -7.697070169149917 22
1694509236345 -6.569037697968034 23
1694509236470 -5.593973403638172 24
1694509236587 -4.751568068765208 25
1694509236724 -4.022978019940602 26
1694509236853 -3.3930358802188154 27
1694509236973 -2.847854643664001 28
1694509237097 -2.376130428742998 29
1694509237223 -1.9675340700669177 30
1694509237349 -1.6137894116297113 31
1694509237475 -1.3071946457335932 32
1694509237597 -1.0413051417772388 33
1694509237724 -0.8106389203056319 34
1694509237854 -0.6104092463793631 35
1694509237979 -0.436541197981823 36
1694509238110 -0.28553190105348136 37
1694509238248 -0.15421509855443416 38
1694509238378 -0.03989871107061793 39
1694509238505 0.059644705065810766 40
1694509238629 0.14636697398380116 41
1694509238758 0.22203545793625246 42
1694509238881 0.2881098604017934 43
1694509239006 0.34581832201165985 44
1694509239131 0.39627978463022706 45
1694509239256 0.44042123144362255 46
1694509239386 0.47909447988038045 47
1694509239515 0.5130108674345535 48
1694509239638 0.5427800201072475 49
