1694509233269 143.0479532715014 0
1694509233399 121.38345397488717 1
1694509233544 111.02014593792259 2
1694509233690 96.59646847242453 3
1694509233832 82.37272307742302 4
1694509233958 68.99086675545662 5
1694509234083 58.1904326374488 6
1694509234213 52.74563653533866 7
1694509234348 45.024793198630356 8
1694509234479 38.90929068777965 9
1694509234604 33.42085881362768 10
1694509234730 27.798025204536383 11
1694509234852 25.051907270417725 12
1694509234975 21.92766564397062 13
1694509235094 18.502922876693688 14
1694509235224 16.048929123045074 15
1694509235354 13.693836957891909 16
1694509235479 12.419487595763357 17
1694509235611 10.72725118365234 18
1694509235739 8.958627633419047 19
1694509235876 8.355282767457773 20
1694509236010 6.5185402304240405 21
1694509236138 5.651852608295425 22
1694509236257 5.279873645206187 23
1694509236387 4.519702168505778 24
1694509236511 3.5260856197769797 25
1694509236635 3.4651459765531203 26
1694509236771 2.822449278793403 27
1694509236894 2.5668537706118313 28
1694509237016 2.3501115034434172 29
1694509237140 2.009399703861298 30
1694509237264 1.688043572620563 31
1694509237390 1.4712755326304623 32
1694509237515 1.3061003402998532 33
1694509237639 1.4555461329961925 34
1694509237768 1.0425778285375278 35
1694509237897 0.896628947024681 36
1694509238021 0.6850168576806286 37
1694509238158 0.6883065782723964 38
1694509238291 0.7368449971097055 39
1694509238420 0.7145317616670791 40
1694509238548 0.542610264345086 41
1694509238678 0.48290050057464223 42
1694509238800 0.5398101011535666 43
1694509238923 0.41527513880515715 44
1694509239047 0.45393747755676295 45
1694509239174 0.3530645188810844 46
1694509239299 0.23799824329837935 47
1694509239432 0.3517926214266182 48
1694509239559 0.2295046736938859 49
