1694490835063 0.813900702044711 0
1694490835214 0.8110773890182388 1
1694490835366 0.8076255287106255 2
1694490835512 0.8139355111939132 3
1694490835675 0.8023427001576702 4
1694490835836 0.8009524266977679 5
1694490835976 0.8082568844449581 6
1694490836134 0.8067950019539477 7
1694490836274 0.811102895803433 8
1694490836420 0.8118695722547953 9
1694490836557 0.8142973439498364 10
1694490836691 0.8117838820093276 11
1694490836830 0.8141263644901728 12
1694490836978 0.8043525166264753 13
1694490837124 0.808323642953374 14
1694490837266 0.810319765700645 15
1694490837423 0.807878399954012 16
1694490837567 0.8104363835056844 17
1694490837719 0.8105985814451134 18
1694490837861 0.8144839657359488 19
1694490838009 0.8138511772632211 20
1694490838151 0.812818359557123 21
1694490838295 0.8058715526639815 22
1694490838439 0.8087387664343837 23
1694490838587 0.8103002108461046 24
1694490838726 0.8134647474447797 25
1694490838874 0.7970805895493438 26
1694490839011 0.8105259613199808 27
1694490839154 0.811397340489501 28
1694490839298 0.804175490529721 29
1694490839444 0.8131439091301333 30
1694490839588 0.8016893946415342 31
1694490839740 0.8095926334936343 32
1694490839893 0.813383675446809 33
1694490840043 0.8104688005114928 34
1694490840201 0.8127443938474015 35
1694490840361 0.8117303289571958 36
1694490840512 0.8063018325338234 37
1694490840666 0.8156034166324139 38
1694490840819 0.8164384113535632 39
1694490840967 0.8102279583822464 40
1694490841106 0.8125414765308248 41
1694490841239 0.808442542639904 42
1694490841378 0.8142180294547849 43
1694490841519 0.8029764905837858 44
1694490841665 0.8151867577795022 45
1694490841827 0.8151671574425872 46
1694490841973 0.8058140198644352 47
1694490842124 0.8114845314727464 48
1694490842273 0.8002016148416498 49
