1694490834998 0.004470939165587051 0
1694490835141 0.008267459395437837 1
1694490835297 0.013304302006481753 2
1694490835445 0.026077078460451923 3
1694490835590 0.025934522371683828 4
1694490835760 0.002649399410745182 5
1694490835915 0.0007484089946742565 6
1694490836054 0.012638473655025012 7
1694490836211 0.13899123050463716 8
1694490836353 0.10689732002456737 9
1694490836494 0.2119116015588515 10
1694490836629 0.146767821754677 11
1694490836767 0.012620053039045589 12
1694490836908 5.9277787022845015e-05 13
1694490837056 0.15414956968146143 14
1694490837204 0.0032121030966913208 15
1694490837343 0.05196716959868583 16
1694490837500 0.26400099068216915 17
1694490837647 4.112773065439452e-06 18
1694490837793 0.4774677387803518 19
1694490837940 0.006649802793119071 20
1694490838085 0.25094616831541083 21
1694490838229 0.00026473387303119135 22
1694490838373 0.044091800753443475 23
1694490838517 0.26602777473198497 24
1694490838664 1.5105156137360178 25
1694490838806 0.0008860479568209914 26
1694490838952 0.004918363523523096 27
1694490839088 0.16963797882268575 28
1694490839232 0.00702209234789165 29
1694490839377 0.05121670430922812 30
1694490839525 0.07256023410427945 31
1694490839668 0.17403895461538801 32
1694490839825 0.013595684744533175 33
1694490839972 0.11652308641905028 34
1694490840130 0.1159722111778752 35
1694490840286 0.016187798213272958 36
1694490840443 0.016849049626648526 37
1694490840599 0.001206872363349832 38
1694490840745 0.004151583180822119 39
1694490840898 0.07178666117576302 40
1694490841048 0.013146678954767031 41
1694490841179 0.045533546738906555 42
1694490841318 0.01184606430916538 43
1694490841451 0.011811359516737074 44
1694490841597 0.001333631847627611 45
1694490841752 0.004399699115140503 46
1694490841906 0.03156383160010952 47
1694490842055 0.020749946952518958 48
1694490842205 0.0005803053426677411 49
