1694490200754 0.7953332303118239 0
1694490200908 0.7678156038728858 1
1694490201041 0.8137984626526441 2
1694490201184 0.825960554723296 3
1694490201330 0.8089146818396813 4
1694490201491 0.8062235769012682 5
1694490201629 0.7907368799334451 6
1694490201768 0.8123219385375775 7
1694490201901 0.8037966304504431 8
1694490202047 0.8149045468133344 9
1694490202181 0.8168858499072866 10
1694490202315 0.8116119939169457 11
1694490202459 0.8109872097790909 12
1694490202596 0.7815157954624383 13
1694490202727 0.7571141863726265 14
1694490202865 0.8094821874433601 15
1694490203018 0.8155417664903295 16
1694490203166 0.8121625787862514 17
1694490203300 0.7810047024167477 18
1694490203436 0.7877697144988415 19
1694490203575 0.8057623499828894 20
1694490203720 0.7957251746355265 21
1694490203855 0.7986529913239995 22
1694490204003 0.8203274389070183 23
1694490204153 0.7959439351634809 24
1694490204292 0.8050331316795352 25
1694490204435 0.7855638230304985 26
1694490204582 0.7300449731146685 27
1694490204730 0.8235522353725484 28
1694490204868 0.7834869606526376 29
1694490205003 0.7693442915858961 30
1694490205149 0.7946683786668614 31
1694490205295 0.7774441744860434 32
1694490205442 0.7740327848537726 33
1694490205589 0.7829737576426942 34
1694490205740 0.805303387119605 35
1694490205895 0.7871038090890349 36
1694490206043 0.7888629884731483 37
1694490206189 0.7718769231382325 38
1694490206334 0.7740156770735165 39
1694490206479 0.8183860932982931 40
1694490206633 0.79975730579372 41
1694490206769 0.8031468018582357 42
1694490206911 0.7770922940610493 43
1694490207055 0.813854952496407 44
1694490207202 0.7871271235968693 45
1694490207349 0.8026161287676821 46
1694490207484 0.792173971111849 47
1694490207627 0.7931012853479736 48
1694490207763 0.7680066379572803 49
