1694507800391 3.1691151366983075 0
1694507800721 8.790177982102396 1
1694507801117 1.294266524924413 2
1694507801496 4.497741383237641 3
1694507801854 4.408617276300814 4
1694507802206 3.12599664382454 5
1694507802537 6.003238949791893 6
1694507802893 2.9070325546886555 7
1694507803223 1.3299227591489253 8
1694507803573 6.081749130875661 9
1694507803951 5.549851270904938 10
1694507804283 4.199038179768973 11
1694507804658 4.026940341754124 12
1694507805007 5.939654783648431 13
1694507805391 4.8857536672046615 14
1694507805790 4.663904410641759 15
1694507806185 5.522894969901815 16
1694507806519 5.220312013224859 17
1694507806870 10.104810610252489 18
1694507807213 4.20412014370455 19
1694507807555 3.152049396917063 20
1694507807895 3.2180402943136723 21
1694507808253 5.221426529996514 22
1694507808649 2.3337228508928964 23
1694507809009 3.815929944487469 24
1694507809366 5.379441620461127 25
1694507809720 5.103574743779066 26
1694507810094 4.139215803192415 27
1694507810455 5.138232264955756 28
1694507810824 3.834748106634424 29
1694507811153 4.267103168135447 30
1694507811532 2.0537849542570243 31
1694507811890 0.26923819971747903 32
1694507812245 5.5163063746091225 33
1694507812580 9.97932402363731 34
1694507812941 8.406185944457524 35
1694507813278 5.1594774728738155 36
1694507813643 6.677614996729839 37
1694507814027 5.402063942836417 38
1694507814363 4.405359009581873 39
1694507814701 3.61325281772429 40
1694507815053 2.5160323609489046 41
1694507815399 6.859443407280353 42
1694507815780 7.828291348918665 43
1694507816136 6.077181824919062 44
1694507816456 5.100286227160332 45
1694507816784 4.456565456846968 46
1694507817123 4.922779221734649 47
1694507817444 5.98995170843282 48
1694507817776 4.009951335018124 49
