1694489667583 -60.87820349773174 0
1694489667694 -21.46151578251087 1
1694489667787 -11.078736397098004 2
1694489667874 -7.81784225986989 3
1694489667974 -6.637139386446678 4
1694489668098 -6.179766750216834 5
1694489668201 -6.006502200387627 6
1694489668309 -5.936364102493899 7
1694489668416 -5.899126460516985 8
1694489668519 -5.899222959450997 9
1694489668619 -5.8859618214693965 10
1694489668705 -5.889725710897083 11
1694489668800 -5.8922853999267915 12
1694489668898 -5.901426515075129 13
1694489669001 -5.885998764132325 14
1694489669099 -5.89265972527962 15
1694489669197 -5.889927345718712 16
1694489669295 -5.884244259119713 17
1694489669392 -5.880716608556637 18
1694489669486 -5.883323975986144 19
1694489669585 -5.887028765740787 20
1694489669686 -5.875973864752465 21
1694489669779 -5.876579279535348 22
1694489669881 -5.884719267038753 23
1694489669990 -5.890396958924344 24
1694489670096 -5.892099662763097 25
1694489670201 -5.883713460440742 26
1694489670301 -5.885575206925959 27
1694489670405 -5.8904510515526916 28
1694489670513 -5.885817374514103 29
1694489670602 -5.894331698809811 30
1694489670703 -5.8986613170949616 31
1694489670801 -5.890612894853986 32
1694489670906 -5.887526054979082 33
1694489671012 -5.897335936502102 34
1694489671107 -5.897059558908488 35
1694489671200 -5.88329390706883 36
1694489671295 -5.885912341046892 37
1694489671396 -5.887067531196605 38
1694489671496 -5.888893113043257 39
1694489671600 -5.8963887235028904 40
1694489671703 -5.892741261205694 41
1694489671797 -5.888446334508653 42
1694489671890 -5.887066471494076 43
1694489671991 -5.893529169758359 44
1694489672080 -5.891792937638138 45
1694489672173 -5.874404035758572 46
1694489672272 -5.878740598172256 47
1694489672374 -5.880392791957449 48
1694489672476 -5.883378539365853 49
