1694489667518 42.94886237464121 0
1694489667621 15.093181554867384 1
1694489667729 8.983839977557754 2
1694489667815 6.080650158093874 3
1694489667908 5.105496571109535 4
1694489668031 4.950793495411548 5
1694489668133 4.818403209480641 6
1694489668240 5.100596608175535 7
1694489668348 4.986065530821721 8
1694489668454 4.563967459413932 9
1694489668554 4.646720960611419 10
1694489668648 4.855632803662763 11
1694489668734 4.775045945671057 12
1694489668833 5.04437286360784 13
1694489668933 4.630007425032889 14
1694489669034 4.753614971156027 15
1694489669132 4.9316162360717355 16
1694489669234 4.732594602826992 17
1694489669326 4.861404052081815 18
1694489669422 4.794489610630897 19
1694489669519 4.621968441829061 20
1694489669620 4.653502579187119 21
1694489669721 4.8923595429633115 22
1694489669807 4.905937609808981 23
1694489669918 4.784266164403718 24
1694489670025 4.932418693060911 25
1694489670129 4.518947036521949 26
1694489670235 4.9479717561586405 27
1694489670334 4.82627135968742 28
1694489670440 4.734040395019264 29
1694489670543 4.840528660726563 30
1694489670636 4.530294817754207 31
1694489670737 4.741288991598535 32
1694489670837 4.795084134078587 33
1694489670940 4.898653476290821 34
1694489671047 5.2271183357004825 35
1694489671140 4.966707306356487 36
1694489671230 4.561956493426712 37
1694489671330 4.882197051387399 38
1694489671429 5.01300819833999 39
1694489671534 4.843372430610321 40
1694489671637 4.499184955443925 41
1694489671735 4.711729993466378 42
1694489671825 4.764064329890834 43
1694489671925 4.920958196618478 44
1694489672023 4.686714292244061 45
1694489672109 4.853992433141622 46
1694489672206 5.028913805157454 47
1694489672306 4.584228490555782 48
1694489672408 4.6414748811760385 49
