1694509432578 -55.11920581304833 0
1694509432744 -12.130096679553711 1
1694509432911 -2.3254036074393096 2
1694509433082 -0.02415860081883503 3
1694509433221 0.548537698070148 4
1694509433359 0.7043764268692989 5
1694509433531 0.7523193921446746 6
1694509433663 0.7691388491470121 7
1694509433802 0.7751230375816289 8
1694509433936 0.7783077260446138 9
1694509434078 0.7799963800934403 10
1694509434224 0.7803675307285276 11
1694509434351 0.7810480165189126 12
1694509434493 0.7808309840292648 13
1694509434622 0.780290761276567 14
1694509434775 0.7807257335277626 15
1694509434951 0.7818419172952761 16
1694509435108 0.7814485100204571 17
1694509435270 0.78065191481275 18
1694509435426 0.7807262044046053 19
1694509435591 0.7799002599510483 20
1694509435749 0.7806301195299724 21
1694509435910 0.7804804465187795 22
1694509436064 0.7807478264824056 23
1694509436228 0.7803642471774869 24
1694509436402 0.7798577919563325 25
1694509436555 0.7807933866669131 26
1694509436702 0.7806530245176545 27
1694509436850 0.7805801292280969 28
1694509436997 0.7798891680675786 29
1694509437147 0.7804477519875648 30
1694509437296 0.7809385669882702 31
1694509437748 0.7808461051810416 32
1694509437901 0.7802119567192849 33
1694509438051 0.7803843002649113 34
1694509438192 0.7804013974351793 35
1694509438336 0.7814648614963113 36
1694509438489 0.7812467620512604 37
1694509438657 0.7807779990794654 38
1694509438801 0.7805097390306428 39
1694509438960 0.7804747283578222 40
1694509439107 0.7806147318026376 41
1694509439259 0.7808715570089699 42
1694509439399 0.7811607371825349 43
1694509439539 0.7812334915153463 44
1694509439678 0.780243189324793 45
1694509439826 0.781183847409997 46
1694509439970 0.7807935297348589 47
1694509440124 0.7814049564064866 48
1694509440278 0.7811296022929002 49
