1694349201422 169.4281063198635 0
1694349201630 137.21548551010306 1
1694349201842 111.36441726115791 2
1694349202064 90.40734159273663 3
1694349202285 73.4184322657433 4
1694349202488 59.64325711525601 5
1694349202741 48.472160904272116 6
1694349202954 39.409635748793534 7
1694349203142 32.059201231681456 8
1694349203368 26.095043214324757 9
1694349203555 21.253160613814593 10
1694349203752 17.323894651011663 11
1694349203963 14.133388355549046 12
1694349204178 11.540677574411815 13
1694349204402 9.435242930666854 14
1694349204636 7.724044190440095 15
1694349204822 6.331541276004391 16
1694349205011 5.199834818064241 17
1694349205210 4.278896898266809 18
1694349205411 3.5279956850158376 19
1694349205600 2.9171723181784848 20
1694349205788 2.419308558302781 21
1694349205981 2.0122018871081995 22
1694349206204 1.6807427108123876 23
1694349206395 1.409238977667238 24
1694349206622 1.1878541754398835 25
1694349206810 1.006752796045513 26
1694349207064 0.8576054363231898 27
1694349207251 0.7359520854586179 28
1694349207441 0.6354969662327626 29
1694349207634 0.5533771111931504 30
1694349207852 0.48536818610113863 31
1694349208042 0.429617937409107 32
1694349208241 0.3833016569044068 33
1694349208430 0.3452036411248766 34
1694349208665 0.31375293420690065 35
1694349208897 0.28713446144328003 36
1694349209100 0.26541780223640565 37
1694349209311 0.2469486434772588 38
1694349209504 0.23181983082950885 39
1694349209684 0.21889164307748027 40
1694349209881 0.2082493060186544 41
1694349210084 0.19911360812636875 42
1694349210318 0.19154851036595597 43
1694349210502 0.18502792548604355 44
1694349210667 0.17959049949492684 45
1694349210872 0.1748880742386881 46
1694349211120 0.17093495092709185 47
1694349211326 0.16750800326440096 48
1694349211549 0.16460050250744207 49
1694349211762 0.1620769796290258 50
1694349212014 0.159913821138021 51
1694349212409 0.15803670170824632 52
1694349212723 0.15640928427792689 53
1694349212982 0.15499951206777338 54
1694349213255 0.15376210081257896 55
1694349213463 0.1526937867400178 56
1694349213704 0.15174356677237374 57
1694349213895 0.1509273309627526 58
1694349214092 0.15019100550969627 59
1694349214282 0.14956273420603186 60
1694349214481 0.14898747516483105 61
1694349214718 0.14850069064563845 62
1694349214906 0.14804799284768091 63
1694349215095 0.1476686427213933 64
1694349215287 0.14731012257111584 65
1694349215515 0.14701299594672423 66
1694349215708 0.14672749772614938 67
1694349215905 0.14649374069055385 68
1694349216117 0.14626532679946558 69
1694349216371 0.1460807048985173 70
1694349216587 0.1458972471304536 71
1694349216771 0.14575091872545878 72
1694349216977 0.14560310098466508 73
1694349217181 0.145486742539733 74
1694349217410 0.14536734736661266 75
1694349217659 0.1452745231408007 76
1694349217917 0.14517791567622904 77
1694349218144 0.1451036186589588 78
1694349218352 0.14502536924710635 79
1694349218580 0.14496568322903522 80
1694349218798 0.1449022883505365 81
1694349218995 0.14485413655633317 82
1694349219201 0.14480281024448857 83
1694349219442 0.1447637664752392 84
1694349219637 0.14472228280967714 85
1694349219864 0.14469042821087333 86
1694349220085 0.14465700123752692 87
1694349220282 0.14463081472526348 88
1694349220477 0.14460400610186003 89
1694349220692 0.14458227987782324 90
1694349220895 0.14456092727753939 91
