1694489520362 7.222921337765889 0
1694489520521 3.2052217010287545 1
1694489520660 4.829678141957926 2
1694489520804 3.7517586824374374 3
1694489520953 5.8249071844829485 4
1694489521090 3.054159073576879 5
1694489521238 2.2256652973841935 6
1694489521385 6.365581965238917 7
1694489521533 3.944349477311122 8
1694489521672 4.465608919470461 9
1694489521801 3.095705898135247 10
1694489521934 2.625519308348778 11
1694489522077 5.413018564122453 12
1694489522222 3.6888347001888286 13
1694489522368 5.832675382861629 14
1694489522495 3.0070508674843826 15
1694489522626 3.7038694937939383 16
1694489522755 4.6950094709293255 17
1694489522906 4.888374741128169 18
1694489523047 4.436435330205941 19
1694489523187 5.056943820413879 20
1694489523336 3.601224679191081 21
1694489523477 2.717776120956954 22
1694489523628 4.49104826056185 23
1694489523770 4.797260141556944 24
1694489523914 5.132356816244403 25
1694489524064 2.628176254564478 26
1694489524209 4.106891618060236 27
1694489524352 5.256004277092404 28
1694489524497 7.050024850406799 29
1694489524629 6.293503014438388 30
1694489524770 3.067426904990793 31
1694489524903 7.121585592130775 32
1694489525046 5.688957403674149 33
1694489525188 3.386259609961455 34
1694489525332 6.095003585286562 35
1694489525476 4.493854953734132 36
1694489525622 6.081261302179025 37
1694489525771 6.833585371288135 38
1694489525912 3.7225851307080426 39
1694489526056 2.818477417490651 40
1694489526200 6.774049397259024 41
1694489526343 4.727647071528942 42
1694489526480 5.9380698414834505 43
1694489526613 4.603169149151361 44
1694489526756 2.0546390071650666 45
1694489526898 4.995500704066018 46
1694489527040 4.0513761392435494 47
1694489527186 2.5277086960154747 48
1694489527328 3.826733080973806 49
