1694490711636 -238.17722819229883 0
1694490711763 -233.45207998333797 1
1694490711903 -228.82486945139897 2
1694490712027 -224.28944525905388 3
1694490712153 -219.84398231472738 4
1694490712295 -215.48669187648028 5
1694490712423 -211.21582082704305 6
1694490712545 -207.02965096332974 7
1694490712713 -202.92581695608163 8
1694490712837 -198.90335246431323 9
1694490712975 -194.96064047787067 10
1694490713109 -191.09609616540246 11
1694490713232 -187.30816623332558 12
1694490713358 -183.59532829757413 13
1694490713490 -179.95609026787503 14
1694490713616 -176.3889897443018 15
1694490713746 -172.8932407509517 16
1694490713886 -169.46613321521164 17
1694490714005 -166.10694829554478 18
1694490714135 -162.81433656220597 19
1694490714265 -159.5869754339858 20
1694490714390 -156.4235686434626 21
1694490714546 -153.32284571291612 22
1694490714670 -150.28356144068889 23
1694490714842 -147.30449539778752 24
1694490714983 -144.38506658440753 25
1694490715097 -141.52286126161107 26
1694490715219 -138.7173566981509 27
1694490715353 -135.9674267237516 28
1694490715483 -133.27196757012624 29
1694490715612 -130.62989742487505 30
1694490715750 -128.04075090739903 31
1694490715887 -125.50228764864791 32
1694490716020 -123.01409545900326 33
1694490716136 -120.57517606698767 34
1694490716266 -118.18455105616017 35
1694490716387 -115.84183997489583 36
1694490716522 -113.54493440715758 37
1694490716653 -111.29350329837631 38
1694490716773 -109.08664377925112 39
1694490716916 -106.92347093589188 40
1694490717071 -104.8036783594474 41
1694490717191 -102.72528252791878 42
1694490717314 -100.68802295183798 43
1694490717462 -98.69108303629716 44
1694490717596 -96.73421079929265 45
1694490717725 -94.81551329959325 46
1694490717843 -92.93478195717933 47
1694490717961 -91.09126321511317 48
1694490718077 -89.28475368467609 49
