1694490711544 169.67194035925405 0
1694490711676 166.2688863564079 1
1694490711805 162.9848613469612 2
1694490711942 159.76807362788304 3
1694490712063 156.61511707284293 4
1694490712197 153.52472178551295 5
1694490712334 150.49564317866137 6
1694490712462 147.52666146897 7
1694490712591 144.61658118195095 8
1694490712749 141.76459328327564 9
1694490712877 138.9691580895287 10
1694490713014 136.22915143727127 11
1694490713147 133.54347154403624 12
1694490713270 130.91103856221892 13
1694490713391 128.33079414187014 14
1694490713532 125.80170100221353 15
1694490713658 123.32274251171255 16
1694490713787 120.8926009731706 17
1694490713919 118.51095575997583 18
1694490714047 116.17651461914298 19
1694490714180 113.88833949877804 20
1694490714303 111.64551101841813 21
1694490714428 109.44712809694413 22
1694490714585 107.29230758791664 23
1694490714708 105.18018392218686 24
1694490714882 103.10990875763669 25
1694490715011 101.08037404791362 26
1694490715134 99.09132931296132 27
1694490715261 97.14168758693282 28
1694490715395 95.230666085465 29
1694490715517 93.3574976015241 30
1694490715657 91.5214301950447 31
1694490715790 89.72147771314654 32
1694490715927 87.95742618282422 33
1694490716054 86.22830811561101 34
1694490716171 84.53342967078662 35
1694490716298 82.87211081279487 36
1694490716428 81.24345717182706 37
1694490716567 79.64728023369966 38
1694490716689 78.08270253453895 39
1694490716812 76.54909657560664 40
1694490716955 75.04584734164227 41
1694490717105 73.57214309808909 42
1694490717229 72.1278190647696 43
1694490717356 70.7120788326455 44
1694490717505 69.32435489387358 45
1694490717630 67.96389716700679 46
1694490717763 66.6305556198048 47
1694490717874 65.32359438641681 48
1694490717995 64.04248979190008 49
