1694508918533 -110.226384149986 0
1694508918741 -52.174684821307046 1
1694508918910 -24.57804402683916 2
1694508919083 -11.428381219474817 3
1694508919274 -5.139796982052624 4
1694508919448 -2.116493974113356 5
1694508919620 -0.6534813055920106 6
1694508919789 0.06125692345613731 7
1694508919952 0.41523804273626874 8
1694508920139 0.5934959934569419 9
1694508920317 0.6854173498623284 10
1694508920487 0.734060695870071 11
1694508920695 0.760326056069759 12
1694508920885 0.775471094882172 13
1694508921066 0.7840794416623669 14
1694508921246 0.7895158161279479 15
1694508921421 0.792732859069865 16
1694508921615 0.7948547595951241 17
1694508921790 0.7963483703980286 18
1694508921963 0.7971351584338306 19
1694508922133 0.7976712796283751 20
1694508922302 0.7980587670194039 21
1694508922478 0.7984545905922913 22
1694508922657 0.7985516275825351 23
1694508922840 0.7987050781692805 24
1694508923028 0.7986880567482832 25
1694508923196 0.7989684412585588 26
1694508923378 0.7989415280993741 27
1694508923549 0.7990000344359751 28
1694508923738 0.7991429508575123 29
1694508923929 0.7990511766291193 30
1694508924108 0.7990099926757019 31
1694508924284 0.799094454099582 32
1694508924471 0.799193664939112 33
1694508924649 0.7992586187871102 34
1694508924835 0.7993099771193262 35
1694508925025 0.7992640130626782 36
1694508925235 0.7990430542335155 37
1694508925416 0.7993005819031876 38
1694508925587 0.7995666023476612 39
1694508925761 0.7993194326186027 40
1694508925937 0.7992523386956883 41
1694508926118 0.7993365960953516 42
1694508926293 0.7990965878492962 43
1694508926486 0.7990910415932047 44
1694508926657 0.798707604216948 45
1694508926829 0.7989185290873745 46
1694508927013 0.7991403632062147 47
1694508927181 0.7992805700352033 48
1694508927356 0.7991616150436752 49
