1694490867687 0.7066124638169022 0
1694490867832 0.836813166949104 1
1694490867981 0.8357308062411681 2
1694490868123 0.835191487011268 3
1694490868268 0.8360048457386033 4
1694490868430 0.8360361147362368 5
1694490868572 0.8360482583908495 6
1694490868719 0.8363998596703954 7
1694490868854 0.8366117066059637 8
1694490869000 0.8360666526237283 9
1694490869136 0.8355603436967259 10
1694490869275 0.8362474012755217 11
1694490869421 0.8363445174604901 12
1694490869571 0.8362642029221329 13
1694490869723 0.8363651436656163 14
1694490869865 0.8360343372706249 15
1694490870019 0.8363583856110521 16
1694490870158 0.8366528870061083 17
1694490870293 0.8367522697653555 18
1694490870434 0.8354184652091758 19
1694490870580 0.8363329601027824 20
1694490870714 0.8362647098912794 21
1694490870856 0.8360471071169902 22
1694490871003 0.835942613344199 23
1694490871150 0.8343154528461603 24
1694490871279 0.8351008416043381 25
1694490871413 0.8366797854863472 26
1694490871553 0.8366293253712062 27
1694490871692 0.8364703332263705 28
1694490871828 0.836308544492242 29
1694490871973 0.8357840212669301 30
1694490872107 0.836475174861749 31
1694490872241 0.8366742428269329 32
1694490872385 0.8361404794568014 33
1694490872531 0.8363208702949462 34
1694490872667 0.8357976333076241 35
1694490872800 0.8360359269589479 36
1694490872932 0.8359012452443862 37
1694490873071 0.8365344343433763 38
1694490873215 0.8366123697695926 39
1694490873362 0.8364991016686603 40
1694490873495 0.836771932623088 41
1694490873640 0.8362416636677956 42
1694490873779 0.8347549055040185 43
1694490873919 0.8351781122550075 44
1694490874065 0.8365929554363145 45
1694490874211 0.8365535228461103 46
1694490874341 0.8357190635579295 47
1694490874478 0.8349918898397845 48
1694490874614 0.8362534657995802 49
