1694491070965 0.7023024235099071 0
1694491071122 0.8361638140015021 1
1694491071272 0.8363820997715791 2
1694491071403 0.8361630214526741 3
1694491071546 0.8366928568232572 4
1694491071694 0.8365109947577927 5
1694491071837 0.8362601577767781 6
1694491071987 0.8366320332421784 7
1694491072135 0.8361743897793747 8
1694491072281 0.8355837769283466 9
1694491072435 0.8366791853038585 10
1694491072588 0.8364125407690259 11
1694491072736 0.8365356602665175 12
1694491072883 0.8365395814242216 13
1694491073031 0.8357582668694842 14
1694491073181 0.8357843167682893 15
1694491073328 0.8359695291274998 16
1694491073477 0.836707006090842 17
1694491073640 0.8362057435742363 18
1694491073777 0.8365782593862234 19
1694491073919 0.8349299469790943 20
1694491074058 0.8364577818364387 21
1694491074204 0.8363336620341019 22
1694491074361 0.8362184317818395 23
1694491074510 0.8365447131070884 24
1694491074658 0.8358870354238068 25
1694491074801 0.8366084456858133 26
1694491074946 0.8363534488245639 27
1694491075094 0.8366335847929544 28
1694491075239 0.8364660141504471 29
1694491075389 0.8364585657999797 30
1694491075533 0.8361900832965753 31
1694491075678 0.8366813688879299 32
1694491075820 0.8362369247544664 33
1694491075955 0.8361619375265472 34
1694491076097 0.8360562638589275 35
1694491076246 0.836116682386596 36
1694491076384 0.8365663581288335 37
1694491076520 0.8338870502275587 38
1694491076661 0.8358333377118616 39
1694491076796 0.836626540358866 40
1694491076937 0.8364594046728097 41
1694491077085 0.8366537070357888 42
1694491077225 0.8362309668298326 43
1694491077365 0.8362079721113929 44
1694491077496 0.8349316303740479 45
1694491077626 0.8364603754840598 46
1694491077762 0.8361896542913756 47
1694491077896 0.8361663422423198 48
1694491078028 0.836536662759757 49
