1694491070897 0.3117744448908548 0
1694491071046 0.33372537601184143 1
1694491071205 0.049153308696234334 2
1694491071345 0.03246117286302365 3
1694491071476 0.21772427486459806 4
1694491071624 0.011698956877270416 5
1694491071769 0.054394798447639704 6
1694491071912 0.09206699102724146 7
1694491072068 0.006482248655116667 8
1694491072218 0.0362126916008174 9
1694491072359 0.17601080576560701 10
1694491072512 1.2946380619073354 11
1694491072668 0.15005221700450946 12
1694491072814 0.242969558754544 13
1694491072961 0.20563055434124597 14
1694491073114 0.013311901946738702 15
1694491073258 0.02815875544119014 16
1694491073408 0.1776896356921253 17
1694491073569 0.00034084367568956774 18
1694491073721 0.8668766564433724 19
1694491073853 0.06045108144463818 20
1694491073996 0.0010593816949950098 21
1694491074138 0.0028849654107435227 22
1694491074288 0.008255432666284774 23
1694491074445 0.003608038134833227 24
1694491074600 0.0006405024644380675 25
1694491074733 0.029523008055973937 26
1694491074883 0.00024451716956422364 27
1694491075025 0.003728052336719639 28
1694491075171 0.045349824593652485 29
1694491075324 0.4902018822680289 30
1694491075466 0.1965313152847056 31
1694491075610 0.049304756211029074 32
1694491075753 0.036594482167798904 33
1694491075896 0.0019756182547718986 34
1694491076029 0.00516621923903268 35
1694491076177 0.00015280354157617837 36
1694491076323 0.5553836064387212 37
1694491076463 0.08051434591179378 38
1694491076595 0.04857228990764839 39
1694491076737 0.038412143130975636 40
1694491076871 0.33822195412710304 41
1694491077014 0.023534993871365047 42
1694491077167 0.0013809330470578455 43
1694491077298 0.026308568129654347 44
1694491077439 0.09384529524523695 45
1694491077568 2.902938938734277e-05 46
1694491077699 0.06022392277254111 47
1694491077839 0.00024129829323394505 48
1694491077971 0.10096321410664948 49
