1694490368618 148.04066493569843 0
1694490368722 129.3931711143229 1
1694490368825 108.58417529506342 2
1694490368939 95.98740371644591 3
1694490369042 80.90172282701637 4
1694490369136 69.25649922108671 5
1694490369241 57.97376580051347 6
1694490369347 51.93239681021246 7
1694490369436 45.026252409607174 8
1694490369522 38.54181690516941 9
1694490369627 32.12945648738687 10
1694490369729 28.918223963759058 11
1694490369826 26.33572583514865 12
1694490369929 20.75709213112093 13
1694490370031 18.864100024660104 14
1694490370135 15.54910489052721 15
1694490370239 14.771407283829593 16
1694490370335 12.442563447458799 17
1694490370425 10.01214638332078 18
1694490370525 8.930583202245359 19
1694490370625 7.503966381887893 20
1694490370728 7.230057846184053 21
1694490370830 5.444761446054914 22
1694490370930 4.965757272139451 23
1694490371031 4.417017199877335 24
1694490371130 3.8313736640304494 25
1694490371238 3.3573446093557915 26
1694490371339 3.1322095443044575 27
1694490371433 2.662650871363702 28
1694490371533 2.1632938474944194 29
1694490371635 1.8812383654927232 30
1694490371735 1.7743971191640018 31
1694490371829 1.5299896461488687 32
1694490371924 1.3446611738606686 33
1694490372026 1.1988922941152127 34
1694490372126 0.9349948698790511 35
1694490372226 0.9296376942383907 36
1694490372332 0.8395530340517842 37
1694490372434 0.9394589685562381 38
1694490372536 0.5779524928456808 39
1694490372637 0.6610781546685286 40
1694490372740 0.5771901921098807 41
1694490372833 0.4518606034235218 42
1694490372923 0.6543217872421018 43
1694490373026 0.3953599642602773 44
1694490373127 0.3860081022702617 45
1694490373227 0.28001732004469165 46
1694490373330 0.5076687226562625 47
1694490373431 0.23790340347403466 48
1694490373532 0.2739514759022452 49
