1694490570305 169.34901212942756 0
1694490570433 165.9781622997389 1
1694490570555 162.70249683808646 2
1694490570684 159.49180724265574 3
1694490570821 156.3448016308636 4
1694490570946 153.26021384469487 5
1694490571087 150.23680293785722 6
1694490571213 147.27335267317235 7
1694490571337 144.36867102999798 8
1694490571463 141.52158972148155 9
1694490571596 138.73096372144767 10
1694490571720 135.9956708007274 11
1694490571842 133.31461107274131 12
1694490571976 130.68670654815028 13
1694490572101 128.11090069839358 14
1694490572261 125.58615802793646 15
1694490572398 123.11146365505346 16
1694490572527 120.68582290097612 17
1694490572664 118.30826088723921 18
1694490572793 115.97782214106049 19
1694490572923 113.69357020859428 20
1694490573049 111.45427480518961 21
1694490573186 109.25967410742636 22
1694490573308 107.10856074195229 23
1694490573434 105.00007063139218 24
1694490573574 102.93335689577337 25
1694490573710 100.90758950984062 26
1694490573832 98.92195496720734 27
1694490573952 96.97565595120597 28
1694490574075 95.06763753530986 29
1694490574201 93.19769176174006 30
1694490574336 91.36478309196355 31
1694490574498 89.56817582017868 32
1694490574630 87.80714888001009 33
1694490574754 86.08099555285146 34
1694490574876 84.38877634867788 35
1694490575008 82.73031581445333 36
1694490575133 81.10469162038297 37
1694490575263 79.51125164969265 38
1694490575393 77.94935675965137 39
1694490575541 76.41815443821358 40
1694490575661 74.91749168534665 41
1694490575785 73.44653153095051 42
1694490575910 72.00468420670873 43
1694490576036 70.5913716762919 44
1694490576177 69.20581972832456 45
1694490576302 67.84789635884664 46
1694490576430 66.51684144457978 47
1694490576574 65.2121215971781 48
1694490576719 63.93302109920046 49
