1694507819313 -6.139062402795296 0
1694507819680 -5.8829809829694 1
1694507820053 -5.955777438213888 2
1694507820396 -6.492956589110417 3
1694507820761 -6.037481943102975 4
1694507821151 -6.482273131052029 5
1694507821522 -5.906427871059255 6
1694507821887 -6.13095500979748 7
1694507822244 -6.1183005553334455 8
1694507822584 -6.0973515441009365 9
1694507822932 -6.081119491022763 10
1694507823266 -6.075286854045989 11
1694507823619 -6.26180859705997 12
1694507823962 -5.840083249890357 13
1694507824286 -5.946668154476073 14
1694507824662 -6.022465022344779 15
1694507825023 -5.951631684025115 16
1694507825396 -5.769491357867024 17
1694507825742 -6.011706909159156 18
1694507826091 -5.881237869006938 19
1694507826447 -6.030773240698515 20
1694507826784 -5.882114263199558 21
1694507827119 -6.0379595742375125 22
1694507827548 -5.8072388204153755 23
1694507827885 -5.9966981298708015 24
1694507828224 -6.140169152766677 25
1694507828601 -6.210549708052759 26
1694507828957 -5.9482162705341635 27
1694507829340 -5.866194489681621 28
1694507829704 -5.480536334215708 29
1694507830053 -5.836641132389504 30
1694507830418 -5.8280460924305455 31
1694507830738 -5.735624431902662 32
1694507831075 -5.819586519170467 33
1694507831407 -6.0896304276910005 34
1694507831729 -5.989397049939745 35
1694507832072 -6.223742994072097 36
1694507832468 -6.525041128685724 37
1694507832801 -5.777694728539521 38
1694507833168 -6.017072379963776 39
1694507833542 -5.827192306958291 40
1694507833928 -5.951984128539037 41
1694507834312 -5.757198467881896 42
1694507834668 -5.960211864170988 43
1694507834993 -6.063206685655936 44
1694507835348 -5.928228834828091 45
1694507835696 -5.841214717231885 46
1694507836071 -6.239585355479678 47
1694507836472 -5.822545331031842 48
1694507836826 -6.182098656382497 49
