1694507819143 1.3971680559095259 0
1694507819501 4.386783403017691 1
1694507819869 6.868085388668455 2
1694507820220 3.7022352608766513 3
1694507820579 3.5459352127370707 4
1694507820959 3.2572151325891676 5
1694507821337 3.036233896809937 6
1694507821722 5.464871115849624 7
1694507822075 6.201309446593674 8
1694507822413 2.919866150628577 9
1694507822752 5.880401853594567 10
1694507823113 2.083729843999239 11
1694507823438 10.388130106064182 12
1694507823789 4.543266075830969 13
1694507824133 2.442770888539485 14
1694507824474 5.397898195764257 15
1694507824833 5.00459497992528 16
1694507825215 4.572547815683462 17
1694507825580 4.076107207256246 18
1694507825903 4.762199221868754 19
1694507826269 6.869626714331708 20
1694507826612 7.713661126330439 21
1694507826947 4.5742836253757115 22
1694507827326 2.183317496379678 23
1694507827723 7.608225020286495 24
1694507828065 4.37090840146179 25
1694507828409 3.301857761371723 26
1694507828799 2.9792184129454093 27
1694507829150 2.8846092560023573 28
1694507829530 1.302912272698582 29
1694507829872 4.984192384503842 30
1694507830238 4.721365429303381 31
1694507830597 6.090828071010743 32
1694507830906 3.594924259085773 33
1694507831250 2.4325085168388116 34
1694507831569 6.101224989834606 35
1694507831902 2.8916335624244036 36
1694507832264 5.083824388170263 37
1694507832635 5.570773364076366 38
1694507832970 4.239747490172516 39
1694507833359 5.893419366686767 40
1694507833721 5.0688501833966875 41
1694507834115 2.866576301575048 42
1694507834485 6.081907103750931 43
1694507834830 2.9268716768973504 44
1694507835171 4.769107508224285 45
1694507835535 5.402080768604161 46
1694507835885 3.086486390301663 47
1694507836264 6.798796116064569 48
1694507836648 3.9849687193163343 49
