1694345934140 169.34901212942756 0
1694345934381 137.16711176383774 1
1694345934572 111.6566935591743 2
1694345934809 91.38224590327701 3
1694345935021 75.22407662670183 4
1694345935254 62.30793542598359 5
1694345935488 51.95043578202883 6
1694345935660 43.61671355469532 7
1694345935848 36.88756526694054 8
1694345936055 31.43393223293305 9
1694345936265 26.997078643932763 10
1694345936483 23.373184559333286 11
1694345936687 20.40136321898237 12
1694345936878 17.954335327260306 13
1694345937105 15.931165742895724 14
1694345937293 14.251601767653407 15
1694345937495 12.851655795318912 16
1694345937690 11.68015528993121 17
1694345937893 10.696045190939245 18
1694345938098 9.86627597827711 19
1694345938298 9.164147932655371 20
1694345938493 8.568011040847242 21
1694345938718 8.060242414537075 22
1694345938913 7.626440478770614 23
1694345939140 7.254788675694057 24
1694345939326 6.935551898597194 25
1694345939554 6.660676999718811 26
1694345939754 6.42347502898466 27
1694345939953 6.218367767352929 28
1694345940197 6.040684933432169 29
1694345940419 5.886501410114659 30
1694345940631 5.7525061486917 31
1694345940849 5.635896208218496 32
1694345941053 5.534290791693169 33
1694345941254 5.4456612362521 34
1694345941438 5.368273770594721 35
1694345941622 5.300642522413525 36
1694345941819 5.241490783000443 37
1694345942043 5.189718947484279 38
1694345942229 5.144377872229186 39
1694345942413 5.104646645148037 40
1694345942609 5.069813965109619 41
1694345942824 5.039262484958348 42
1694345943037 5.0124555980403676 43
1694345943235 4.988926247647718 44
1694345943422 4.968267417995914 45
1694345943647 4.950124028566458 46
1694345943843 4.934186004256383 47
1694345944037 4.920182334426824 48
1694345944234 4.907875966704535 49
1694345944434 4.8970594078897625 50
1694345944640 4.88755092583844 51
1694345944830 4.8791912637215615 52
1694345945024 4.871840792412911 53
1694345945245 4.865377038544545 54
1694345945462 4.859692535493848 55
1694345945649 4.854692952620691 56
1694345945829 4.850295464772173 57
1694345946060 4.846427329665746 58
1694345946270 4.843024645450326 59
1694345946510 4.840031264690207 60
1694345946936 4.8373978443482475 61
1694345947144 4.835081014168312 62
1694345947323 4.833042648257559 63
1694345947519 4.831249226716558 64
1694345947733 4.8296712759166835 65
1694345947924 4.828282877526323 66
1694345948115 4.827061237679255 67
1694345948298 4.825986308791614 68
1694345948535 4.825040457495591 69
1694345948725 4.824208172989969 70
1694345948911 4.82347581082913 71
1694345949121 4.822831367798339 72
1694345949332 4.822264284067937 73
1694345949518 4.821765269293382 74
1694345949701 4.821326149741324 75
1694345949890 4.820939733882862 76
1694345950114 4.8205996942102365 77
1694345950312 4.8203004633086195 78
1694345950502 4.820037142455901 79
1694345950721 4.819805421234115 80
1694345950943 4.819601506821302 81
1694345951155 4.819422061794335 82
1694345951353 4.819264149415553 83
1694345951570 4.819125185500436 84
1694345951757 4.819002896073094 85
1694345951962 4.818895280112301 86
1694345952180 4.818800576774994 87
1694345952383 4.818717236558432 88
1694345952584 4.818643895926953 89
1694345952789 4.818579354986747 90
1694345953008 4.818522557842048 91
1694345953236 4.81847257531041 92
