1694491268242 -53.14470279094808 0
1694491268355 -11.105239230351904 1
1694491268454 -1.7992456179346785 2
1694491268554 0.26164071632356745 3
1694491268657 0.7158422224102006 4
1694491268756 0.8149791146038546 5
1694491268846 0.8366069252120142 6
1694491268953 0.8412875960475072 7
1694491269064 0.8421619774592665 8
1694491269168 0.8421732576203667 9
1694491269273 0.8420328142833591 10
1694491269373 0.8421840909592494 11
1694491269483 0.8421810658222939 12
1694491269595 0.8422106983601702 13
1694491269694 0.8421647740537821 14
1694491269783 0.841955666234252 15
1694491269881 0.8420048701994843 16
1694491269984 0.8419934142714409 17
1694491270088 0.8419697155956876 18
1694491270194 0.8419444087948313 19
1694491270297 0.8420290765851052 20
1694491270390 0.8420704147336617 21
1694491270489 0.8421613948355845 22
1694491270591 0.842215520834154 23
1694491270702 0.8421286606384022 24
1694491270800 0.842212232385014 25
1694491270893 0.8422079189347049 26
1694491270999 0.8422248710382751 27
1694491271100 0.842162159802711 28
1694491271204 0.8420852283721804 29
1694491271308 0.8422239904115839 30
1694491271403 0.8423260389759702 31
1694491271507 0.8422463457044678 32
1694491271615 0.842135247464985 33
1694491271725 0.8422510135463944 34
1694491271835 0.842086429608533 35
1694491271942 0.8421827360331918 36
1694491272038 0.8421777809662316 37
1694491272128 0.842071992514084 38
1694491272231 0.8422180862899891 39
1694491272339 0.8420907458263152 40
1694491272434 0.8422527811542535 41
1694491272525 0.8422398115603736 42
1694491272625 0.8422102778426495 43
1694491272734 0.8420299377107768 44
1694491272840 0.8421338082320245 45
1694491272948 0.8420446469681069 46
1694491273044 0.8421806636338007 47
1694491273139 0.8421000092751626 48
1694491273238 0.8422446047499417 49
