1694491268159 37.5676434778283 0
1694491268281 8.685760792717641 1
1694491268390 1.8320058921840474 2
1694491268489 0.5856827056009061 3
1694491268585 0.2101537100675058 4
1694491268693 0.14448433172818037 5
1694491268787 0.09198270316677482 6
1694491268883 0.09642743896191582 7
1694491268993 0.09025006866750894 8
1694491269100 0.0993328132063042 9
1694491269208 0.08456070163252796 10
1694491269309 0.15499580053720988 11
1694491269411 0.13170763898070534 12
1694491269514 0.09766720377465785 13
1694491269631 0.18525555123155077 14
1694491269723 0.3595468773612449 15
1694491269812 0.07697723002498798 16
1694491269916 0.14635016618419372 17
1694491270020 0.1256480947650079 18
1694491270124 0.10835442926646519 19
1694491270233 0.22734491265141782 20
1694491270329 0.06365341161145213 21
1694491270419 0.1161701284436956 22
1694491270525 0.12135422927977428 23
1694491270628 0.21764575490661422 24
1694491270739 0.0824633187572557 25
1694491270831 0.14103525356400767 26
1694491270928 0.12333772404989075 27
1694491271030 0.10993797914554297 28
1694491271134 0.05964187152163755 29
1694491271240 0.09280969253834101 30
1694491271345 0.113058663033091 31
1694491271438 0.07645400724018551 32
1694491271543 0.09398957005388454 33
1694491271651 0.08551098388669601 34
1694491271762 0.18034443449003285 35
1694491271872 0.13855098123349194 36
1694491271974 0.1413175656713981 37
1694491272069 0.09514961626279188 38
1694491272165 0.1174773188664164 39
1694491272266 0.11921036886857514 40
1694491272371 0.13032456695687675 41
1694491272466 0.10226122480757073 42
1694491272559 0.18553289357565597 43
1694491272660 0.17406472337176876 44
1694491272769 0.14162995826104482 45
1694491272876 0.09277560520768073 46
1694491272981 0.06803767292200161 47
1694491273074 0.13259410501442434 48
1694491273174 0.10591408796868486 49
