1694509060454 0.5509484749235458 0
1694509060620 0.7740525977123781 1
1694509060809 0.7839684069986882 2
1694509060989 0.7797088728813002 3
1694509061176 0.779983757699195 4
1694509061342 0.7773056852131094 5
1694509061513 0.7799160692381999 6
1694509061682 0.7831150304674256 7
1694509061874 0.7812778251984476 8
1694509062078 0.7800395696537701 9
1694509062247 0.7769989029414972 10
1694509062418 0.7782941952443456 11
1694509062585 0.7866118327093843 12
1694509062751 0.7802561744370131 13
1694509062930 0.7807496812778945 14
1694509063097 0.7785556212512449 15
1694509063289 0.7848128093970788 16
1694509063472 0.7788770244785097 17
1694509063664 0.7803158487272981 18
1694509063849 0.7850021694394884 19
1694509064018 0.7779965475376931 20
1694509064194 0.7796495051180214 21
1694509064377 0.7856765106875914 22
1694509064546 0.7814140017026007 23
1694509064716 0.7870445207973013 24
1694509064910 0.7815785270435164 25
1694509065109 0.7815867506616412 26
1694509065282 0.7823636191988759 27
1694509065454 0.7863853789423872 28
1694509065641 0.7803602192255357 29
1694509065809 0.7824273594064577 30
1694509065983 0.7823527235124645 31
1694509066172 0.7880610550772954 32
1694509066356 0.7791276828530397 33
1694509066524 0.774598556068521 34
1694509066704 0.7846057575792439 35
1694509066871 0.7808403585080156 36
1694509067042 0.7806058054978157 37
1694509067232 0.774844235795104 38
1694509067407 0.7808349073034406 39
1694509067572 0.7794306901843675 40
1694509067747 0.7812388858857493 41
1694509067916 0.7851525593057562 42
1694509068091 0.7758154897639911 43
1694509068265 0.7804835305866787 44
1694509068454 0.7828664220921315 45
1694509068624 0.7813617626739102 46
1694509068797 0.7812975806623759 47
1694509068969 0.7806576779740213 48
1694509069202 0.7843703740892899 49
