1694509060375 0.21175744399728655 0
1694509060544 0.13411226228764211 1
1694509060709 0.005469702862008598 2
1694509060906 0.07230705656817547 3
1694509061091 0.2423648196387028 4
1694509061262 0.061151935873871625 5
1694509061433 0.0039731334718093305 6
1694509061604 1.5777269735004056 7
1694509061779 0.09738647538973208 8
1694509061994 0.42448276706628674 9
1694509062167 0.25635961912085636 10
1694509062341 0.00010108192097948484 11
1694509062506 0.25380973406038115 12
1694509062674 9.791415846701226e-06 13
1694509062842 0.002619234300839022 14
1694509063019 0.10534273512027074 15
1694509063200 0.003944233544664704 16
1694509063396 0.669309972114702 17
1694509063585 0.17625562468447772 18
1694509063759 0.023904627394892103 19
1694509063940 0.15865641855545412 20
1694509064111 0.0034411136824371654 21
1694509064296 0.005881565508373389 22
1694509064466 0.14664768265448647 23
1694509064631 0.017645919468722317 24
1694509064821 0.13634725329603065 25
1694509065023 0.06401794740724615 26
1694509065201 0.0157380095073133 27
1694509065372 0.10200748801241284 28
1694509065562 0.31604432233442986 29
1694509065729 0.09010174223939608 30
1694509065899 0.3529564099214318 31
1694509066090 0.0028750007547618996 32
1694509066275 0.3759978818673658 33
1694509066444 0.5745761490477697 34
1694509066621 0.19346782195257992 35
1694509066790 0.12308552735542841 36
1694509066964 0.22977916570078946 37
1694509067151 1.1419226461759855 38
1694509067324 0.025518371115629275 39
1694509067495 0.03541014461831938 40
1694509067663 0.023982022225064067 41
1694509067835 0.0006713788016556115 42
1694509068012 0.26621293136091145 43
1694509068181 0.01727611889327853 44
1694509068374 0.001858321612830092 45
1694509068544 0.03701287203517239 46
1694509068714 0.801652729792243 47
1694509068883 0.08313892203292784 48
1694509069095 0.0030943124744062644 49
