1694508210131 -211.9984296053533 0
1694508210298 -183.01058793179192 1
1694508210471 -158.37422784138332 2
1694508210652 -137.40974232664107 3
1694508210843 -119.54575398078678 4
1694508211042 -104.30065932641885 5
1694508211281 -91.27154210223561 6
1694508211474 -80.11845646573688 7
1694508211675 -70.55435577589172 8
1694508211895 -62.34023921154442 9
1694508212115 -55.27318410719738 10
1694508212309 -49.18040754248724 11
1694508212522 -43.91909645654302 12
1694508212729 -39.36677473451464 13
1694508212957 -35.42004690428635 14
1694508213188 -31.991843554026488 15
1694508213419 -29.007535977171504 16
1694508213624 -26.404608092493465 17
1694508213814 -24.130100639035327 18
1694508214073 -22.13806156870607 19
1694508214306 -20.390441719249708 20
1694508214525 -18.853320951622056 21
1694508214728 -17.499578413368877 22
1694508214927 -16.304336095925553 23
1694508215127 -15.247354804802939 24
1694508215322 -14.310746974653908 25
1694508215506 -13.47932239591826 26
1694508215692 -12.74031188688884 27
1694508215893 -12.082103743112446 28
1694508216114 -11.494771220424129 29
1694508216347 -10.97003534557094 30
1694508216578 -10.500265560831052 31
1694508216814 -10.079441412389176 32
1694508217037 -9.701975889312305 33
1694508217266 -9.36275779756233 34
1694508217492 -9.057495580890704 35
1694508217702 -8.7826421029239 36
1694508217903 -8.534972777633397 37
1694508218108 -8.311327848692736 38
1694508218342 -8.10938551550815 39
1694508218555 -7.926854257169815 40
1694508218747 -7.76172071663531 41
1694508218937 -7.612243014990181 42
1694508219125 -7.476566850398452 43
1694508219328 -7.3535666373113315 44
1694508219552 -7.242090687411675 45
1694508219746 -7.141093375570767 46
1694508219904 -7.048990958041138 47
1694508220068 -6.965370809815029 48
1694508220235 -6.889357652375294 49
