1694508210024 146.5266169676458 0
1694508210187 126.79159187651867 1
1694508210357 111.26066100842613 2
1694508210532 96.44166016769604 3
1694508210719 82.3841117445129 4
1694508210901 72.45280396121531 5
1694508211126 63.553197168479045 6
1694508211349 55.485141089630645 7
1694508211539 49.57821700704334 8
1694508211744 43.707295458737406 9
1694508211970 39.255534374511775 10
1694508212181 36.00263540574145 11
1694508212376 31.220425799359067 12
1694508212593 28.679161731134638 13
1694508212809 25.071664931527366 14
1694508213031 21.648440548178083 15
1694508213267 20.46733557508369 16
1694508213495 18.305967444067093 17
1694508213696 17.06546347763567 18
1694508213882 15.653296255951759 19
1694508214143 14.23889023103721 20
1694508214382 13.801904026367968 21
1694508214593 12.619694600169483 22
1694508214796 11.604008811098923 23
1694508215002 11.170924402273055 24
1694508215194 10.378856139798124 25
1694508215382 10.126674780514104 26
1694508215573 9.091644275654462 27
1694508215756 8.84270056375035 28
1694508215958 8.554233225278074 29
1694508216194 8.315526816761665 30
1694508216425 8.118602499406158 31
1694508216658 7.664695161796774 32
1694508216895 7.055208050512613 33
1694508217110 7.2059616166853795 34
1694508217345 7.07277969877697 35
1694508217568 6.773003457727949 36
1694508217771 6.606748743717333 37
1694508217970 6.663880526071198 38
1694508218187 5.914208198544293 39
1694508218421 6.137054605885807 40
1694508218627 5.944595251667596 41
1694508218811 6.0229426265934105 42
1694508218994 6.355907885679677 43
1694508219192 5.527982856555368 44
1694508219404 5.501065474534786 45
1694508219630 5.506663092575357 46
1694508219798 5.250893653594558 47
1694508219959 5.624539485810027 48
1694508220126 5.272448620873172 49
