1694510665028 -242.1228281196216 0
1694510665239 -241.64152205911574 1
1694510665428 -241.16116951024017 2
1694510665616 -240.68176863203712 3
1694510665814 -240.20331753841808 4
1694510665988 -239.72581434703528 5
1694510666189 -239.24925717927343 6
1694510666402 -238.77364416024267 7
1694510666593 -238.29897341877088 8
1694510666773 -237.8252430873965 9
1694510666966 -237.35245130236106 10
1694510667144 -236.88059620360187 11
1694510667337 -236.4096759347447 12
1694510667535 -235.93968864309647 13
1694510667747 -235.47063247963777 14
1694510667920 -235.0025055990159 15
1694510668092 -234.53530615953719 16
1694510668300 -234.06903232316023 17
1694510668492 -233.60368225548805 18
1694510668712 -233.13925412576143 19
1694510668905 -232.67574610685128 20
1694510669087 -232.21315637525169 21
1694510669286 -231.75148311107253 22
1694510669494 -231.29072449803246 23
1694510669678 -230.8308787234517 24
1694510669875 -230.3719439782448 25
1694510670057 -229.9139184569137 26
1694510670256 -229.45680035754035 27
1694510670478 -229.00058788177984 28
1694510670679 -228.54527923485327 29
1694510670896 -228.09087262554047 30
1694510671085 -227.63736626617322 31
1694510671275 -227.1847583726279 32
1694510671477 -226.73304716431892 33
1694510671673 -226.2822308641911 34
1694510671880 -225.8323076987131 35
1694510672056 -225.38327589787033 36
1694510672266 -224.93513369515782 37
1694510672456 -224.48787932757352 38
1694510672655 -224.04151103561114 39
1694510672858 -223.59602706325313 40
1694510673063 -223.1514256579641 41
1694510673250 -222.70770507068366 42
1694510673421 -222.2648635558195 43
1694510673605 -221.82289937124065 44
1694510673819 -221.38181077827048 45
1694510674037 -220.94159604167996 46
1694510674226 -220.5022534296808 47
1694510674401 -220.06378121391845 48
1694510674613 -219.62617766946556 49
