1694510664898 169.34901212942756 0
1694510665099 169.0104005485274 1
1694510665297 168.67584782349985 2
1694510665481 168.34195804731388 3
1694510665676 168.0087299394293 4
1694510665873 167.67616218792176 5
1694510666042 167.3442534834703 6
1694510666262 167.01300251935191 7
1694510666466 166.68240799143632 8
1694510666644 166.3524685981807 9
1694510666836 166.02318304062496 10
1694510667021 165.69455002238615 11
1694510667206 165.3665682496536 12
1694510667401 165.03923643118375 13
1694510667598 164.712553278295 14
1694510667804 164.3865175048627 15
1694510667971 164.06112782731398 16
1694510668152 163.73638296462295 17
1694510668358 163.41228163830513 18
1694510668559 163.08882257241297 19
1694510668762 162.76600449353043 20
1694510668957 162.44382613076797 21
1694510669149 162.1222862157579 22
1694510669353 161.80138348264887 23
1694510669550 161.48111666810115 24
1694510669728 161.16148451128177 25
1694510669932 160.84248575385914 26
1694510670134 160.52411913999833 27
1694510670313 160.20638341635637 28
1694510670549 159.8892773320767 29
1694510670743 159.57279963878477 30
1694510670953 159.25694909058276 31
1694510671136 158.9417244440449 32
1694510671338 158.62712445821236 33
1694510671535 158.31314789458864 34
1694510671746 157.9997935171342 35
1694510671932 157.68706009226216 36
1694510672124 157.37494638883305 37
1694510672325 157.0634511781499 38
1694510672516 156.7525732339537 39
1694510672712 156.44231133241834 40
1694510672929 156.13266425214584 41
1694510673124 155.82363077416147 42
1694510673303 155.51520968190894 43
1694510673474 155.20739976124582 44
1694510673671 154.90019980043846 45
1694510673884 154.59360859015723 46
1694510674088 154.28762492347198 47
1694510674279 153.982247595847 48
1694510674455 153.67747540513648 49
