1694508896822 0.5891351550796498 0
1694508897001 0.8064337619571081 1
1694508897164 0.8010392449042025 2
1694508897328 0.8067949239738319 3
1694508897497 0.7963835078511924 4
1694508897669 0.8037099449690381 5
1694508897860 0.8037690181282676 6
1694508898052 0.803499884107329 7
1694508898221 0.8046603427048327 8
1694508898392 0.798978558022588 9
1694508898584 0.8089938773960023 10
1694508898768 0.8056954948884292 11
1694508898956 0.8032350164280823 12
1694508899124 0.8005339529954394 13
1694508899291 0.8008092157410471 14
1694508899457 0.8033897509497478 15
1694508899635 0.7911144722543554 16
1694508899802 0.804275107039107 17
1694508899991 0.8030420266617933 18
1694508900171 0.7946731041570845 19
1694508900340 0.797141966436134 20
1694508900540 0.8048919794864644 21
1694508900710 0.7919350439328736 22
1694508900887 0.8027730667594137 23
1694508901086 0.8035138374083953 24
1694508901287 0.8021168053153795 25
1694508901458 0.8007639573328682 26
1694508901620 0.7990831571504228 27
1694508901822 0.8059425501646696 28
1694508901987 0.8038959048886166 29
1694508902171 0.8052428806730311 30
1694508902347 0.7965688290056651 31
1694508902545 0.8014896869113789 32
1694508902714 0.799059272139879 33
1694508902887 0.8002905743224926 34
1694508903076 0.8051272592908101 35
1694508903253 0.8018541893323611 36
1694508903442 0.795299492983726 37
1694508903641 0.798341284986559 38
1694508903850 0.8012488389756413 39
1694508904028 0.8034431589699664 40
1694508904217 0.7936458330191142 41
1694508904387 0.8033872533957803 42
1694508904553 0.7996429083276417 43
1694508904746 0.8022263539177827 44
1694508904916 0.8027030044264426 45
1694508905090 0.8038307110823779 46
1694508905257 0.7936768311609235 47
1694508905429 0.8018438899922163 48
1694508905612 0.8034056311145401 49
