1694508896734 0.5774425808213665 0
1694508896917 0.0005434353985786204 1
1694508897086 0.07260827626405819 2
1694508897249 0.007644741944220858 3
1694508897415 0.13239317109400414 4
1694508897590 0.0028105045323244316 5
1694508897778 0.11736835151253601 6
1694508897970 0.12024640636850159 7
1694508898142 0.013090151677891704 8
1694508898313 0.1413775427046415 9
1694508898502 0.5457640706370458 10
1694508898686 0.010627266839079063 11
1694508898869 0.10893766391198034 12
1694508899041 0.08397347679620505 13
1694508899210 0.04332845614714501 14
1694508899378 0.0410904652615337 15
1694508899553 0.28706387511297715 16
1694508899720 0.019070489320379184 17
1694508899911 0.005168511832680001 18
1694508900090 0.014716470102706438 19
1694508900257 0.046643752467192545 20
1694508900448 0.9298058333114824 21
1694508900629 0.01143093714347484 22
1694508900798 0.09614435022138049 23
1694508900996 3.944387234731701e-05 24
1694508901205 0.03600873336813053 25
1694508901372 0.03162974571585176 26
1694508901544 0.04136956801200801 27
1694508901738 0.1747773686513214 28
1694508901911 0.009791552314008205 29
1694508902093 0.0594389249010608 30
1694508902268 0.012148716953791182 31
1694508902466 0.1078453562045147 32
1694508902632 0.4239103239833642 33
1694508902799 0.3848066676071948 34
1694508902993 0.07615876913039321 35
1694508903162 0.007759513318709043 36
1694508903347 0.0029120577620490276 37
1694508903558 0.014036528080284641 38
1694508903765 0.0031184663763951237 39
1694508903944 0.006485291153994743 40
1694508904135 0.0005995861238346243 41
1694508904306 0.06845484726302375 42
1694508904473 0.42663941400557825 43
1694508904667 0.5566356638924622 44
1694508904832 0.01462078666757066 45
1694508905011 0.059291807740268744 46
1694508905177 0.4401906931731403 47
1694508905341 0.37655082990336186 48
1694508905533 0.03753385219480411 49
