1694510237158 -53.946821815343306 0
1694510237326 -11.345382694131278 1
1694510237465 -1.9052534079537748 2
1694510237601 0.2011800954517764 3
1694510237734 0.6749403708420181 4
1694510237882 0.7817813604804242 5
1694510238013 0.8063993928720932 6
1694510238140 0.8124160410328711 7
1694510238270 0.8140427634468917 8
1694510238399 0.8143973895044805 9
1694510238533 0.8146491752239365 10
1694510238662 0.814528902995482 11
1694510238790 0.8146433285820975 12
1694510238923 0.8145541829416951 13
1694510239035 0.8144397689074233 14
1694510239149 0.8143089558866504 15
1694510239263 0.8143574807675636 16
1694510239389 0.8145418501533306 17
1694510239508 0.8145037232878743 18
1694510239626 0.8144740424731439 19
1694510239742 0.8144414962047921 20
1694510239854 0.8145401009094482 21
1694510239968 0.8145367489630894 22
1694510240081 0.814669662483783 23
1694510240190 0.8147827799276928 24
1694510240304 0.8145218959889513 25
1694510240427 0.8144914581453734 26
1694510240556 0.8144283625968743 27
1694510240676 0.8144830104379244 28
1694510240794 0.8143793572552873 29
1694510240916 0.8145635417338097 30
1694510241034 0.8145954936289544 31
1694510241144 0.8145226321224962 32
1694510241258 0.8146511512122416 33
1694510241372 0.8144658071212989 34
1694510241488 0.814477910016717 35
1694510241616 0.8144866907224046 36
1694510241729 0.8144359812877708 37
1694510241840 0.8144450355933536 38
1694510241947 0.8146398723183567 39
1694510242057 0.8147325338137661 40
1694510242168 0.8145896437934577 41
1694510242282 0.8145593206194184 42
1694510242406 0.8145194878233433 43
1694510242517 0.8144273232918108 44
1694510242633 0.8145253455558303 45
1694510242748 0.8144991304674724 46
1694510242864 0.8144960967836408 47
1694510242981 0.8144172508461144 48
1694510243098 0.8144113638787367 49
