1694510237057 39.2796927667715 0
1694510237215 9.00433369178131 1
1694510237375 1.8682074645894635 2
1694510237514 0.4690033379112708 3
1694510237645 0.2456236647649217 4
1694510237780 0.12167957599689706 5
1694510237929 0.09212970613081871 6
1694510238056 0.12420402284542441 7
1694510238184 0.06019083076065455 8
1694510238317 0.11583297174769534 9
1694510238443 0.1026311119037086 10
1694510238577 0.08426238641902742 11
1694510238705 0.10990980517705297 12
1694510238836 0.10507893102879741 13
1694510238961 0.08724323189734055 14
1694510239075 0.13101387673517967 15
1694510239189 0.16247276399488028 16
1694510239304 0.11192476737512333 17
1694510239431 0.13896906909056425 18
1694510239553 0.13523977135477336 19
1694510239664 0.08932966607540234 20
1694510239780 0.1027638874438089 21
1694510239894 0.09573097880028887 22
1694510240008 0.11136693009452264 23
1694510240118 0.1179994836677863 24
1694510240227 0.1300057614210524 25
1694510240351 0.09155689908989774 26
1694510240469 0.11594460413739213 27
1694510240601 0.12588578380579543 28
1694510240716 0.11579031111176386 29
1694510240836 0.13743817536484793 30
1694510240958 0.10717425723563707 31
1694510241070 0.10658842337450475 32
1694510241183 0.08360422384324595 33
1694510241296 0.07525456951125715 34
1694510241412 0.09405730549075979 35
1694510241530 0.09955173235817164 36
1694510241655 0.1259977358017978 37
1694510241766 0.07421314446367837 38
1694510241877 0.1072490161326253 39
1694510241984 0.08463244386238027 40
1694510242095 0.13089512567745656 41
1694510242205 0.11673888507997157 42
1694510242321 0.09519607788050492 43
1694510242445 0.14367177706565132 44
1694510242556 0.10313962606472693 45
1694510242673 0.16038111698189866 46
1694510242787 0.1477155163746238 47
1694510242905 0.12150674670369681 48
1694510243021 0.11755626089141206 49
