1694510135398 -109.59451664090714 0
1694510135552 -51.300472948274155 1
1694510135715 -23.772980735348135 2
1694510135872 -10.776692352619941 3
1694510136034 -4.640754856271257 4
1694510136198 -1.7445792739293409 5
1694510136356 -0.37914305744167076 6
1694510136510 0.26567338884922975 7
1694510136688 0.5694112045839139 8
1694510136853 0.7120640027187106 9
1694510137037 0.7789522388674903 10
1694510137199 0.810301746829156 11
1694510137379 0.8248531287171139 12
1694510137541 0.8315234288889198 13
1694510137697 0.8345374822036098 14
1694510137862 0.8358848896700002 15
1694510138017 0.8364616105488815 16
1694510138168 0.8367117135910735 17
1694510138357 0.8367768357150549 18
1694510138511 0.8368004183456171 19
1694510138698 0.8367635986757708 20
1694510138877 0.8367116988629013 21
1694510139041 0.8366862943732261 22
1694510139211 0.8366386187410315 23
1694510139366 0.8366189931881962 24
1694510139522 0.8366220133277196 25
1694510139677 0.8366078444818894 26
1694510139878 0.8365916495886851 27
1694510140049 0.8365697563075559 28
1694510140234 0.8365663058096078 29
1694510140412 0.8365381446918039 30
1694510140585 0.8365089096267807 31
1694510140749 0.8365079688050154 32
