1694510135317 85.32155281509223 0
1694510135477 35.14694956858258 1
1694510135635 16.854831118747715 2
1694510135796 7.660392657039951 3
1694510135953 3.6503047318602087 4
1694510136123 1.1127964308967702 5
1694510136279 1.4282877603000375 6
1694510136435 0.5640865096859645 7
1694510136614 0.24936362682622212 8
1694510136773 0.1350513952956877 9
1694510136951 0.2691110704412471 10
1694510137126 0.6002030491459307 11
1694510137305 0.0024282988326283176 12
1694510137465 0.09650966387684348 13
1694510137624 0.003344454276533476 14
1694510137788 0.8119623100168532 15
1694510137943 0.09174308081013056 16
1694510138095 0.11138491668953601 17
1694510138282 0.18386976366874005 18
1694510138438 0.04241506880158534 19
1694510138621 0.0669290822152884 20
1694510138803 0.02884547136927554 21
1694510138959 0.0416860465302705 22
1694510139132 0.11437543635740495 23
1694510139293 0.0032215841678566036 24
1694510139447 0.007170164546336121 25
1694510139604 0.0015610229737202813 26
1694510139786 0.02284864665434323 27
1694510139965 0.01826102903743082 28
1694510140152 0.008745674715445332 29
1694510140324 0.007845093185907488 30
1694510140502 0.11467203622838268 31
1694510140670 0.007980266719313147 32
