1694489287254 -5.774133640163811 0
1694489287426 -5.623877295818823 1
1694489287580 -5.500086916324215 2
1694489287730 -5.641619944262711 3
1694489287892 -5.5083760433294255 4
1694489288059 -5.790496405685968 5
1694489288218 -5.616752553212768 6
1694489288384 -5.716959632210932 7
1694489288548 -5.808534481863837 8
1694489288722 -5.442545038444823 9
1694489288892 -5.28365739539451 10
1694489289074 -5.684083422620888 11
1694489289243 -5.686733166664143 12
1694489289414 -5.7684173917309955 13
1694489289577 -5.372313425151707 14
1694489289758 -5.5771951905008 15
1694489289926 -5.513388484736677 16
1694489290142 -5.622752665019993 17
1694489290310 -5.574693018974441 18
1694489290475 -5.517094089500789 19
1694489290658 -6.048341350404787 20
1694489290875 -5.821904368692161 21
1694489291031 -6.105940865019928 22
1694489291181 -5.5608959262733375 23
1694489291326 -5.602280400706122 24
1694489291471 -5.42557089483873 25
1694489291631 -5.879933449781116 26
1694489291801 -5.546552908502478 27
1694489291955 -5.584562302776166 28
1694489292100 -5.540645242742879 29
1694489292258 -5.651514638740003 30
1694489292416 -6.03676983142569 31
1694489292570 -5.640617033318102 32
1694489292722 -5.538712505118859 33
1694489292889 -5.659153482711015 34
1694489293058 -5.776599603842348 35
1694489293215 -5.750723697798251 36
1694489293379 -5.518241100591642 37
1694489293536 -6.216207180758113 38
1694489293694 -5.753941446138314 39
1694489293854 -5.616594394710966 40
1694489294013 -5.809982857462852 41
1694489294155 -5.647191399225801 42
1694489294295 -5.679759021163258 43
1694489294426 -5.730199014595797 44
1694489294573 -5.701655605503717 45
1694489294725 -5.979775104540653 46
1694489294873 -5.7076961456737685 47
1694489295007 -5.393110922811462 48
1694489295164 -5.6386198363923015 49
