1694489287168 4.548969755155332 0
1694489287338 5.264036261208131 1
1694489287510 3.9806807396664445 2
1694489287663 3.4948284440672666 3
1694489287814 6.912791343479907 4
1694489287977 3.8325114489734484 5
1694489288149 5.310767134132239 6
1694489288301 3.1763079166062376 7
1694489288466 3.4974810273996053 8
1694489288639 1.7212487664562683 9
1694489288811 5.134933742500358 10
1694489288988 6.370092559558435 11
1694489289161 4.5571679519987285 12
1694489289338 3.1158823104130455 13
1694489289501 5.381595124292168 14
1694489289677 2.838286717680802 15
1694489289845 2.5091904605939055 16
1694489290029 4.962547013178209 17
1694489290228 4.217829871440408 18
1694489290394 4.236928602785494 19
1694489290571 4.931737243359756 20
1694489290776 3.2873517974525006 21
1694489290953 4.6486356971976734 22
1694489291114 6.201263180749097 23
1694489291255 6.127542912950737 24
1694489291405 3.683711630751328 25
1694489291552 9.452535211924738 26
1694489291722 5.385602165125019 27
1694489291883 3.6299068846608638 28
1694489292033 5.614815512637303 29
1694489292186 2.9971754582920007 30
1694489292347 6.057751725244552 31
1694489292493 5.527371621718024 32
1694489292654 10.516621223871125 33
1694489292808 4.180587888725533 34
1694489292984 5.04755969201087 35
1694489293138 3.9924024174482824 36
1694489293302 3.7506762057700254 37
1694489293461 2.8107182720858623 38
1694489293624 2.011292890767597 39
1694489293783 3.6861050386789027 40
1694489293937 5.534265412764332 41
1694489294093 4.224727448380016 42
1694489294232 9.669213711409636 43
1694489294369 5.913038024093223 44
1694489294498 4.553193789487877 45
1694489294653 3.0665451692972425 46
1694489294813 5.076878771728471 47
1694489294949 4.166321091733204 48
1694489295088 3.9270208169957526 49
