1694489351992 -6.332820070028168 0
1694489352133 -6.903021002240259 1
1694489352275 -5.964461395305033 2
1694489352407 -6.668238665585837 3
1694489352559 -5.953422185687755 4
1694489352715 -6.130458965989751 5
1694489352855 -5.949178132346058 6
1694489352997 -6.368678645116828 7
1694489353136 -6.117799212387952 8
1694489353284 -6.96430771329325 9
1694489353429 -6.51490620398286 10
1694489353569 -6.465616275384958 11
1694489353707 -6.007559134934774 12
1694489353849 -6.204101572850421 13
1694489353992 -6.33404609038857 14
1694489354128 -6.414838585596944 15
1694489354273 -6.35310442598187 16
1694489354412 -6.051781483767985 17
1694489354545 -6.259854814439748 18
1694489354683 -5.952195779973606 19
1694489354829 -6.307762386681432 20
1694489354972 -5.9344310113243095 21
1694489355113 -6.252240825183309 22
1694489355261 -5.8809643533296105 23
1694489355409 -5.885983591254141 24
1694489355559 -5.9728522426284325 25
1694489355701 -5.97679807139927 26
1694489355850 -5.93056725483285 27
1694489355994 -6.1096145060083 28
1694489356139 -5.895255904150447 29
1694489356286 -6.080939473470593 30
1694489356429 -6.385964215487854 31
1694489356573 -6.207731676601416 32
1694489356721 -6.168286027530288 33
1694489356868 -6.001862088111216 34
1694489357001 -6.080890545758796 35
1694489357139 -6.158276493797815 36
1694489357286 -6.106906305828542 37
1694489357426 -5.947180551210714 38
1694489357576 -6.200547240558548 39
1694489357719 -7.141210993392123 40
1694489357873 -6.319594730174291 41
1694489358015 -6.145546983004944 42
1694489358161 -5.997391718166982 43
1694489358308 -6.169431307485363 44
1694489358440 -6.020919669128697 45
1694489358585 -6.042528376203694 46
1694489358733 -6.213778107719004 47
1694489358875 -5.971170879975547 48
1694489359017 -5.954343132868902 49
