1694489351919 5.318770865451565 0
1694489352070 3.4337311027270276 1
1694489352208 6.8016638164384 2
1694489352350 6.926675546436565 3
1694489352486 6.633717835159592 4
1694489352641 4.5574900670446565 5
1694489352793 2.978663329456301 6
1694489352932 6.496030860793922 7
1694489353073 8.511511911180794 8
1694489353220 7.048211490856045 9
1694489353363 5.971994493426562 10
1694489353510 6.4495435891761295 11
1694489353641 4.8992691824542645 12
1694489353782 9.19392778844425 13
1694489353924 1.3936596097073044 14
1694489354070 5.317145865051214 15
1694489354204 4.763045631314753 16
1694489354349 4.220010817563819 17
1694489354488 8.980876864390384 18
1694489354617 6.3985040793420005 19
1694489354759 4.553206264765619 20
1694489354906 3.829926047555066 21
1694489355049 4.670132161778788 22
1694489355191 3.182310308968488 23
1694489355335 3.613110360641467 24
1694489355489 2.4910647833175443 25
1694489355635 6.1843940724892486 26
1694489355781 3.415859569775675 27
1694489355926 4.859495596326567 28
1694489356070 7.100992783677186 29
1694489356215 5.416633131743535 30
1694489356362 7.630076342355567 31
1694489356506 4.240088846985786 32
1694489356653 4.4203319459956125 33
1694489356801 5.989652613997212 34
1694489356943 2.1205654295776957 35
1694489357074 5.748451853645658 36
1694489357219 5.3177424627075 37
1694489357361 7.610381294311162 38
1694489357503 4.193552776124306 39
1694489357654 2.0706016919035317 40
1694489357802 5.179098404788657 41
1694489357948 3.4298749182082187 42
1694489358097 7.17082656407006 43
1694489358242 7.365774867289455 44
1694489358384 4.393081803258591 45
1694489358523 8.622455365149554 46
1694489358664 2.7553322094860593 47
1694489358813 4.90324714904676 48
1694489358950 5.937791188919411 49
