1694490433183 -242.86241508118886 0
1694490433275 -239.62470233589724 1
1694490433383 -236.4302982478964 2
1694490433484 -233.2788358470435 3
1694490433583 -230.1692670442982 4
1694490433689 -227.10062647505322 5
1694490433795 -224.0734869077114 6
1694490433897 -221.08655862347968 7
1694490434010 -218.13952472802393 8
1694490434111 -215.23206420407206 9
1694490434209 -212.36275406708344 10
1694490434299 -209.53230044932383 11
1694490434393 -206.7397978062568 12
1694490434490 -203.98439106577462 13
1694490434590 -201.26591744904337 14
1694490434678 -198.58310487496192 15
1694490434764 -195.93630365283465 16
1694490434863 -193.32521955301553 17
1694490434958 -190.74863654335493 18
1694490435066 -188.20619196571877 19
1694490435160 -185.69775641260793 20
1694490435258 -183.22319963916638 21
1694490435358 -180.7813653370961 22
1694490435444 -178.372358116804 23
1694490435540 -175.99508918281302 24
1694490435643 -173.6500509114238 25
1694490435751 -171.33607982511356 26
1694490435860 -169.05253088407014 27
1694490435955 -166.79983657419675 28
1694490436050 -164.5774486092831 29
1694490436146 -162.38427351265085 30
1694490436240 -160.22040932551377 31
1694490436336 -158.08525806433747 32
1694490436438 -155.97892403673214 33
1694490436541 -153.9002815958186 34
1694490436643 -151.84969905910836 35
1694490436744 -149.82639128843581 36
1694490436846 -147.82971972535827 37
1694490436940 -145.86008274449088 38
1694490437039 -143.91695724201693 39
1694490437138 -141.99932495701208 40
1694490437240 -140.1070570841832 41
1694490437332 -138.24038365994153 42
1694490437432 -136.39864909566052 43
1694490437534 -134.58117916705643 44
1694490437637 -132.7881433544589 45
1694490437738 -131.0185748717253 46
1694490437840 -129.2729776524067 47
1694490437942 -127.55059333107448 48
1694490438047 -125.85116832571074 49
