1694490433127 166.42091472592227 0
1694490433214 164.02127625097265 1
1694490433309 160.61213255776812 2
1694490433417 157.92078457941992 3
1694490433513 159.33375023525795 4
1694490433618 161.12827605770818 5
1694490433723 152.64259997279797 6
1694490433829 151.03680402097123 7
1694490433935 148.17334562981625 8
1694490434045 148.85826608068274 9
1694490434149 151.81810603442307 10
1694490434238 143.74559296833385 11
1694490434330 143.54082553712732 12
1694490434425 136.90346565437284 13
1694490434525 133.31674949367434 14
1694490434620 136.43398257100495 15
1694490434708 136.00090591347347 16
1694490434799 133.28706586119432 17
1694490434898 130.8546200344098 18
1694490434995 132.22389570320937 19
1694490435097 129.0100158182241 20
1694490435196 124.25499694464139 21
1694490435290 123.35882453531772 22
1694490435387 120.76229934135415 23
1694490435474 122.10445333822783 24
1694490435574 117.71853400734915 25
1694490435678 115.51759310855039 26
1694490435790 117.01821005396991 27
1694490435895 115.71466320422674 28
1694490435984 112.61680566592955 29
1694490436080 114.54190381890834 30
1694490436178 108.64246111981299 31
1694490436274 109.14546803126032 32
1694490436370 105.03186904486736 33
1694490436474 106.48905475611473 34
1694490436576 105.61101764622607 35
1694490436678 104.74561478907619 36
1694490436778 103.35002848733019 37
1694490436875 102.09018254092523 38
1694490436974 98.13112555354827 39
1694490437071 94.61025347695431 40
1694490437172 97.37975810073546 41
1694490437270 92.63406840067489 42
1694490437367 91.74873392521854 43
1694490437467 91.94081611281044 44
1694490437570 90.23951241010673 45
1694490437671 91.98606755218638 46
1694490437773 91.07867283317944 47
1694490437876 88.07265685322238 48
1694490437979 84.70920810855105 49
