1694508682489 169.71282390458336 0
1694508682674 166.33397313052362 1
1694508682890 163.0291169025821 2
1694508683079 159.79656782519575 3
1694508683256 156.63467787147374 4
1694508683430 153.5418374531451 5
1694508683604 150.51647451263165 6
1694508683783 147.55705363671646 7
1694508683977 144.66207519129318 8
1694508684160 141.83007447669152 9
1694508684332 139.05962090308876 10
1694508684546 136.34931718552636 11
1694508684753 133.69779855806442 12
1694508684916 131.10373200661678 13
1694508685069 128.56581552002032 14
1694508685217 126.08277735890398 15
1694508685364 123.65337534193169 16
1694508685539 121.27639614900511 17
1694508685708 118.95065464102113 18
1694508685886 116.67499319578899 19
1694508686048 114.44828105972141 20
1694508686219 112.2694137149235 21
1694508686377 110.13731226131169 22
1694508686563 108.05092281340416 23
1694508686740 106.00921591143305 24
1694508686909 104.01118594643644 25
1694508687076 102.05585059899671 26
1694508687252 100.14225029129979 27
1694508687410 98.26944765219767 28
1694508687588 96.43652699496407 29
1694508687746 94.6425938074402 30
1694508687922 92.88677425427588 31
1694508688064 91.16821469097684 32
1694508688213 89.48608118947746 33
1694508688393 87.83955907496347 34
1694508688543 86.2278524736772 35
1694508688731 84.65018387144276 36
1694508688909 83.10579368265658 37
1694508689056 81.59393982949315 38
1694508689211 80.11389733108285 39
1694508689383 78.66495790242432 40
1694508689538 77.24642956279918 41
1694508689700 75.8576362534632 42
1694508689866 74.49791746439224 43
1694508690028 73.16662786986798 44
1694508690186 71.86313697269237 45
1694508690351 70.58682875682561 46
1694508690521 69.33710134824703 47
1694508690679 68.11336668384291 48
1694508690820 66.91505018813021 49
