1694510040772 99.47111432248761 0
1694510040954 49.905116065403774 1
1694510041157 18.95177289668478 2
1694510041328 15.85408364909544 3
1694510041503 5.444009757448909 4
1694510041678 1.8372844743644268 5
1694510041869 2.9596336781905346 6
1694510042055 1.059707091363478 7
1694510042229 0.06458300540567448 8
1694510042401 0.2004367882816888 9
1694510042575 0.2936734169390959 10
1694510042745 0.01432293024049901 11
1694510042900 0.035562174340246167 12
1694510043060 0.01099791525950004 13
1694510043220 0.45654056242606855 14
1694510043417 0.0016724820885620684 15
1694510043594 0.0037790434839172957 16
1694510043750 0.002725219251835351 17
1694510043911 0.1062882750080678 18
1694510044070 0.02447021274418999 19
1694510044233 0.0009829040571661713 20
1694510044403 0.0008733710760261871 21
1694510044568 0.1838884110930969 22
1694510044742 0.006120014583280438 23
1694510044904 0.04330617232476142 24
1694510045055 0.024613428176353928 25
1694510045210 0.01710307786760837 26
1694510045367 0.006721533281977736 27
1694510045578 0.08945589860214082 28
1694510045732 0.16300533155903468 29
1694510045905 0.12264223549864871 30
1694510046071 0.0013781665264737306 31
1694510046222 0.0008336680474307084 32
1694510046372 0.18423824192209515 33
1694510046533 0.05570230940937368 34
1694510046720 0.11318424477060153 35
1694510046892 0.18442508722839043 36
1694510047077 0.056817807643097816 37
1694510047255 0.018242728214748382 38
1694510047435 0.002455869958974669 39
1694510047604 0.005970881397770511 40
1694510047779 0.00017021738986493882 41
1694510047931 0.04494179702643384 42
1694510048106 0.1747219958563727 43
1694510048261 0.07164774627534148 44
1694510048430 0.058996648390242795 45
1694510048586 0.3941875654740348 46
1694510048745 0.07113941941888338 47
1694510048905 0.3861732128987667 48
1694510049089 0.1277726230175424 49
