1694508380234 -208.41134994871277 0
1694508380394 -179.86749494899067 1
1694508380533 -155.61359135066985 2
1694508380666 -134.97702864689794 3
1694508380811 -117.39446064624507 4
1694508380956 -102.39214602290804 5
1694508381100 -89.57240091995318 6
1694508381225 -78.60016433144538 7
1694508381363 -69.19408545044746 8
1694508381500 -61.1162973424024 9
1694508381640 -54.16734007476981 10
1694508381795 -48.1783103445694 11
1694508381932 -43.00705042162814 12
1694508382076 -38.53319952393919 13
1694508382223 -34.65576712775057 14
1694508382368 -31.28746175216584 15
1694508382500 -28.35576231664605 16
1694508382622 -25.799458885870095 17
1694508382754 -23.565981759813056 18
1694508382895 -21.6104230897029 19
1694508383031 -19.89462555588469 20
1694508383167 -18.38618113734105 21
1694508383306 -17.05741751042972 22
1694508383434 -15.884828456973064 23
1694508383565 -14.848008060412226 24
1694508383702 -13.929337255730324 25
1694508383838 -13.113842884506207 26
1694508383992 -12.389143353607873 27
1694508384147 -11.743664287119188 28
1694508384287 -11.167938585036907 29
1694508384428 -10.65331350428858 30
1694508384569 -10.193355056521643 31
1694508384713 -9.781075376130866 32
1694508384833 -9.41109003311786 33
1694508384950 -9.078681283362261 34
1694508385068 -8.7797395479695 35
1694508385186 -8.510518293715679 36
1694508385308 -8.267843841887942 37
1694508385433 -8.048761375214918 38
1694508385561 -7.851081655990452 39
1694508385694 -7.672360791499713 40
1694508385815 -7.510503033672091 41
1694508385939 -7.364092932184349 42
1694508386072 -7.2313442396830325 43
1694508386203 -7.110792426063345 44
1694508386328 -7.001404616962445 45
1694508386460 -6.902250760805785 46
1694508386584 -6.8120537968434265 47
1694508386708 -6.7302973606171586 48
1694508386828 -6.655824612378412 49
