1694489512975 -6.963817074015833 0
1694489513125 -6.056292584905876 1
1694489513269 -6.06377318347621 2
1694489513418 -6.081725464197278 3
1694489513561 -5.99168720121289 4
1694489513696 -6.028527039240665 5
1694489513837 -6.142516159976124 6
1694489513977 -6.159863513463828 7
1694489514129 -6.1383391399202765 8
1694489514270 -6.1127834653080715 9
1694489514412 -6.095640144860771 10
1694489514556 -6.136681533047443 11
1694489514697 -6.074182172924937 12
1694489514839 -6.073284546303703 13
1694489514998 -6.16871823786322 14
1694489515140 -6.057136423528546 15
1694489515283 -6.102959093388428 16
1694489515422 -6.10265929976846 17
1694489515568 -6.168112480024134 18
1694489515713 -6.091312565676369 19
1694489515855 -6.116460943641878 20
1694489515992 -6.081736433071776 21
1694489516134 -6.127462482282338 22
1694489516277 -6.101692168616505 23
1694489516413 -6.136904593100668 24
1694489516549 -6.115064533443355 25
1694489516694 -6.14779312996058 26
1694489516829 -6.130737002601558 27
1694489516969 -6.130272649104457 28
1694489517124 -5.991281808144545 29
1694489517268 -6.0783958150551225 30
1694489517406 -6.122371847084829 31
1694489517547 -6.069306110526369 32
1694489517693 -6.173234709277611 33
1694489517836 -6.141115403202566 34
1694489517972 -6.079033042288066 35
1694489518115 -6.043010095760796 36
1694489518252 -6.068942492193787 37
1694489518392 -6.096290144144862 38
1694489518525 -6.089339786047152 39
1694489518667 -6.11254989187918 40
1694489518808 -6.123160735438377 41
1694489518942 -6.136345003351266 42
1694489519069 -6.102081962124612 43
1694489519212 -6.131267264914221 44
1694489519361 -6.074911803814858 45
1694489519495 -6.133170407079375 46
1694489519637 -6.167950434634401 47
1694489519784 -6.137813548524791 48
1694489519927 -6.114946305153256 49
