1694489512905 6.16141320967757 0
1694489513051 5.013827963840826 1
1694489513200 2.9649077388608247 2
1694489513348 8.861064127695936 3
1694489513495 4.7479877745645505 4
1694489513638 4.914332953663452 5
1694489513769 5.064226278806902 6
1694489513914 3.8813515117445543 7
1694489514055 2.6069981017479593 8
1694489514204 6.079064604126219 9
1694489514346 3.575723946152367 10
1694489514491 6.562194626732507 11
1694489514631 6.4058234321855085 12
1694489514772 6.011730983525067 13
1694489514924 6.172188378245472 14
1694489515076 4.741922998419416 15
1694489515215 4.633118072544273 16
1694489515357 3.43080226788454 17
1694489515502 3.9558384056112668 18
1694489515646 4.432437647134739 19
1694489515789 4.676962484101881 20
1694489515930 5.063893709000641 21
1694489516069 5.150693950293595 22
1694489516214 4.733697477464484 23
1694489516357 7.303929057887188 24
1694489516487 5.232012710240415 25
1694489516626 7.097747730750896 26
1694489516771 5.791251215712608 27
1694489516902 4.404807149305796 28
1694489517053 6.440959586016109 29
1694489517203 3.52148260779051 30
1694489517340 4.343435737083627 31
1694489517482 6.183247513199605 32
1694489517624 4.723690924324386 33
1694489517770 5.517027139044515 34
1694489517911 5.138030367514297 35
1694489518046 5.574578611191988 36
1694489518190 4.607051915914466 37
1694489518325 3.6517761348781574 38
1694489518467 5.608331681239771 39
1694489518599 5.081981618129194 40
1694489518742 4.01052102626053 41
1694489518884 6.349792214056901 42
1694489519013 4.475929407613374 43
1694489519142 2.3108583091949297 44
1694489519294 7.599235926639339 45
1694489519433 5.896243379821562 46
1694489519572 4.102097115062632 47
1694489519716 3.7436460396695406 48
1694489519859 6.7556495723377825 49
