1694491219655 147.63891408717438 0
1694491219756 128.31580899104196 1
1694491219867 105.64659669311402 2
1694491219985 95.65398231593444 3
1694491220102 77.75469199755057 4
1694491220210 65.61763199712236 5
1694491220318 60.877063907260386 6
1694491220423 52.204698858940034 7
1694491220513 44.86582759369947 8
1694491220611 38.18591467753764 9
1694491220709 32.05043756535384 10
1694491220812 27.65424133204058 11
1694491220920 24.685590623624865 12
1694491221026 21.28011650262399 13
1694491221122 17.716606777295567 14
1694491221225 15.039334525474745 15
1694491221330 13.0546394330973 16
1694491221440 12.544873526080615 17
1694491221543 9.473905534421604 18
1694491221645 8.954335312478282 19
1694491221759 7.487543952181733 20
1694491221863 6.18106022090276 21
1694491221967 5.774968121157308 22
1694491222064 4.313298041627226 23
1694491222160 3.8049157365103254 24
1694491222263 3.2308662878050463 25
1694491222370 2.9782748306072238 26
1694491222476 2.613688746086853 27
1694491222576 2.1067650456302167 28
1694491222673 2.0423320746492517 29
1694491222771 1.8072401070597384 30
1694491222865 1.5069492871681347 31
1694491222970 1.4073949744299348 32
1694491223081 1.106698958323973 33
1694491223175 0.9427593829676458 34
1694491223278 1.0046860031973275 35
1694491223367 0.7568348893117609 36
1694491223462 0.6830518870130983 37
1694491223566 0.6633389878824947 38
1694491223673 0.599652143351888 39
1694491223781 0.4605272233660798 40
1694491223895 0.4338511254706553 41
1694491224007 0.3706694818673779 42
1694491224115 0.3688395371833661 43
1694491224213 0.27159630883333813 44
1694491224317 0.27362789569365514 45
1694491224412 0.2898238290868323 46
1694491224518 0.24903581308958164 47
1694491224622 0.1984216496683936 48
1694491224727 0.22562032784450844 49
