1694509201725 98.148718589868 0
1694509201904 49.958044238285005 1
1694509202075 22.346801654081904 2
1694509202240 16.72221178164767 3
1694509202410 6.250340365479897 4
1694509202582 1.176826478319039 5
1694509202759 0.6881921230452825 6
1694509202926 3.473698205849922 7
1694509203111 0.23111311766949263 8
1694509203286 0.7482773985948862 9
1694509203479 0.06269773175948044 10
1694509203660 0.04471348450619384 11
1694509203831 0.2725968848910602 12
1694509204003 0.06769350960331316 13
1694509204175 0.15571614071429637 14
1694509204361 0.08372513647122493 15
1694509204531 0.2327424204127271 16
1694509204701 0.7432487336755427 17
1694509204866 0.35777269379294135 18
1694509205038 0.11794671063131305 19
1694509205218 0.5685125277211966 20
1694509205396 0.03822286060814304 21
1694509205561 0.0016683036652579732 22
1694509205725 0.23425523992623487 23
1694509205906 0.21887037494881612 24
1694509206077 0.12599423291109746 25
1694509206245 0.05764098634106938 26
1694509206430 0.1377363022731124 27
1694509206596 0.1811987845377712 28
1694509206789 0.04429125409864391 29
1694509206967 0.2442169384900109 30
1694509207139 0.06619811071761196 31
1694509207319 0.2022928300275989 32
1694509207502 0.1805505551078401 33
1694509207670 0.00015421097985066724 34
1694509207837 0.04250204742231237 35
1694509208026 0.015217102814421337 36
1694509208205 0.2011758285745016 37
1694509208390 0.5604340006498074 38
1694509208562 0.3046307825269983 39
1694509208767 0.010303420964492917 40
1694509208931 0.2384636256720525 41
1694509209120 0.06519452138551211 42
1694509209309 0.02155474219598089 43
1694509209482 0.025449356533361986 44
1694509209674 0.04147529032417183 45
1694509209879 0.08239561531202694 46
1694509210055 0.3921552793179583 47
1694509210255 0.0056811825682096286 48
1694509210429 0.16042510255114809 49
