1694491053924 0.8343766915670396 0
1694491054064 0.8408707861463298 1
1694491054209 0.8396586617255876 2
1694491054351 0.8400731511097673 3
1694491054510 0.84037555375621 4
1694491054655 0.8384914815752786 5
1694491054800 0.8329629615571531 6
1694491054937 0.8391192893264738 7
1694491055076 0.7995244609266481 8
1694491055224 0.8415357184740215 9
1694491055368 0.836938000520868 10
1694491055513 0.840692342595349 11
1694491055660 0.8416597787614185 12
1694491055805 0.8326995684217162 13
1694491055957 0.8331004158187184 14
1694491056098 0.8406058883076075 15
1694491056255 0.8336883784392708 16
1694491056390 0.8409924755177469 17
1694491056529 0.8396501229595467 18
1694491056673 0.8289507490664028 19
1694491056807 0.8101540740612608 20
1694491056945 0.8409072299736935 21
1694491057089 0.8415039827925496 22
1694491057220 0.8402429840506844 23
1694491057361 0.8428339918984329 24
1694491057506 0.841691872299938 25
1694491057651 0.8348139230424686 26
1694491057806 0.8376915471568773 27
1694491057957 0.838328072922511 28
1694491058091 0.8339965349250388 29
1694491058237 0.8401398587996147 30
1694491058376 0.8397198885370507 31
1694491058507 0.8379465352210005 32
1694491058657 0.8405883159508316 33
1694491058799 0.8358533532835729 34
1694491058931 0.8414901152861501 35
1694491059076 0.8347835222514168 36
1694491059217 0.8288045767576203 37
1694491059361 0.8414985183074944 38
1694491059510 0.8405114274167016 39
1694491059648 0.8354746377927569 40
1694491059788 0.8393757436347073 41
1694491059938 0.8391594080173446 42
1694491060074 0.835596899003172 43
1694491060226 0.8395932043438088 44
1694491060376 0.8416990505014337 45
1694491060522 0.8405287826010194 46
1694491060673 0.8344485669266615 47
1694491060811 0.8413950577316983 48
1694491060943 0.8419628363955193 49
