1694491053861 0.06841230661851161 0
1694491053999 0.4484520111664032 1
1694491054147 0.3020877431238993 2
1694491054286 0.0003289941763992349 3
1694491054439 0.0003258794657935235 4
1694491054587 0.037402189872081194 5
1694491054732 0.16454827957950743 6
1694491054875 0.045466470668191254 7
1694491055014 0.3252801312362123 8
1694491055156 0.0367149665410727 9
1694491055300 0.0396371616168715 10
1694491055444 0.06294092984709956 11
1694491055589 0.050220269648753944 12
1694491055736 0.23750596383901248 13
1694491055890 0.12769293531505158 14
1694491056035 0.14569692133432052 15
1694491056177 0.003297794778377561 16
1694491056331 0.012337609455973947 17
1694491056463 0.01923710421096302 18
1694491056605 0.0875475675401746 19
1694491056749 5.005615171704315e-05 20
1694491056878 0.036591405967226605 21
1694491057020 0.41020740931010136 22
1694491057163 0.055788993550742495 23
1694491057296 0.18083857774005643 24
1694491057438 0.04706927451048517 25
1694491057584 0.11469368570526446 26
1694491057731 5.428769524759178e-05 27
1694491057884 0.23192333006700713 28
1694491058033 0.014979694045022399 29
1694491058167 0.02263905546893747 30
1694491058308 0.04513141810505052 31
1694491058449 0.9074285647905593 32
1694491058585 0.0026250345144628465 33
1694491058740 0.06118158023237851 34
1694491058873 0.4683550640790428 35
1694491059010 0.7289797168426944 36
1694491059150 0.12109399386794746 37
1694491059293 0.15225140936835627 38
1694491059442 0.027643961506046588 39
1694491059589 0.0009630974747971615 40
1694491059731 0.02469694353322294 41
1694491059872 0.04351716075276234 42
1694491060012 0.1573672985766683 43
1694491060153 0.2176280041997965 44
1694491060306 0.050147633199202755 45
1694491060452 0.037206797225842 46
1694491060605 0.0005194619546903803 47
1694491060750 0.10172568358072052 48
1694491060886 0.27588504982855283 49
