1694490381783 -229.22001140064225 0
1694490381883 -225.818084272245 1
1694490381986 -222.46677080404808 2
1694490382074 -219.16518944421495 3
1694490382170 -215.91255627836904 4
1694490382283 -212.70819738474995 5
1694490382388 -209.55153840748355 6
1694490382488 -206.44173566155712 7
1694490382595 -203.3780956390994 8
1694490382694 -200.35986557242387 9
1694490382790 -197.3864948887521 10
1694490382886 -194.45707723852934 11
1694490382983 -191.57114566336384 12
1694490383069 -188.72814396079724 13
1694490383165 -185.92736575542037 14
1694490383257 -183.16818266996296 15
1694490383350 -180.44991357063284 16
1694490383449 -177.77194012894952 17
1694490383542 -175.13372241468534 18
1694490383648 -172.53467627890862 19
1694490383751 -169.9742301134591 20
1694490383853 -167.45177213523021 21
1694490383952 -164.96662036465952 22
1694490384039 -162.51841974694076 23
1694490384126 -160.10655857276132 24
1694490384231 -157.73047568618037 25
1694490384331 -155.38956975685733 26
1694490384430 -153.083460958421 27
1694490384522 -150.81152010756716 28
1694490384621 -148.57326833913245 29
1694490384716 -146.36817656879657 30
1694490384811 -144.19581872896185 31
1694490384903 -142.05576059524682 32
1694490385003 -139.94739338688302 33
1694490385104 -137.87030346845557 34
1694490385203 -135.82399909244955 35
1694490385306 -133.80806060468737 36
1694490385396 -131.82203673650866 37
1694490385485 -129.865391914976 38
1694490385575 -127.93784942422428 39
1694490385677 -126.03882850451465 40
1694490385786 -124.16794322344175 41
1694490385892 -122.32483642031069 42
1694490385994 -120.50903606747666 43
1694490386096 -118.72015386979487 44
1694490386201 -116.95775015431306 45
1694490386306 -115.2214687757214 46
1694490386403 -113.5108939126953 47
1694490386491 -111.82571166073873 48
1694490386580 -110.16553069006176 49
