1694490908886 0.8317961230567675 0
1694490909027 0.8349920133788094 1
1694490909167 0.8341945090129584 2
1694490909300 0.8362392614662473 3
1694490909448 0.8354896100080857 4
1694490909590 0.8287811922894248 5
1694490909736 0.8333097317902656 6
1694490909886 0.8351420802189102 7
1694490910030 0.8273789650268419 8
1694490910166 0.8345010858327174 9
1694490910313 0.8345970201224946 10
1694490910459 0.8335522798729332 11
1694490910606 0.819264734484344 12
1694490910763 0.833345133083874 13
1694490910895 0.8356594276641369 14
1694490911041 0.8321383844977128 15
1694490911191 0.8326581548583183 16
1694490911331 0.8276267254546107 17
1694490911477 0.8318302567942597 18
1694490911627 0.8353789859102749 19
1694490911756 0.8326799843440118 20
1694490911894 0.829389669654342 21
1694490912030 0.832897884250573 22
1694490912174 0.8338076006316999 23
1694490912308 0.8344039914559042 24
1694490912447 0.8283554863442917 25
1694490912584 0.8337793924879155 26
1694490912728 0.8353683591198522 27
1694490912886 0.8307160780391136 28
1694490913029 0.8345975381647517 29
1694490913173 0.8291781651610224 30
1694490913322 0.8308213325777266 31
1694490913465 0.8343753926575476 32
1694490913610 0.8347539982381054 33
1694490913755 0.8267527100007236 34
1694490913905 0.8355436156752499 35
1694490914048 0.8302972240438694 36
1694490914192 0.8290272682022735 37
1694490914335 0.8306374263865465 38
1694490914483 0.8350005737060878 39
1694490914630 0.8311301512883966 40
1694490914778 0.8309769066014556 41
1694490914926 0.8303050547991437 42
1694490915064 0.8326468865102303 43
1694490915208 0.8306555831697833 44
1694490915364 0.8341184875260877 45
1694490915502 0.8291809270937279 46
1694490915629 0.8345868424738639 47
1694490915761 0.830731733335398 48
1694490915897 0.831413916218203 49
