1694509078991 1.7513971077652415 0
1694509079144 0.3507142001544486 1
1694509079305 0.06569983745613817 2
1694509079475 0.054090819593611256 3
1694509079631 1.0146423433478253 4
1694509079829 0.21232291216172244 5
1694509080030 0.06453407853443394 6
1694509080216 0.04497128987308317 7
1694509080409 3.365210477414187e-05 8
1694509080600 0.41006459316742067 9
1694509080790 0.0033436474293589953 10
1694509080972 0.3509298735924617 11
1694509081147 5.0543036869607895e-06 12
1694509081312 0.9819870064024449 13
1694509081499 0.0009826130504517847 14
1694509081666 0.039476650984564716 15
1694509081842 0.28116874160754574 16
1694509082007 0.10471172576543515 17
1694509082175 0.17201778439876314 18
1694509082373 0.10611497984290774 19
1694509082549 0.010828346470851406 20
1694509082730 0.03053161085123365 21
1694509082902 0.008376788356748172 22
1694509083073 0.12389129142778871 23
1694509083246 0.2789622868403899 24
1694509083431 0.011426138729172294 25
1694509083613 0.09067958585727907 26
1694509083786 0.06341912120778624 27
1694509083962 0.0761944476630932 28
1694509084131 0.09042216033954152 29
1694509084311 0.02524310419337878 30
1694509084499 0.07985739245408646 31
1694509084663 0.21788941957367713 32
1694509084856 0.0021374642343701825 33
1694509085049 0.0008360713952812282 34
1694509085216 0.05810958274884825 35
1694509085384 0.0015808657644800735 36
1694509085585 0.0632210637360349 37
1694509085784 0.12039496206691942 38
1694509085950 0.04174104378644735 39
1694509086133 0.40182985144842776 40
1694509086300 0.005132033497478712 41
1694509086466 0.0049358843954141135 42
1694509086648 0.019493352335728176 43
1694509086816 0.41782551726383066 44
1694509087012 0.08250938832451518 45
1694509087182 1.0602298031087094 46
1694509087350 0.01585558326072372 47
1694509087520 1.472051822395332 48
1694509087689 0.4084928707339817 49
