1694489473923 81.39744918179389 0
1694489474067 48.99995231830851 1
1694489474204 16.73357072165352 2
1694489474340 16.504181647115498 3
1694489474481 10.869773725937645 4
1694489474621 8.030316163436357 5
1694489474765 8.474397711562908 6
1694489474909 5.0335343761127005 7
1694489475058 4.603135405848577 8
1694489475190 8.575487460186565 9
1694489475335 4.375143137726616 10
1694489475467 6.231468542077839 11
1694489475600 5.394309406231277 12
1694489475738 3.940176981623136 13
1694489475881 3.643075663597936 14
1694489476024 3.9447202707755995 15
1694489476170 6.800336628691678 16
1694489476316 3.9121778395157314 17
1694489476461 3.9881402000920123 18
1694489476609 5.035176647973095 19
1694489476756 5.24432095862076 20
1694489476901 9.035172579907151 21
1694489477046 3.797172356841415 22
1694489477190 3.549539230776532 23
1694489477333 6.295092434324373 24
1694489477477 3.1854748580142846 25
1694489477624 5.552343444238582 26
1694489477766 7.204731314764403 27
1694489477910 2.9665975213694855 28
1694489478057 1.7046294956402646 29
1694489478202 3.719863467237925 30
1694489478348 4.7710054731718445 31
1694489478484 5.0587443204840765 32
1694489478629 4.944327595861238 33
1694489478761 4.480532275608162 34
1694489478907 7.075445020598292 35
1694489479055 5.075805975752042 36
1694489479196 3.9973621631101275 37
1694489479332 4.263750521146596 38
1694489479470 5.209972146575885 39
1694489479612 4.653246971336494 40
1694489479746 4.912460808396683 41
1694489479888 3.6095537926269676 42
1694489480041 4.261616080051886 43
1694489480189 5.214662111890231 44
1694489480332 7.344872408181571 45
1694489480482 3.353630991547169 46
1694489480628 5.438503759418109 47
1694489480768 4.2155412194680775 48
1694489480910 3.6651577944000957 49
