1694490850533 0.8407864223859052 0
1694490850679 0.8417154618967229 1
1694490850828 0.8353229214224895 2
1694490850974 0.8423751087516753 3
1694490851121 0.8406075389087772 4
1694490851262 0.8418598658699361 5
1694490851407 0.8388684191022084 6
1694490851551 0.8404855346124344 7
1694490851699 0.8416195217175442 8
1694490851847 0.832912820085942 9
1694490852000 0.8381618744637276 10
1694490852149 0.8373162453160672 11
1694490852299 0.8234687242989085 12
1694490852455 0.8413829647788147 13
1694490852606 0.8352149154396868 14
1694490852751 0.8409503007474856 15
1694490852906 0.832213710485271 16
1694490853043 0.8381113991966636 17
1694490853186 0.8413614274089061 18
1694490853332 0.8299485853068184 19
1694490853481 0.8389879267500946 20
1694490853627 0.8387719313923433 21
1694490853769 0.8407362120131042 22
1694490853915 0.831361119903496 23
1694490854050 0.8280920809592874 24
1694490854202 0.8187776243372673 25
1694490854349 0.8426329524708204 26
1694490854493 0.8338244345435869 27
1694490854635 0.8341673962217817 28
1694490854784 0.8412139916700367 29
1694490854928 0.8399431083964644 30
1694490855076 0.8396686089628729 31
1694490855209 0.8380615477341331 32
1694490855347 0.8332438641625071 33
1694490855490 0.8403837275773547 34
1694490855635 0.8368741953462473 35
1694490855770 0.8336960590793219 36
1694490855914 0.8378178625600575 37
1694490856057 0.8416752004070364 38
1694490856208 0.8347327641529194 39
1694490856354 0.8380308149768717 40
1694490856490 0.8403451519432299 41
1694490856641 0.8414904409694824 42
1694490856794 0.8382986734667465 43
1694490856940 0.8359760472623194 44
1694490857081 0.8397309565018234 45
1694490857229 0.8420287559809606 46
1694490857361 0.835539487353458 47
1694490857506 0.838463970311008 48
1694490857652 0.8405499472079531 49
