1694490850464 0.0020819702179911484 0
1694490850611 0.03805899545436642 1
1694490850759 0.05833362589165529 2
1694490850905 0.0150443336749391 3
1694490851049 0.007058219455835924 4
1694490851201 0.007058762124932115 5
1694490851340 0.007668675235632548 6
1694490851484 0.07155920313501438 7
1694490851631 0.5463767157676038 8
1694490851777 0.27967149965629207 9
1694490851928 0.0008933868947369782 10
1694490852090 0.009326720583967557 11
1694490852232 0.04534383424019736 12
1694490852376 0.5849848639510864 13
1694490852538 0.019238613526025967 14
1694490852684 0.03920583707133388 15
1694490852830 0.00010496808287773799 16
1694490852984 0.1780405807949225 17
1694490853120 0.02819693924614992 18
1694490853264 0.007208558321210909 19
1694490853415 0.1424047975993659 20
1694490853558 0.008848551658540392 21
1694490853705 0.6929666716554211 22
1694490853849 0.0236752877094348 23
1694490853992 0.0002771232822460957 24
1694490854136 0.00012361436977796178 25
1694490854281 0.0010998861282535 26
1694490854427 0.009850643872809843 27
1694490854567 0.007487254649330673 28
1694490854715 0.020185459628836715 29
1694490854862 0.0010636669558067903 30
1694490855018 0.012256293663943752 31
1694490855151 0.017341886030245182 32
1694490855286 0.2398424879354206 33
1694490855420 0.0001524973574775204 34
1694490855567 0.049344576857677 35
1694490855712 0.01340219786615813 36
1694490855845 0.02135060667020578 37
1694490855992 0.08297706692494379 38
1694490856134 0.022392908194671456 39
1694490856286 0.03562900157816099 40
1694490856428 0.008746713758203893 41
1694490856572 0.1310245226434316 42
1694490856718 0.676996171168136 43
1694490856877 0.012369288875353213 44
1694490857019 0.22498141234168043 45
1694490857159 0.009624634862226632 46
1694490857305 0.002340297109285147 47
1694490857439 0.36021397854988807 48
1694490857585 0.012935773789285851 49
