1694510631443 -237.76048478261794 0
1694510631618 -233.01238415099826 1
1694510631786 -228.35877893404037 2
1694510631978 -223.79778793160165 3
1694510632158 -219.32756736694975 4
1694510632329 -214.9463101894982 5
1694510632491 -210.6522453426782 6
1694510632658 -206.44363704642194 7
1694510632824 -202.318784093965 8
1694510632999 -198.2760191626818 9
1694510633184 -194.31370813867267 10
1694510633353 -190.4302494548291 11
1694510633518 -186.6240734421069 12
1694510633717 -182.89364169374338 13
1694510633894 -179.2374464421605 14
1694510634059 -175.6540099482996 15
1694510634216 -172.1418839031403 16
1694510634405 -168.69964884115927 17
1694510634577 -165.3259135654909 18
1694510634741 -162.01931458455573 19
1694510634929 -158.77851555992788 20
1694510635129 -155.60220676521647 21
1694510635313 -152.48910455574162 22
1694510635540 -149.437950848789 23
1694510635744 -146.44751261423153 24
1694510635947 -143.51658137531157 25
1694510636144 -140.6439727193805 26
1694510636332 -137.82852581839646 27
1694510636516 -135.06910295898598 28
1694510636709 -132.3645890818779 29
1694510636915 -129.71389133052318 30
1694510637110 -127.11593860871591 31
1694510637297 -124.56968114703749 32
1694510637466 -122.07409007794604 33
1694510637653 -119.62815701933984 34
1694510637861 -117.23089366642449 35
1694510638036 -114.88133139171904 36
1694510638229 -112.57852085303769 37
1694510638451 -110.32153160928833 38
1694510638641 -108.1094517439318 39
1694510638832 -105.9413874959488 40
1694510639023 -103.81646289816474 41
1694510639212 -101.73381942278553 42
1694510639406 -99.69261563400032 43
1694510639581 -97.6920268475105 44
1694510639770 -95.73124479684628 45
1694510639998 -93.80947730633538 46
1694510640223 -91.92594797059157 47
1694510640445 -90.07989584039223 48
1694510640644 -88.27057511481809 49
