1694510631322 169.34901212942756 0
1694510631487 165.9781622997389 1
1694510631670 162.6778035134144 2
1694510631831 159.44314394623484 3
1694510632035 156.2728750945529 4
1694510632207 153.165714500633 5
1694510632377 150.1204052669651 6
1694510632539 147.13571554635737 7
1694510632702 144.21043804221318 8
1694510632871 141.3433895187902 9
1694510633050 138.53341032124027 10
1694510633236 135.7793639052359 11
1694510633401 133.08013637599038 12
1694510633586 130.43463603648422 13
1694510633780 127.8417929447135 14
1694510633943 125.3005584797801 15
1694510634105 122.8099049166462 16
1694510634272 120.36882500938059 17
1694510634449 117.97633158272627 18
1694510634621 115.63145713182348 19
1694510634802 113.33325342992455 20
1694510634993 111.08079114394117 21
1694510635188 108.87315945766733 22
1694510635397 106.70946570252421 23
1694510635598 104.58883499567709 24
1694510635809 102.51040988537642 25
1694510636009 100.47335000337898 26
1694510636198 98.47683172430733 27
1694510636388 96.52004783180887 28
1694510636568 94.60220719137881 29
1694510636770 92.72253442971368 30
1694510636973 90.88026962046456 31
1694510637168 89.07466797626279 32
1694510637348 87.3049995468921 33
1694510637515 85.5705489234847 34
1694510637727 83.87061494862083 35
1694510637912 82.2045104322138 36
1694510638092 80.57156187306494 37
1694510638303 78.971109185975 38
1694510638506 77.40250543430116 39
1694510638694 75.86511656785078 40
1694510638883 74.35832116600508 41
1694510639083 72.88151018596868 42
1694510639275 71.4340867160419 43
1694510639459 70.01546573381627 44
1694510639639 68.62507386919427 45
1694510639846 67.26234917213715 46
1694510640078 65.92674088504654 47
1694510640286 64.61770921968699 48
1694510640510 63.33472513855871 49
