1694490072318 0.5984089306155612 0
1694490072465 0.7983309284529858 1
1694490072610 0.8039227965445259 2
1694490072759 0.8017808539385258 3
1694490072922 0.7974762266094488 4
1694490073068 0.796615428555612 5
1694490073218 0.7936476838990678 6
1694490073365 0.8004770216653893 7
1694490073508 0.7959806676594188 8
1694490073659 0.7988605814936012 9
1694490073804 0.8017399338280582 10
1694490073950 0.7931837996273008 11
1694490074100 0.8056997878224748 12
1694490074248 0.8026766880734936 13
1694490074394 0.8007703449857846 14
1694490074538 0.7913739658883303 15
1694490074680 0.8057390732100633 16
1694490074823 0.7923994402729333 17
1694490074963 0.7995763227116301 18
1694490075105 0.7960399756478294 19
1694490075260 0.7983812375964802 20
1694490075402 0.8049034682394843 21
1694490075547 0.7957656857836226 22
1694490075692 0.7975226796587884 23
1694490075840 0.8036374635229223 24
1694490075989 0.8011026480273551 25
1694490076135 0.7987135516966921 26
1694490076290 0.8020262941512872 27
1694490076439 0.8027741247000617 28
1694490076589 0.7970011459172229 29
1694490076729 0.8039012269596986 30
1694490076875 0.803542028509706 31
1694490077020 0.7947023561705806 32
1694490077196 0.8013043291953506 33
1694490077343 0.7985348665329226 34
1694490077488 0.8009185930019205 35
1694490077636 0.7975377150765712 36
1694490077784 0.7951787203059353 37
1694490077933 0.7966293713214381 38
1694490078086 0.8021825064763954 39
1694490078246 0.7981146424474939 40
1694490078404 0.7975166889625072 41
1694490078549 0.8022558332031617 42
1694490078698 0.8040905698830556 43
1694490078845 0.8022962623566525 44
1694490078990 0.7944312165329415 45
1694490079137 0.7932154362741715 46
1694490079282 0.8022257093425144 47
1694490079430 0.8029366894167067 48
1694490079573 0.7959500880974238 49
