1694490072247 0.16222189067446072 0
1694490072397 0.4141174838565287 1
1694490072543 0.05253490860493123 2
1694490072690 0.049405118938242565 3
1694490072851 0.1403784316012442 4
1694490073001 0.1661939191547836 5
1694490073149 0.4146552914563176 6
1694490073297 1.5981980569584517 7
1694490073442 0.09683888821229962 8
1694490073591 0.10802230089019683 9
1694490073738 0.015405067416277307 10
1694490073880 0.22901771150354136 11
1694490074032 0.18309282115727785 12
1694490074188 0.015738711544750043 13
1694490074336 0.002798274030479839 14
1694490074475 0.3770183582838192 15
1694490074613 0.0007065812694121453 16
1694490074762 0.27968154704785486 17
1694490074900 0.0045847226327772285 18
1694490075043 0.0001365915217454339 19
1694490075186 0.009745174246572827 20
1694490075343 0.01045649820762607 21
1694490075481 0.3205143063574078 22
1694490075626 5.942463729468445e-05 23
1694490075772 0.004216173808953805 24
1694490075919 0.026447431433354367 25
1694490076068 0.24329809709559008 26
1694490076218 0.18271940602644599 27
1694490076370 0.1106051106583421 28
1694490076520 0.022411495846910955 29
1694490076673 0.04677229176086258 30
1694490076809 0.2962023450072139 31
1694490076955 0.003528905571029746 32
1694490077121 0.29872531678209535 33
1694490077276 0.008411232033888839 34
1694490077425 0.17411875608638247 35
1694490077570 0.5641416199894638 36
1694490077714 0.008613681664839475 37
1694490077866 0.0232159188787586 38
1694490078018 0.22803143722675345 39
1694490078166 0.17002605467759574 40
1694490078335 0.5136479231965051 41
1694490078490 0.10913061329673639 42
1694490078629 0.24747991318244628 43
1694490078776 0.00017028788430376195 44
1694490078921 0.0019684531851584895 45
1694490079069 9.184487642541062e-06 46
1694490079220 0.02496244634995938 47
1694490079363 0.07702445556633158 48
1694490079511 0.2094080957889644 49
