1694509957357 -116.01028679451018 0
1694509957537 -54.46800647819695 1
1694509957708 -25.35955071113397 2
1694509957880 -11.588622044089293 3
1694509958039 -5.070970685739822 4
1694509958200 -1.9813571717409673 5
1694509958374 -0.5175616712691786 6
1694509958526 0.17812940727088367 7
1694509958698 0.5094228553002507 8
1694509958854 0.667802946334336 9
1694509959006 0.7432542803098414 10
1694509959197 0.7794044447886782 11
1694509959358 0.7970832769649863 12
1694509959516 0.8058355073488717 13
1694509959680 0.8101464355068201 14
1694509959856 0.8122865741597393 15
1694509960053 0.8134428245147411 16
1694509960233 0.8140359884622365 17
1694509960423 0.8143135622013475 18
1694509960604 0.8144198123738094 19
1694509960809 0.8145046897013695 20
1694509961000 0.8145499923272799 21
1694509961195 0.8145998023713935 22
1694509961387 0.814595771837325 23
1694509961566 0.8146443223644606 24
1694509961761 0.8146623938346038 25
1694509961939 0.8146262715678516 26
1694509962109 0.8146440083319907 27
1694509962288 0.8145926235421208 28
1694509962479 0.814608843779612 29
1694509962688 0.8146139695332298 30
1694509962882 0.8146114676703793 31
1694509963053 0.8145915692914562 32
1694509963226 0.8146033444607252 33
1694509963426 0.8145309093967819 34
1694509963600 0.8144950387455661 35
1694509963780 0.8145875957111456 36
1694509963976 0.8145853272750389 37
1694509964156 0.814575773385158 38
1694509964359 0.814573675179056 39
1694509964557 0.8145780895506238 40
1694509964752 0.8145493634903436 41
1694509964935 0.8145806267335494 42
1694509965112 0.8145633863967283 43
1694509965311 0.8145652285693366 44
