1694509957283 72.99043381753512 0
1694509957460 32.02838712793409 1
1694509957629 14.768061641029886 2
1694509957802 8.051700064952303 3
1694509957963 9.770059592968122 4
1694509958122 1.0935085168796261 5
1694509958297 1.0973882817307103 6
1694509958453 0.36137538564905713 7
1694509958620 0.03335806733194964 8
1694509958778 0.10068260361562062 9
1694509958933 0.035826219843159965 10
1694509959123 0.09086786821412542 11
1694509959280 0.029790112442450344 12
1694509959442 0.0007325705874652152 13
1694509959598 0.05377091676550799 14
1694509959772 0.005229603400172011 15
1694509959969 0.5926969458806705 16
1694509960140 0.22885651042762717 17
1694509960328 0.00961148915840808 18
1694509960517 0.0005394239194585999 19
1694509960725 0.04982340593570306 20
1694509960914 0.052652503432788156 21
1694509961106 0.16399576188500747 22
1694509961301 0.13202886728000884 23
1694509961473 0.053834624170368814 24
1694509961676 0.30690089247237795 25
1694509961854 0.026974991368125034 26
1694509962025 0.053641417813737984 27
1694509962195 0.01818461032807046 28
1694509962393 0.01947859064201102 29
1694509962591 0.00015642683906374682 30
1694509962795 0.00039972441663421894 31
1694509962969 0.0036782669480823144 32
1694509963140 0.07823714412305469 33
1694509963342 0.0012764567304497428 34
1694509963513 0.03812629419474243 35
1694509963694 0.12633237528984814 36
1694509963888 0.39219115601913057 37
1694509964068 0.016626028364747927 38
1694509964267 0.007590279027273402 39
1694509964475 0.00014978354885648366 40
1694509964654 0.000248900877526491 41
1694509964848 0.004250012488691747 42
1694509965028 0.01052596892560528 43
1694509965221 0.05634793117091343 44
