1694510243622 -50.70786191104856 0
1694510243752 -10.536613014684717 1
1694510243873 -1.671382429868081 2
1694510243984 0.28751108167494877 3
1694510244102 0.7174383351941629 4
1694510244221 0.8111417608811637 5
1694510244333 0.831957380073161 6
1694510244446 0.8360206260711691 7
1694510244564 0.8367094567425615 8
1694510244677 0.8366874431411693 9
1694510244810 0.8366907690408708 10
1694510244939 0.8366273766682563 11
1694510245066 0.8365430929295679 12
1694510245190 0.8364112943697936 13
1694510245316 0.836410371434581 14
