1694510243548 38.38419862699817 0
1694510243668 8.462279606484831 1
1694510243795 1.9583812840442862 2
1694510243911 0.9592583690844149 3
1694510244025 0.14040603723290848 4
1694510244144 0.10927186969181266 5
1694510244260 0.08777208486365805 6
1694510244372 0.12498135539295081 7
1694510244484 0.1388487866996786 8
1694510244604 0.11634251794243766 9
1694510244725 0.1740691307691693 10
1694510244854 0.1319676163000401 11
1694510244981 0.138500175880908 12
1694510245109 0.11236457117149698 13
1694510245234 0.13334002954937582 14
