1694509988322 0.004332515851906918 0
1694509988481 0.009621928328391843 1
1694509988653 0.025258420161552993 2
1694509988824 0.007085076524050461 3
1694509989017 0.006158873024397884 4
1694509989174 0.02894887901332595 5
1694509989350 0.1469883351980373 6
1694509989534 1.3158403667010887 7
1694509989710 0.020672563474551927 8
1694509989880 0.012382780511634665 9
1694509990048 0.011385218722298682 10
1694509990236 0.4482005347253241 11
1694509990432 0.14665668062500656 12
1694509990623 0.001023902264431657 13
1694509990823 0.040428974635535575 14
1694509991040 0.00036427863570242803 15
1694509991217 0.028436659243408078 16
1694509991410 0.2528145191337097 17
1694509991612 0.0003559584525141674 18
1694509991782 0.014561337800350488 19
1694509991983 0.08888112577039929 20
1694509992153 0.008555618337456836 21
1694509992324 0.5954624584511288 22
1694509992497 0.008932664669757623 23
1694509992695 0.09619038398868328 24
1694509992885 0.3737780537257929 25
1694509993075 0.006047884536600175 26
1694509993252 0.15338686301036045 27
1694509993421 0.023462719226058304 28
1694509993595 0.044993463086780795 29
1694509993767 0.40044875622905757 30
1694509993963 0.0727789672139832 31
1694509994158 0.02652338404325711 32
1694509994350 0.13027235124673467 33
1694509994522 0.002746936255577477 34
1694509994693 0.09824685365015957 35
1694509994862 0.01558931804286978 36
1694509995049 0.0008161351743693139 37
1694509995255 0.0013592762160810983 38
1694509995446 0.10941016244625842 39
1694509995624 5.3534344743283385e-05 40
1694509995797 0.0027842078577831235 41
1694509995979 0.01316269385192647 42
1694509996171 0.0034257783683714284 43
1694509996336 0.21352285273437377 44
1694509996508 0.0077788991319827075 45
1694509996712 0.026690902444015584 46
1694509996893 0.41323153338276697 47
1694509997049 0.0006466784881409261 48
1694509997205 0.008508216969252429 49
