1694491394330 169.4281063198635 0
1694491394501 166.05396746635364 1
1694491394634 162.75041813884667 2
1694491394748 159.51266079891528 3
1694491394857 156.3393846873975 4
1694491394980 153.22930513756248 5
1694491395108 150.1811630887259 6
1694491395264 147.19372457559857 7
1694491395399 144.2657802278257 8
1694491395527 141.39614477951272 9
1694491395651 138.5836565885378 10
1694491395763 135.8271771654568 11
1694491395887 133.1255907118078 12
1694491396016 130.47780366762845 13
1694491396146 127.88274426800169 14
1694491396284 125.33936210844972 15
1694491396437 122.84662771899961 16
1694491396574 120.40353214674717 17
1694491396701 118.00908654674981 18
1694491396846 115.66232178108149 19
1694491396989 113.36228802588748 20
1694491397120 111.1080543862786 21
1694491397240 108.89870851890889 22
1694491397369 106.733356262083 23
1694491397490 104.61112127324299 24
1694491397632 102.53114467368756 25
1694491397752 100.4925847003789 26
1694491397892 98.49461636469583 27
1694491398015 96.53643111799455 28
1694491398145 94.61723652384127 29
1694491398270 92.73625593678317 30
1694491398399 90.89272818752748 31
1694491398536 89.08590727440068 32
1694491398687 87.31506206096238 33
1694491398820 85.57947597965102 34
1694491398949 83.87844674134126 35
1694491399076 82.21128605069453 36
1694491399193 80.57731932718775 37
1694491399331 78.97588543170633 38
1694491399449 77.4063363985907 39
1694491399582 75.86803717302737 40
1694491399706 74.36036535367809 41
1694491399840 72.88271094044208 42
1694491399985 71.43447608724956 43
1694491400115 70.0150748597854 44
1694491400249 68.62393299804528 45
1694491400385 67.26048768362719 46
1694491400521 65.92418731166435 47
1694491400644 64.61449126730649 48
1694491400798 63.33086970665898 49
