1694508060832 -5.610883767779495 0
1694508061129 -5.593862082765151 1
1694508061434 -5.690581854897631 2
1694508061703 -5.583360782003208 3
1694508061966 -5.511856576410286 4
1694508062233 -5.927320298785252 5
1694508062485 -5.500419029589163 6
1694508062736 -5.531945111964846 7
1694508062971 -5.9663560328295295 8
1694508063263 -5.464124190221078 9
1694508063521 -5.415834528136611 10
1694508063786 -5.4767436441396224 11
1694508064046 -5.6348040114223785 12
1694508064306 -5.747643388807575 13
1694508064568 -5.655275548914865 14
1694508064813 -5.524599030629473 15
1694508065056 -5.876871978104613 16
1694508065313 -5.953309039941809 17
1694508065603 -5.709109574714021 18
1694508065864 -5.5526340595199395 19
1694508066140 -5.732603721176621 20
1694508066402 -5.663032253838297 21
1694508066651 -5.80520261099156 22
1694508066916 -5.998919172802396 23
1694508067198 -5.576503148337392 24
1694508067469 -5.461996021015437 25
1694508067728 -6.062861028020414 26
1694508068007 -5.623481343928986 27
1694508068281 -5.663099397349532 28
1694508068537 -5.308669540683447 29
1694508068802 -5.6553568785241755 30
1694508069054 -5.350610976055225 31
1694508069314 -5.64359268024691 32
1694508069603 -5.417217019431247 33
1694508069869 -5.855057612464811 34
1694508070105 -5.706933590865737 35
1694508070335 -5.753907800722928 36
1694508070592 -5.879748769119012 37
1694508070827 -5.948640585508157 38
1694508071046 -5.595856593294431 39
1694508071285 -5.474831010743714 40
1694508071529 -5.862663868475524 41
1694508071769 -5.427812426793851 42
1694508072025 -5.749841565983321 43
1694508072280 -5.635498791116452 44
1694508072525 -5.644817575415279 45
1694508072751 -5.768645952681085 46
1694508072974 -5.457925627343894 47
1694508073215 -5.5475470941855995 48
1694508073454 -5.5598866512969165 49
