1694508414592 -61.97478869981118 0
1694508414727 -21.93688707998321 1
1694508414858 -11.40810585044064 2
1694508414979 -8.073222872023111 3
1694508415098 -6.869509919657234 4
1694508415223 -6.41622772888455 5
1694508415350 -6.225451489033318 6
1694508415475 -6.1453743348063234 7
1694508415599 -6.119643330840171 8
1694508415735 -6.1096055768591375 9
1694508415863 -6.110606406176914 10
1694508415978 -6.1076019789022915 11
1694508416096 -6.0984205732498635 12
1694508416213 -6.104805127447271 13
1694508416344 -6.100304210437691 14
1694508416471 -6.097289056534364 15
1694508416593 -6.1012276496997515 16
1694508416735 -6.100740283959269 17
1694508416861 -6.103131748441292 18
1694508416988 -6.1022911447134 19
1694508417117 -6.112126758418715 20
1694508417254 -6.106194953815163 21
1694508417389 -6.1021202608216 22
1694508417516 -6.104923909820691 23
1694508417639 -6.111719676733283 24
1694508417768 -6.111722532833702 25
