1694508414488 45.63563568325096 0
1694508414639 16.06518277738342 1
1694508414772 8.223362870080104 2
1694508414904 6.421697337586119 3
1694508415020 4.923542955665691 4
1694508415138 4.910200138187555 5
1694508415266 4.929868412831997 6
1694508415393 4.818969799651197 7
1694508415520 4.697721639275903 8
1694508415647 4.8436219822018005 9
1694508415778 4.790732952501053 10
1694508415902 5.239409695412111 11
1694508416017 4.816222918100047 12
1694508416137 5.00127692930216 13
1694508416255 4.85091064960501 14
1694508416386 5.042473074832967 15
1694508416513 4.744826054083468 16
1694508416644 4.82929215899087 17
1694508416782 4.294002368020023 18
1694508416906 5.005461250285171 19
1694508417030 4.897509836777922 20
1694508417166 4.996627538231491 21
1694508417302 5.114641772577501 22
1694508417434 4.663124575101915 23
1694508417558 4.488566560251191 24
1694508417686 4.708357530698383 25
