1694491417413 -232.20599819499705 0
1694491417551 -231.74411212543583 1
1694491417712 -231.2831415795762 2
1694491417839 -230.82308478893563 3
1694491417965 -230.36393994169936 4
1694491418083 -229.90570522964668 5
1694491418233 -229.44837884814427 6
1694491418388 -228.9919589961381 7
1694491418523 -228.53644387614696 8
1694491418676 -228.0818316942552 9
1694491418873 -227.62812066010545 10
1694491419000 -227.175308986892 11
1694491419121 -226.7233948913532 12
1694491419249 -226.272376593765 13
1694491419378 -225.82225231793342 14
1694491419505 -225.37302029118788 15
1694491419642 -224.92467874437398 16
1694491419770 -224.47722591184686 17
1694491419899 -224.03066003146373 18
1694491420033 -223.58497934457745 19
1694491420164 -223.14018209602915 20
1694491420293 -222.69626653414167 21
1694491420458 -222.25323091071232 22
1694491420620 -221.81107348100628 23
1694491420748 -221.3697925037494 24
1694491420878 -220.92938624112182 25
1694491421008 -220.48985295875048 26
1694491421135 -220.05119092570283 27
1694491421264 -219.6133984144797 28
1694491421401 -219.1764737010085 29
1694491421543 -218.74041506463658 30
1694491421676 -218.30522078812436 31
1694491421810 -217.87088915763843 32
1694491421939 -217.43741846274517 33
1694491422088 -217.00480699640335 34
1694491422243 -216.57305305495808 35
1694491422372 -216.1421549381337 36
1694491422517 -215.71211094902725 37
1694491422693 -215.28291939410138 38
1694491422862 -214.85457858317847 39
1694491422998 -214.42708682943314 40
1694491423124 -214.000442449386 41
1694491423260 -213.57464376289698 42
1694491423390 -213.14968909315868 43
1694491423514 -212.72557676668973 44
1694491423643 -212.3023051133282 45
1694491423778 -211.87987246622498 46
1694491423900 -211.4582771618374 47
1694491424040 -211.0375175399222 48
1694491424166 -210.61759194352953 49
