1694491417326 169.4281063198635 0
1694491417459 169.08916366678716 1
1694491417590 168.7542841362828 2
1694491417754 168.4200684962774 3
1694491417874 168.0865154640111 4
1694491418003 167.75362372529614 5
1694491418118 167.4213919685527 6
1694491418265 167.08981888480355 7
1694491418429 166.7589031676688 8
1694491418557 166.42864351336075 9
1694491418728 166.09903862067873 10
1694491418909 165.77008719100397 11
1694491419036 165.4417879282946 12
1694491419156 165.11413953908024 13
1694491419285 164.78714073245715 14
1694491419419 164.46079022008314 15
1694491419543 164.1350867161723 16
1694491419677 163.81002893749007 17
1694491419804 163.48561560334812 18
1694491419933 163.16184543559936 19
1694491420074 162.83871715863276 20
1694491420203 162.51622949936845 21
1694491420332 162.1943811872526 22
1694491420497 161.87317095425252 23
1694491420657 161.55259753485154 24
1694491420790 161.23265966604401 25
1694491420920 160.91335608733047 26
1694491421044 160.5946855407125 27
1694491421174 160.27664677068776 28
1694491421305 159.95923852424528 29
1694491421440 159.64245955086014 30
1694491421582 159.32630860248887 31
1694491421717 159.01078443356423 32
1694491421846 158.6958858009906 33
1694491421987 158.38161146413876 34
1694491422129 158.0679601848413 35
1694491422284 157.75493072738752 36
1694491422416 157.4425218585186 37
1694491422557 157.1307323474227 38
1694491422740 156.8195609657303 39
1694491422892 156.509006487509 40
1694491423038 156.199067689259 41
1694491423164 155.88974334990826 42
1694491423302 155.58103225080734 43
1694491423431 155.272933175725 44
1694491423558 154.96544491084316 45
1694491423683 154.6585662447521 46
1694491423816 154.3522959684459 47
1694491423939 154.04663287531744 48
1694491424081 153.7415757611537 49
