1694509100788 -110.2564171856699 0
1694509100962 -52.17822840751748 1
1694509101147 -24.586492284806102 2
1694509101344 -11.434277858853015 3
1694509101521 -5.148035038991341 4
1694509101692 -2.122893644102025 5
1694509101898 -0.6574917683591579 6
1694509102087 0.05869369163562632 7
1694509102266 0.41386538921180704 8
1694509102444 0.5929191507803063 9
1694509102606 0.6851423641823409 10
1694509102769 0.7336816564858365 11
1694509102958 0.7601164998194174 12
1694509103134 0.7752148074613598 13
1694509103312 0.7839244473358065 14
1694509103488 0.7891387472676363 15
1694509103670 0.792490164470615 16
1694509103855 0.7945042745086466 17
1694509104047 0.7961422145510613 18
1694509104228 0.7971124491887664 19
1694509104430 0.7976445310683506 20
1694509104630 0.797863072960344 21
1694509104804 0.7984218621343371 22
1694509104979 0.7987457025945698 23
1694509105147 0.7988939789463771 24
1694509105342 0.799207919633845 25
1694509105512 0.799127632335578 26
1694509105675 0.7990072581535345 27
1694509105856 0.7989580175024782 28
1694509106029 0.799146963611873 29
1694509106218 0.7989204896408681 30
1694509106404 0.7987791417975301 31
1694509106615 0.7990251770407609 32
1694509106789 0.7990577693316401 33
1694509106958 0.7994289006692444 34
1694509107146 0.7990891993065161 35
1694509107345 0.7989780364528883 36
1694509107510 0.7990690927572639 37
1694509107684 0.7990180663149513 38
1694509107864 0.7988182846489627 39
1694509108051 0.798650196411448 40
1694509108236 0.7989063174677861 41
1694509108410 0.7988020784438814 42
1694509108575 0.7986207097421808 43
1694509108762 0.7986045665177418 44
1694509108943 0.7983536472932424 45
1694509109126 0.7984264880620361 46
1694509109321 0.7984785572371385 47
1694509109511 0.798560670296785 48
1694509109694 0.7986170956305346 49
