1694509100705 85.30191938613795 0
1694509100882 44.30943577659531 1
1694509101057 16.609794281539568 2
1694509101251 10.94915209711046 3
1694509101440 3.4264841474147203 4
1694509101612 3.877618552025354 5
1694509101791 0.3336371238486201 6
1694509102002 0.2482727625022007 7
1694509102177 0.5809398343445104 8
1694509102360 0.10562247266661706 9
1694509102530 0.4530500105389837 10
1694509102692 0.10024351979780324 11
1694509102875 0.048326883514202355 12
1694509103053 0.061588567546351024 13
1694509103221 0.012418959554682023 14
1694509103399 0.16365181780310584 15
1694509103589 0.14236030613189826 16
1694509103765 0.09478658618113682 17
1694509103967 0.12063203435812862 18
1694509104139 0.014197364788017145 19
1694509104328 0.3974535871306444 20
1694509104534 0.2586454721802444 21
1694509104724 0.16543536628108166 22
1694509104902 0.18152448622604056 23
1694509105065 0.0074074886094653665 24
1694509105257 0.009018733420735415 25
1694509105429 0.37545012324833155 26
1694509105597 0.039118573186904 27
1694509105775 0.0014542183169112882 28
1694509105949 0.03794658778593798 29
1694509106137 4.156609610719736e-06 30
1694509106317 0.0800149944468765 31
1694509106512 0.0038486085914958075 32
1694509106712 0.742116906333467 33
1694509106883 0.10819322370612187 34
1694509107058 0.14740944911470258 35
1694509107261 0.22217430918365325 36
1694509107433 0.05127873572584356 37
1694509107604 0.007184576098648775 38
1694509107784 0.031021036168288923 39
1694509107970 0.31210688732184566 40
1694509108154 0.1955103430655602 41
1694509108331 0.03244765718348005 42
1694509108497 0.21106860773284344 43
1694509108677 0.03094393464722618 44
1694509108861 0.006606190726333816 45
1694509109050 0.22497063584880053 46
1694509109238 0.0003685089513291234 47
1694509109429 0.012009294773943587 48
1694509109604 0.2528389750251519 49
