1694509882329 -242.25384358221467 0
1694509882473 -242.21034734019327 1
1694509882612 -242.16685886219904 2
1694509882768 -242.1233781952257 3
1694509882932 -242.07990533786665 4
1694509883086 -242.0364402887164 5
1694509883234 -241.99298304636952 6
1694509883384 -241.94953360942074 7
1694509883535 -241.90609197646518 8
1694509883689 -241.86265814609837 9
1694509883844 -241.81923211691569 10
1694509884020 -241.7758138875131 11
1694509884164 -241.7324034564867 12
1694509884329 -241.68900082243294 13
1694509884469 -241.64560598394834 14
1694509884619 -241.60221893962978 15
1694509884789 -241.55883968807439 16
1694509884958 -241.51546822787958 17
1694509885123 -241.47210455764298 18
1694509885269 -241.42874867596237 19
1694509885440 -241.38540058143602 20
1694509885595 -241.3420602726623 21
1694509885761 -241.2987277482398 22
1694509885920 -241.2554030067674 23
1694509886113 -241.2120860468443 24
1694509886281 -241.16877686706982 25
1694509886450 -241.12547546604372 26
1694509886611 -241.08218184236588 27
1694509886775 -241.03889599463633 28
1694509886924 -240.99561792145565 29
1694509887116 -240.95234762142437 30
1694509887279 -240.90908509314352 31
1694509887432 -240.86583033521418 32
1694509887591 -240.82258334623776 33
1694509887767 -240.77934412481602 34
1694509887929 -240.73611266955078 35
1694509888075 -240.6928889790442 36
1694509888248 -240.64967305189882 37
1694509888426 -240.60646488671722 38
1694509888610 -240.56326448210243 39
1694509888772 -240.5200718366575 40
1694509888964 -240.476886948986 41
1694509889151 -240.43370981769147 42
1694509889322 -240.39056538885427 43
1694509889507 -240.34742620879967 44
1694509889659 -240.30429477194926 45
1694509889817 -240.26117107687378 46
1694509889970 -240.21805512218094 47
1694509890140 -240.17494690647868 48
1694509890320 -240.13184642837504 49
