1694490641015 -237.76048478261794 0
1694490641148 -233.05198368315007 1
1694490641297 -228.43673598234813 2
1694490641462 -223.9129300851125 3
1694490641584 -219.47875034485844 4
1694490641709 -215.13241721546737 5
1694490641847 -210.87218653234993 6
1694490641971 -206.69634880824182 7
1694490642136 -202.60322854303004 8
1694490642254 -198.59118354732985 9
1694490642378 -194.65860427953663 10
1694490642555 -190.803913196086 11
1694490642682 -187.02556411465713 12
1694490642806 -183.32204159006193 13
1694490642934 -179.6918603025669 14
1694490643053 -176.13356445839938 15
1694490643178 -172.64572720219587 16
1694490643300 -169.22695004115357 17
1694490643427 -165.8758622806524 18
1694490643554 -162.5911204711181 19
1694490643722 -159.37202278838356 20
1694490643901 -156.21603795792566 21
1694490644027 -153.12252749028906 22
1694490644148 -150.09025097517045 23
1694490644281 -147.1179932746564 24
1694490644406 -144.20456340057856 25
1694490644528 -141.34879403405225 26
1694490644683 -138.54954105457819 27
1694490644818 -135.8062714003147 28
1694490644940 -133.11669809510738 29
1694490645069 -130.48034410435298 30
1694490645206 -127.89615297538413 31
1694490645328 -125.36308984181852 32
1694490645456 -122.88014040052899 33
1694490645581 -120.44687932520554 34
1694490645726 -118.06118311069311 35
1694490645863 -115.72267768205371 36
1694490645989 -113.43042639644328 37
1694490646123 -111.18351179471661 38
1694490646271 -108.98158770634052 39
1694490646391 -106.82265501365217 40
1694490646525 -104.70641522751977 41
1694490646663 -102.63202108537719 42
1694490646800 -100.59864271495442 43
1694490646944 -98.60600286293443 44
1694490647071 -96.65222030195365 45
1694490647193 -94.7370621808696 46
1694490647329 -92.8597620771611 47
1694490647467 -91.02009348335648 48
1694490647591 -89.21626052398373 49
