1694490640917 169.34901212942756 0
1694490641052 165.9781622997389 1
1694490641188 162.70581745352467 2
1694490641341 159.49828901374184 3
1694490641496 156.3543179185471 4
1694490641624 153.2726417973951 5
1694490641752 150.25202339107835 6
1694490641882 147.2912500513299 7
1694490642013 144.38913325069547 8
1694490642171 141.54450810217827 9
1694490642297 138.75623288846083 10
1694490642422 136.0231886005124 11
1694490642594 133.34427848539502 12
1694490642721 130.7184276030844 13
1694490642845 128.14458239212576 14
1694490642965 125.62171024394807 15
1694490643087 123.14879908566431 16
1694490643212 120.72485697118762 17
1694490643340 118.34891168049833 18
1694490643460 116.02001032689829 19
1694490643585 113.73721897209364 20
1694490643769 111.49930968351752 21
1694490643941 109.30602351156084 22
1694490644066 107.15615467318186 23
1694490644193 105.04884166799513 24
1694490644319 102.98323980477899 25
1694490644444 100.95852118659086 26
1694490644567 98.97387437644993 27
1694490644724 97.02850406969085 28
1694490644853 95.1213571820034 29
1694490644980 93.25222815335307 30
1694490645110 91.42008262702731 31
1694490645239 89.6241869792454 32
1694490645368 87.8638218898585 33
1694490645496 86.13828233737445 34
1694490645621 84.4466303580259 35
1694490645766 82.788692591109 36
1694490645902 81.16354764081308 37
1694490646032 79.570545160752 38
1694490646166 78.00904747801978 39
1694490646306 76.47820338053096 40
1694490646431 74.97786173530207 41
1694490646561 73.5071863322536 42
1694490646697 72.06558894709339 43
1694490646845 70.65249281401266 44
1694490646988 69.26712482581195 45
1694490647110 67.90935464259906 46
1694490647228 66.57842275180235 47
1694490647368 65.27379711048067 48
1694490647505 63.99476296665354 49
