1694489469976 -119.64526422656554 0
1694489470126 -62.433444467689625 1
1694489470288 -35.49228781622034 2
1694489470430 -22.185813036674 3
1694489470571 -15.281528512512775 4
1694489470711 -11.517699096501872 5
1694489470853 -9.379246858064542 6
1694489470999 -8.121844945309268 7
1694489471143 -7.361413755349547 8
1694489471289 -6.8944921565693535 9
1694489471425 -6.605661461252975 10
1694489471567 -6.422199007765606 11
1694489471703 -6.307154742791744 12
1694489471860 -6.234647413848447 13
1694489472007 -6.188923551910023 14
1694489472153 -6.156560086067927 15
1694489472299 -6.135061846569697 16
1694489472449 -6.123309436445704 17
1694489472593 -6.1160659735772205 18
1694489472728 -6.111570270235246 19
1694489472876 -6.10760543338506 20
1694489473021 -6.105530206360114 21
1694489473170 -6.103559774447913 22
1694489473310 -6.107013207552515 23
1694489473456 -6.1069823948024196 24
