1694508581761 -228.01967452034697 0
1694508581945 -223.47237480943653 1
1694508582139 -219.02448004768715 2
1694508582331 -214.67372692745445 3
1694508582473 -210.41790481077584 4
1694508582646 -206.25485454346511 5
1694508582823 -202.1824672410454 6
1694508582990 -198.19868310350452 7
1694508583160 -194.30149025818437 8
1694508583344 -190.48892363013576 9
1694508583508 -186.75906383928265 10
1694508583666 -183.1100361237581 11
1694508583825 -179.54000928878838 12
1694508584006 -176.04719468051604 13
1694508584197 -172.62984518416894 14
1694508584368 -169.28625424599414 15
1694508584524 -166.01475491839187 16
1694508584700 -162.81371892769613 17
1694508584858 -159.68155576406312 18
1694508585006 -156.61671179294086 19
1694508585149 -153.61766938760613 20
1694508585296 -150.6829460822673 21
1694508585463 -147.81109374524317 22
1694508585630 -145.00069777173985 23
1694508585808 -142.2503762957596 24
1694508585965 -139.55877942068557 25
1694508586120 -136.92458846809808 26
1694508586293 -134.3465152443893 27
1694508586448 -131.82330132475116 28
1694508586617 -129.35371735412454 29
1694508586802 -126.93656236470548 30
1694508586970 -124.57066310961409 31
1694508587143 -122.25487341234242 32
1694508587337 -119.98807353160508 33
1694508587503 -117.76916954122683 34
1694508587666 -115.5970927247087 35
1694508587842 -113.47079898412423 36
1694508588012 -111.38926826300458 37
1694508588190 -109.35150398287956 38
1694508588370 -107.35653249315048 39
1694508588536 -105.40340253397719 40
1694508588691 -103.49118471186993 41
1694508588847 -101.6189709876843 42
1694508589068 -99.78587417672392 43
1694508589265 -97.99102746066329 44
1694508589426 -96.23358391100959 45
1694508589585 -94.51271602382963 46
1694508589761 -92.82761526547336 47
1694508589933 -91.1774916290335 48
1694508590083 -89.5615732012854 49
