1694508581624 169.42810631986347 0
1694508581819 166.05396746635364 1
1694508582004 162.75706531554636 2
1694508582189 159.53224498556906 3
1694508582375 156.37786492119997 4
1694508582523 153.29232177782268 5
1694508582706 150.27404956081855 6
1694508582870 147.3215187445523 7
1694508583036 144.43323541227957 8
1694508583208 141.6077404164766 9
1694508583393 138.84360855910532 10
1694508583556 136.13944779133948 11
1694508583721 133.49389843228712 12
1694508583888 130.90563240625727 13
1694508584057 128.37335249812904 14
1694508584242 125.8957916263914 15
1694508584423 123.47171213343302 16
1694508584581 121.09990509267114 17
1694508584751 118.77918963211815 18
1694508584909 116.5084122739945 19
1694508585051 114.28644629000554 20
1694508585202 112.11219107190958 21
1694508585344 109.98457151701236 22
1694508585515 107.90253742823316 23
1694508585681 105.86506292839496 24
1694508585857 103.87114588840036 25
1694508586004 101.91980736896224 26
1694508586170 100.01009107556675 27
1694508586345 98.14106282635353 28
1694508586496 96.31181003260548 29
1694508586677 94.521441191548 30
1694508586854 92.7690853911648 31
1694508587022 91.0538918267441 32
1694508587193 89.3750293288761 33
1694508587383 87.73168590262915 34
1694508587553 86.12306827763878 35
1694508587720 84.54840146884952 36
1694508587892 83.00692834765646 37
1694508588066 81.49790922319882 38
1694508588238 80.02062143356422 39
1694508588432 78.57435894666756 40
1694508588590 77.15843197057484 41
1694508588743 75.77216657304682 42
1694508588918 74.41490431008336 43
1694508589128 73.08600186325474 44
1694508589308 71.78483068561026 45
1694508589466 70.51077665596088 46
1694508589634 69.26323974133648 47
1694508589814 68.04163366742313 48
1694508589979 66.84538559679135 49
