1694489777348 -237.76048478261794 0
1694489777466 -233.0171609927421 1
1694489777611 -228.37758187218606 2
1694489777763 -223.8393838721246 3
1694489777900 -219.4002585433191 4
1694489778018 -215.0579512354185 5
1694489778148 -210.81025982717927 6
1694489778265 -206.65503348686462 7
1694489778399 -202.59017146210337 8
1694489778541 -198.61362189850553 9
1694489778661 -194.72338068634818 10
1694489778776 -190.91749033466212 11
1694489778944 -187.19403887206508 12
1694489779080 -183.55115877370355 13
1694489779202 -179.9870259136809 14
1694489779333 -176.4998585423628 15
1694489779442 -173.08791628796757 16
1694489779575 -169.74949918186158 17
1694489779698 -166.4829467069946 18
1694489779821 -163.2866368689232 19
1694489779960 -160.15898528888368 20
1694489780080 -157.09844431838863 21
1694489780232 -154.1035021748341 22
1694489780378 -151.1726820976161 23
1694489780505 -148.30454152426822 24
1694489780622 -145.4976712861425 25
1694489780751 -142.75069482316772 26
1694489780880 -140.06226741723094 27
1694489781039 -137.43107544373808 28
1694489781218 -134.85583564092036 29
1694489781341 -132.3352943964639 30
1694489781462 -129.8682270510494 31
1694489781614 -127.45343721839967 32
1694489781746 -125.089756121441 33
1694489781870 -122.77604194419503 34
1694489781985 -120.51117919902624 35
1694489782115 -118.29407810887942 36
1694489782256 -116.12367400415008 37
1694489782420 -113.99892673383926 38
1694489782599 -111.91882009065283 39
1694489782792 -109.88236124971316 40
1694489782979 -107.88858022055888 41
1694489783148 -105.93652931211683 42
1694489783363 -104.02528261033702 43
1694489783550 -102.15393546818936 44
1694489783716 -100.32160400772803 45
1694489783903 -98.52742463393638 46
1694489784048 -96.7705535600714 47
1694489784230 -95.05016634423521 48
1694489784397 -93.36545743690553 49
