1694489777270 169.34901212942756 0
1694489777383 165.9781622997389 1
1694489777503 162.6811238674218 2
1694489777656 159.45621372374464 3
1694489777803 156.30178802713587 4
1694489777937 153.21624127554878 5
1694489778060 150.19800540089403 6
1694489778178 147.2455488850116 7
1694489778310 144.35737589666817 8
1694489778434 141.53202544907765 9
1694489778580 138.7680705774545 10
1694489778691 136.06411753612193 11
1694489778821 133.4188050147076 12
1694489778985 130.83080337297102 13
1694489779113 128.29881389381833 14
1694489779238 125.82156805406946 15
1694489779368 123.39782681255473 16
1694489779481 121.02637991512647 17
1694489779611 118.70604521618259 18
1694489779736 116.43566801630736 19
1694489779859 114.21412041564521 20
1694489779994 112.04030068263226 21
1694489780117 109.91313263771832 22
1694489780267 107.83156505172262 23
1694489780416 105.79457105847364 24
1694489780539 103.80114758139224 25
1694489780662 101.8503147736858 26
1694489780790 99.94111547182844 27
1694489780920 98.07261466201052 28
1694489781082 96.24389895924823 29
1694489781256 94.4540760988511 30
1694489781381 92.70227443995307 31
1694489781504 90.98764248081939 32
1694489781651 89.30934838564833 33
1694489781781 87.66657952259409 34
1694489781900 86.05854201274327 35
1694489782027 84.48446028978357 36
1694489782154 82.9435766701103 37
1694489782301 81.43515093312176 38
1694489782464 79.9584599114605 39
1694489782650 78.51279709096382 40
1694489782856 77.09747222009209 41
1694489783025 75.71181092860881 42
1694489783206 74.35515435529246 43
1694489783410 73.02685878446462 44
1694489783601 71.72629529112466 45
1694489783769 70.45284939448592 46
1694489783950 69.20592071971326 47
1694489784111 67.9849226676668 48
1694489784278 66.78928209246101 49
