1694491213313 -50.65101720114897 0
1694491213432 -10.540277386939875 1
1694491213553 -1.6733945805208625 2
1694491213668 0.2864845330287651 3
1694491213768 0.7170009136102604 4
1694491213870 0.8112510406961351 5
1694491213977 0.8316801538769881 6
1694491214076 0.8359920198449327 7
1694491214183 0.8366944520261252 8
1694491214290 0.8367940619020146 9
1694491214398 0.8367316711189975 10
1694491214506 0.8367080626038075 11
1694491214621 0.8366176118365688 12
1694491214712 0.8366277669438409 13
1694491214820 0.8366405934381287 14
1694491214920 0.8365738010901763 15
1694491215026 0.8364818623512257 16
1694491215132 0.8364833298702941 17
