1694509731564 -245.42868433894043 0
1694509731763 -244.94064155807465 1
1694509731933 -244.4535705190993 2
1694509732105 -243.9674692827662 3
1694509732270 -243.48233591370214 4
1694509732426 -242.99816848040095 5
1694509732590 -242.51496505521573 6
1694509732749 -242.0331246138982 7
1694509732919 -241.55224296916796 8
1694509733098 -241.07231820855117 9
1694509733277 -240.59334842339373 10
1694509733456 -240.1153317088534 11
1694509733658 -239.6382661638922 12
1694509733836 -239.16214989126894 13
1694509734010 -238.6869809975314 14
1694509734190 -238.21275759300894 15
1694509734350 -237.73947779180492 16
1694509734512 -237.2671397117891 17
1694509734684 -236.79574147459022 18
1694509734885 -236.32528120558823 19
1694509735064 -235.85575703390717 20
1694509735271 -235.3871670924074 21
1694509735456 -234.9195095176782 22
1694509735631 -234.45278245003036 23
1694509735798 -233.98698403348882 24
1694509735967 -233.52211241578487 25
1694509736149 -233.05816574834947 26
1694509736347 -232.59514218630494 27
1694509736523 -232.13303988845837 28
1694509736694 -231.67185701729377 29
1694509736893 -231.21159173896504 30
1694509737065 -230.75224222328828 31
1694509737236 -230.2938066437349 32
1694509737422 -229.8362831774239 33
1694509737632 -229.37967000511483 34
1694509737807 -228.9239653112006 35
1694509737974 -228.46916728369982 36
1694509738153 -228.01527411424993 37
1694509738330 -227.56228399809999 38
1694509738517 -227.11019513410304 39
1694509738699 -226.6590057247093 40
1694509738868 -226.208713975959 41
1694509739055 -225.7593180974748 42
1694509739253 -225.31081630245507 43
1694509739478 -224.8632068076665 44
1694509739664 -224.41648783343712 45
1694509739874 -223.97065760364896 46
1694509740060 -223.5257143457311 47
1694509740249 -223.08165629065263 48
1694509740459 -222.6384816729156 49
