1694489916980 169.24070622492462 0
1694489917153 165.87212849690627 1
1694489917290 162.57731321932928 2
1694489917460 159.3545783409109 3
1694489917641 156.20228105508156 4
1694489917767 153.11881687280746 5
1694489917889 150.10261871747133 6
1694489918008 147.15215604128463 7
1694489918129 144.26593396271676 8
1694489918261 141.4424924244392 9
1694489918390 138.68040537129457 10
1694489918598 135.9782799478124 11
1694489918724 133.33475571480477 12
1694489918854 130.74850388458597 13
1694489918989 128.21822657437178 14
1694489919113 125.74265607742424 15
1694489919297 123.32055415151794 16
1694489919418 120.95071132431458 17
1694489919542 118.63194621524225 18
1694489919679 116.36310487348513 19
1694489919809 114.14306013169926 20
1694489919937 111.97071097507936 21
1694489920067 109.84498192540961 22
1694489920195 107.76482243974176 23
1694489920315 105.72920632335075 24
1694489920438 103.73713115662765 25
1694489920572 101.78761773557729 26
1694489920700 99.87970952559601 27
1694489920832 98.01247212821292 28
1694489920959 96.1849927604851 29
1694489921083 94.39637974674542 30
1694489921216 92.64576202240801 31
1694489921346 90.93228864954402 32
1694489921490 89.25512834394728 33
1694489921637 87.6134690134152 34
1694489921757 86.00651730697848 35
1694489921890 84.43349817481773 36
1694489922014 82.89365443861298 37
1694489922138 81.386246372077 38
1694489922273 79.91055129142983 39
1694489922403 78.46586315557786 40
1694489922534 77.05149217576566 41
1694489922673 75.66676443447551 42
1694489922798 74.3110215133539 43
1694489922936 72.98362012995008 44
1694489923057 71.68393178305674 45
1694489923189 70.41134240644799 46
1694489923314 69.16525203081456 47
1694489923436 67.94507445370114 48
1694489923597 66.75023691725518 49
