1694491401443 -237.76048478261794 0
1694491401582 -233.01238415099826 1
1694491401706 -228.35877893404037 2
1694491401822 -223.79778793160165 3
1694491401973 -219.32756736694975 4
1694491402096 -214.9463101894982 5
1694491402243 -210.6522453426782 6
1694491402368 -206.44363704642194 7
1694491402502 -202.318784093965 8
1694491402653 -198.27601916268182 9
1694491402788 -194.31370813867267 10
1694491402942 -190.4302494548291 11
1694491403065 -186.62407344210692 12
1694491403184 -182.89364169374338 13
1694491403316 -179.2374464421605 14
1694491403443 -175.6540099482996 15
1694491403572 -172.1418839031403 16
1694491403705 -168.69964884115927 17
1694491403829 -165.3259135654909 18
1694491403969 -162.01931458455576 19
1694491404079 -158.77851555992788 20
1694491404210 -155.60220676521647 21
1694491404344 -152.48910455574165 22
1694491404464 -149.437950848789 23
1694491404590 -146.44751261423153 24
1694491404722 -143.51658137531157 25
1694491404850 -140.6439727193805 26
1694491404969 -137.82852581839646 27
1694491405129 -135.069102958986 28
1694491405277 -132.36458908187794 29
1694491405401 -129.71389133052318 30
1694491405527 -127.11593860871594 31
1694491405689 -124.56968114703749 32
1694491405817 -122.0740900779461 33
1694491405957 -119.62815701933988 34
1694491406096 -117.23089366642454 35
1694491406247 -114.88133139171906 36
1694491406367 -112.57852085303773 37
1694491406494 -110.32153160928836 38
1694491406617 -108.10945174393183 39
1694491406752 -105.94138749594883 40
1694491406886 -103.81646289816479 41
1694491407026 -101.73381942278553 42
1694491407157 -99.69261563400033 43
1694491407305 -97.69202684751053 44
1694491407469 -95.7312447968463 45
1694491407598 -93.8094773063354 46
1694491407734 -91.9259479705916 47
1694491407850 -90.07989584039225 48
1694491407978 -88.2705751148181 49
