1694491401335 169.34901212942756 0
1694491401491 165.97816229973893 1
1694491401618 162.67780351341443 2
1694491401736 159.44314394623484 3
1694491401866 156.27287509455297 4
1694491402008 153.165714500633 5
1694491402146 150.1204052669651 6
1694491402275 147.13571554635737 7
1694491402404 144.21043804221318 8
1694491402541 141.3433895187902 9
1694491402692 138.53341032124027 10
1694491402833 135.7793639052359 11
1694491402982 133.0801363759904 12
1694491403104 130.43463603648422 13
1694491403221 127.84179294471352 14
1694491403357 125.30055847978011 15
1694491403481 122.80990491664622 16
1694491403613 120.36882500938061 17
1694491403745 117.97633158272629 18
1694491403873 115.6314571318235 19
1694491404008 113.33325342992455 20
1694491404118 111.0807911439412 21
1694491404256 108.87315945766733 22
1694491404380 106.70946570252421 23
1694491404504 104.58883499567709 24
1694491404630 102.51040988537643 25
1694491404759 100.473350003379 26
1694491404885 98.47683172430733 27
1694491405012 96.52004783180887 28
1694491405172 94.60220719137881 29
1694491405317 92.72253442971368 30
1694491405441 90.88026962046456 31
1694491405567 89.07466797626279 32
1694491405729 87.3049995468921 33
1694491405859 85.57054892348471 34
1694491405997 83.87061494862083 35
1694491406134 82.20451043221381 36
1694491406289 80.57156187306495 37
1694491406406 78.97110918597501 38
1694491406533 77.40250543430116 39
1694491406660 75.8651165678508 40
1694491406792 74.3583211660051 41
1694491406929 72.8815101859687 42
1694491407057 71.4340867160419 43
1694491407197 70.01546573381631 44
1694491407351 68.62507386919428 45
1694491407509 67.26234917213715 46
1694491407643 65.92674088504657 47
1694491407769 64.617709219687 48
1694491407895 63.334725138558724 49
