1694490610969 -232.62671812075632 0
1694490611098 -232.58034493484996 1
1694490611218 -232.53398079125554 2
1694490611343 -232.48762610123546 3
1694490611470 -232.44128065615442 4
1694490611602 -232.39494445416457 5
1694490611754 -232.34861728616298 6
1694490611895 -232.3022995652765 7
1694490612019 -232.25599108193984 8
1694490612129 -232.20969183430662 9
1694490612257 -232.16340161234453 10
1694490612373 -232.1171208310436 11
1694490612521 -232.07084927990917 12
1694490612643 -232.0245869570964 13
1694490612787 -231.9783336516441 14
1694490612913 -231.93208978040428 15
1694490613052 -231.88585513195363 16
1694490613187 -231.83962970444867 17
1694490613319 -231.79341328600012 18
1694490613444 -231.74720629532064 19
1694490613576 -231.7010085200589 20
1694490613736 -231.6548199583728 21
1694490613872 -231.60864039744553 22
1694490614021 -231.56247025784924 23
1694490614151 -231.51630932630508 24
1694490614301 -231.47015760097244 25
1694490614430 -231.42401486810772 26
1694490614568 -231.37788155014107 27
1694490614696 -231.3317574328668 28
1694490614820 -231.2856425144458 29
1694490614959 -231.23953658020832 30
1694490615082 -231.19344005444128 31
1694490615212 -231.14735272201278 32
1694490615337 -231.10127458108525 33
1694490615462 -231.05520541606327 34
1694490615594 -231.0091456530894 35
1694490615732 -230.96309507610607 36
1694490615868 -230.91705368327735 37
1694490616033 -230.87102125808275 38
1694490616199 -230.82499822851906 39
1694490616379 -230.77898437760396 40
1694490616539 -230.73297970350282 41
1694490616691 -230.68698398877098 42
1694490616841 -230.64099766325808 43
1694490616968 -230.5950205090576 44
1694490617090 -230.54905252433647 45
1694490617238 -230.5030934907262 46
1694490617373 -230.45714383992825 47
1694490617503 -230.4112033531124 48
1694490617628 -230.365272028447 49
