1694490610870 169.4281063198635 0
1694490611007 169.39419676687862 1
1694490611132 169.36058009094972 2
1694490611253 169.3269681508436 3
1694490611372 169.2933648843212 4
1694490611504 169.25976832047192 5
1694490611642 169.22617845795563 6
1694490611795 169.1925933259116 7
1694490611927 169.15901686208147 8
1694490612055 169.12544709556582 9
1694490612162 169.09188402502568 10
1694490612291 169.0583256796117 11
1694490612416 169.0247759970459 12
1694490612556 168.99123300644027 13
1694490612679 168.9576967064568 14
1694490612825 168.92416512625806 15
1694490612947 168.8906422035458 16
1694490613086 168.8571259674436 17
1694490613225 168.82361641661467 18
1694490613353 168.7901115802334 19
1694490613483 168.756615395981 20
1694490613618 168.72312589299293 21
1694490613770 168.68964306993342 22
1694490613911 168.65616495598903 23
1694490614063 168.62269548881991 24
1694490614190 168.58923269757372 25
1694490614337 168.55577658091568 26
1694490614471 168.52232516804466 27
1694490614608 168.48888239659948 28
1694490614732 168.45544629574002 29
1694490614860 168.4220168641326 30
1694490614993 168.38859213098854 31
1694490615120 168.35517603392495 32
1694490615252 168.32176660211422 33
1694490615373 168.28836383422362 34
1694490615503 168.25496575947724 35
1694490615633 168.22157631547014 36
1694490615771 168.18819353138707 37
1694490615917 168.1548174058966 38
1694490616073 168.12144596823572 39
1694490616255 168.08808315597685 40
1694490616423 168.05472699831768 41
1694490616591 168.0213774939277 42
1694490616740 167.98803267205713 43
1694490616877 167.95469647025544 44
1694490617009 167.92136691773322 45
1694490617131 167.88804401316125 46
1694490617284 167.85472578580288 47
1694490617413 167.82141617318428 48
1694490617536 167.7881132045293 49
