1694508349106 43.59396478527745 0
1694508349262 15.289151091327893 1
1694508349399 7.81144845869236 2
1694508349532 6.354068385778955 3
1694508349657 5.77238299300628 4
1694508349806 4.705818368358148 5
1694508349943 4.744184368315021 6
1694508350061 4.608190061660403 7
1694508350187 5.249274483234109 8
1694508350332 4.741322242941336 9
1694508350458 4.7244489028542125 10
1694508350611 4.593182698480553 11
1694508350740 5.317235471992221 12
1694508350877 4.788493421090374 13
1694508351027 4.69060298705819 14
1694508351172 4.944468217152006 15
1694508351299 5.131340911552106 16
1694508351439 5.034722474421223 17
1694508351580 4.510962113200385 18
1694508351712 4.815975591926293 19
1694508351835 4.997945566596533 20
1694508351959 4.721786100334942 21
1694508352096 4.822490885437084 22
1694508352217 4.578034034968187 23
1694508352349 4.7186665740190685 24
1694508352486 4.909789209350487 25
1694508352617 4.9603095096022685 26
1694508352753 4.455680141988935 27
1694508352894 4.997464644721349 28
1694508353028 4.7990961590553995 29
1694508353167 4.451514910621369 30
1694508353327 4.506840497786032 31
1694508353471 4.7871558438406 32
1694508353595 4.41704526341574 33
1694508353716 4.874066151318763 34
1694508353841 4.367149658224135 35
1694508353983 4.806046058757778 36
1694508354130 4.770380156924289 37
1694508354283 5.169978288012061 38
1694508354417 4.696232352569089 39
1694508354555 4.711169476756201 40
1694508354689 4.650717474325438 41
1694508354804 4.417382823000694 42
1694508354923 4.9085913592478105 43
1694508355046 5.062761266226556 44
1694508355160 4.673512006038351 45
1694508355286 4.943942808167499 46
1694508355410 5.198055747580814 47
1694508355550 5.26523264310604 48
1694508355671 5.003006482034379 49
