1694490503258 -55.0754565275134 0
1694490503360 -12.12805839082878 1
1694490503463 -2.330912897610104 2
1694490503570 -0.02616005514160391 3
1694490503682 0.5452388886634978 4
1694490503794 0.7029417000680342 5
1694490503885 0.7510460658198322 6
1694490503980 0.7676977195672168 7
1694490504072 0.7746504906299384 8
1694490504159 0.7779939476959615 9
1694490504258 0.7799235368377878 10
1694490504357 0.7803158651550656 11
1694490504461 0.7811044722688152 12
1694490504566 0.7805626440715258 13
1694490504668 0.7809423038490396 14
1694490504760 0.7809185043559987 15
1694490504864 0.7806864081244977 16
1694490504969 0.7807687782084962 17
1694490505073 0.7811000958710037 18
1694490505169 0.7804871322452755 19
1694490505272 0.7808349762480522 20
1694490505374 0.7804071850728185 21
1694490505481 0.7803781565166875 22
1694490505579 0.7817739792217953 23
1694490505675 0.7810440037515407 24
1694490505773 0.7801347443437902 25
1694490505871 0.7810195011679428 26
1694490505968 0.7805860970999985 27
1694490506059 0.7803750207275223 28
1694490506156 0.7811196040888567 29
1694490506259 0.7810368103588335 30
1694490506362 0.7807151775695098 31
1694490506470 0.7807675976270559 32
1694490506564 0.7810903388383884 33
1694490506652 0.7813457000294323 34
1694490506739 0.7813564438643867 35
1694490506846 0.7806941956661069 36
1694490506934 0.7806922989514523 37
