1694490503196 41.85145158867546 0
1694490503293 9.174467094537622 1
1694490503395 1.9349835179869168 2
1694490503498 0.8098643484051469 3
1694490503608 0.3983810237836739 4
1694490503720 0.2712701574932765 5
1694490503828 0.14524895306031335 6
1694490503913 0.13032560027062626 7
1694490504016 0.06245867534759987 8
1694490504103 0.09584230806877372 9
1694490504196 0.12083104450516849 10
1694490504289 0.143953949761691 11
1694490504393 0.17219370632388706 12
1694490504496 0.10464549237535875 13
1694490504600 0.15710753042554684 14
1694490504701 0.1160919241173529 15
1694490504795 0.09748467973869757 16
1694490504901 0.15966712462037652 17
1694490505006 0.11575144058399385 18
1694490505109 0.1557255603117915 19
1694490505205 0.19742428145190297 20
1694490505307 0.15862397490629662 21
1694490505409 0.10782886661203482 22
1694490505516 0.2561839287200493 23
1694490505613 0.17689869871000963 24
1694490505710 0.18635018327274952 25
1694490505809 0.1946317063875527 26
1694490505905 0.14298004568442815 27
1694490505998 0.15514979175018764 28
1694490506089 0.18789453459218594 29
1694490506190 0.1365323692323982 30
1694490506295 0.16378377239819691 31
1694490506398 0.13146133254549125 32
1694490506505 0.13822367374758707 33
1694490506595 0.13815847322038605 34
1694490506682 0.08180246375972183 35
1694490506770 0.1483094666650823 36
1694490506876 0.1337603882614366 37
