1694491249523 -239.19760192598307 0
1694491249639 -235.62026739551692 1
1694491249749 -232.09621670874455 2
1694491249854 -228.6247692351003 3
1694491249964 -225.20499102145308 4
1694491250072 -221.8363033118444 5
1694491250179 -218.51775490680993 6
1694491250294 -215.24847346661394 7
1694491250384 -212.02800558170392 8
1694491250487 -208.85566137306563 9
1694491250588 -205.73062720803904 10
1694491250680 -202.65222386378184 11
1694491250790 -199.61950074186436 12
1694491250897 -196.63202003913045 13
1694491251007 -193.68912157161688 14
1694491251121 -190.79003080347746 15
1694491251226 -187.93415019904748 16
1694491251339 -185.12094571089628 17
1694491251439 -182.34962940093678 18
1694491251545 -179.61956125143743 19
1694491251651 -176.93017366417692 20
1694491251758 -174.2808684262625 21
1694491251859 -171.67111429821708 22
1694491251957 -169.10021470564922 23
1694491252060 -166.56759297680335 24
1694491252173 -164.0726889955106 25
1694491252286 -161.6149681814722 26
1694491252384 -159.19389555847116 27
1694491252485 -156.80892786842665 28
1694491252587 -154.459478527569 29
1694491252693 -152.14505409699308 30
1694491252804 -149.8651026018223 31
1694491252919 -147.619143950966 32
1694491253031 -145.4065773288946 33
1694491253136 -143.22699980206298 34
1694491253239 -141.07990677270962 35
1694491253331 -138.96484250790402 36
1694491253430 -136.88134721719138 37
1694491253530 -134.82884678653227 38
1694491253632 -132.80695642612807 39
1694491253727 -130.81521964311474 40
1694491253827 -128.8531590258687 41
1694491253931 -126.92038069471086 42
1694491254035 -125.01631995548676 43
1694491254142 -123.1406365523409 44
1694491254251 -121.29293898462937 45
1694491254357 -119.47281327051081 46
1694491254461 -117.67970321854051 47
1694491254561 -115.91336619089759 48
1694491254663 -114.17334197233679 49
