1694491249449 168.2322471240406 0
1694491249564 163.59494306416414 1
1694491249676 163.49288017391353 2
1694491249785 157.16780164057073 3
1694491249887 159.22195419311862 4
1694491250003 151.49904341327667 5
1694491250111 151.1887221187956 6
1694491250219 156.1383977163388 7
1694491250326 151.4431004999192 8
1694491250415 144.21833611311231 9
1694491250523 140.81783146699334 10
1694491250619 134.69423581150338 11
1694491250715 141.07958104885057 12
1694491250826 137.60333790692135 13
1694491250931 132.84142704269317 14
1694491251043 133.50521148012402 15
1694491251157 132.36612663692065 16
1694491251263 124.81515571827333 17
1694491251369 125.19444525404784 18
1694491251475 125.47716294129336 19
1694491251582 124.63087544486395 20
1694491251685 121.059640606836 21
1694491251796 117.28768426448698 22
1694491251895 117.9273651821927 23
1694491251991 116.69487983570241 24
1694491252099 115.12403994279789 25
1694491252209 113.90868348819812 26
1694491252322 111.56719829830065 27
1694491252415 108.09800341980353 28
1694491252522 108.60148895308951 29
1694491252623 106.24804914453566 30
1694491252730 105.21174444299899 31
1694491252844 102.76018757295276 32
1694491252960 104.45750107304893 33
1694491253066 102.16825162138922 34
1694491253171 101.93465639548411 35
1694491253271 98.13541733211785 36
1694491253361 95.44711454558418 37
1694491253460 96.33874911533752 38
1694491253565 93.45041194595443 39
1694491253668 90.36806291690488 40
1694491253758 90.40891966025826 41
1694491253862 86.8037457865296 42
1694491253967 89.06815768826361 43
1694491254069 88.01036590112187 44
1694491254179 85.17340605489349 45
1694491254285 82.17830867879779 46
1694491254393 85.5435420900043 47
1694491254493 81.53821226105323 48
1694491254595 81.30443923269937 49
