1694507623756 -6.390449399636865 0
1694507624152 -6.706075603104874 1
1694507624530 -6.340965637136511 2
1694507624921 -6.020155751630033 3
1694507625286 -6.171713011338138 4
1694507625704 -6.390169503976601 5
1694507626088 -5.997263163382879 6
1694507626488 -6.3103803185612195 7
1694507626863 -5.923305739902962 8
1694507627247 -5.915924958584442 9
1694507627616 -6.295514483487735 10
1694507627998 -6.003139181190219 11
1694507628322 -6.535469659158147 12
1694507628609 -5.8640358206992245 13
1694507628889 -5.991976470659108 14
1694507629212 -5.998066919404404 15
1694507629524 -6.019488637119591 16
1694507629793 -6.026266712626398 17
1694507630079 -5.915517163525651 18
1694507630339 -6.20032659990249 19
1694507630613 -6.023865249604372 20
1694507630893 -6.23774858557101 21
1694507631176 -6.2957990355056035 22
1694507631446 -6.287581229905979 23
1694507631746 -6.230526882844974 24
1694507632042 -6.129696358957909 25
1694507632338 -6.346674469060731 26
1694507632608 -6.269107759832545 27
1694507632953 -6.521676663626469 28
1694507633247 -6.514499543628673 29
1694507633505 -6.266939118448611 30
1694507633785 -6.210749025603345 31
1694507634068 -5.9420348459211 32
1694507634333 -6.134728785407417 33
1694507634595 -6.314683803283639 34
1694507634842 -5.982999356044719 35
1694507635119 -6.307125526633362 36
1694507635416 -5.953218501998084 37
1694507635692 -5.8382717830699375 38
1694507635965 -6.169918910670139 39
1694507636233 -6.169514530846284 40
1694507636522 -7.051784945152853 41
1694507636799 -6.183044767075817 42
1694507637079 -5.913079060766416 43
1694507637367 -6.096686652510074 44
1694507637637 -6.055752031830569 45
1694507637883 -5.926019233581407 46
1694507638148 -6.026319647641616 47
1694507638408 -6.3638848298655635 48
1694507638678 -6.095461369044749 49
