1694507623549 3.246661728780842 0
1694507623946 1.7587342674249244 1
1694507624325 3.505893219577599 2
1694507624729 4.578284845607134 3
1694507625105 4.413379202289269 4
1694507625501 3.1545233004195024 5
1694507625898 7.621712851884353 6
1694507626305 4.464605699939073 7
1694507626675 3.5421263968183445 8
1694507627054 4.594727735517831 9
1694507627433 4.843547434691098 10
1694507627797 3.4719737945733766 11
1694507628165 3.3991090918102986 12
1694507628473 5.322034035609584 13
1694507628740 3.3174009010261596 14
1694507629042 5.3390821338454115 15
1694507629357 1.6866251764927014 16
1694507629659 5.775341081943484 17
1694507629935 3.6419899018785125 18
1694507630208 4.924738997315513 19
1694507630477 2.411115225810904 20
1694507630755 3.9124965888869023 21
1694507631034 6.716339815028228 22
1694507631311 5.791249577645906 23
1694507631593 3.271118432691548 24
1694507631894 5.083300926269545 25
1694507632182 7.69015836822065 26
1694507632467 6.594266687638545 27
1694507632795 5.905076401032442 28
1694507633095 2.317678799646014 29
1694507633388 4.279912479143493 30
1694507633645 5.41772835315454 31
1694507633928 5.727484978917413 32
1694507634205 7.347118018589113 33
1694507634459 2.9276248717877316 34
1694507634718 5.520131419038345 35
1694507634975 4.381773009149813 36
1694507635267 8.042407342747289 37
1694507635545 5.387680457421232 38
1694507635831 3.4807017153333146 39
1694507636098 4.835178097071311 40
1694507636376 3.9569429226313497 41
1694507636654 7.812200003796259 42
1694507636938 7.191944160779904 43
1694507637218 6.183749740099086 44
1694507637509 4.3021830451560845 45
1694507637764 5.490407188903293 46
1694507638014 4.931935393235857 47
1694507638288 4.222210021911034 48
1694507638540 2.481259154199703 49
