1694510588370 -232.62671812075632 0
1694510588583 -232.5799574018459 1
1694510588771 -232.53320604995147 2
1694510588948 -232.48646406319602 3
1694510589129 -232.43973143970314 4
1694510589316 -232.3930081775965 5
1694510589457 -232.34629427500042 6
1694510589630 -232.29958973003932 7
1694510589821 -232.25289454083833 8
1694510590022 -232.2062087055226 9
1694510590214 -232.15953222221796 10
1694510590396 -232.11286508905042 11
1694510590582 -232.06620730414645 12
1694510590767 -232.01955886563286 13
1694510590992 -231.97291977163687 14
1694510591201 -231.92629002028607 15
1694510591442 -231.87966960970837 16
1694510591626 -231.8330585380321 17
1694510591842 -231.786456803386 18
1694510592034 -231.73986440389916 19
1694510592234 -231.69328133770097 20
1694510592421 -231.6467076029212 21
1694510592597 -231.60014319769027 22
1694510592782 -231.55358812013856 23
1694510592984 -231.50704236839712 24
1694510593177 -231.46050594059724 25
1694510593380 -231.41397883487062 26
1694510593602 -231.36746104934932 27
1694510593776 -231.32095258216583 28
1694510593975 -231.27445343145297 29
1694510594174 -231.2279635953439 30
1694510594349 -231.1814830719722 31
1694510594541 -231.1350118594719 32
1694510594726 -231.08854995597721 33
1694510594917 -231.04209735962294 34
1694510595094 -230.995654068544 35
1694510595266 -230.949220080876 36
1694510595449 -230.9027953947546 37
1694510595643 -230.85638000831614 38
1694510595860 -230.80997391969711 39
1694510596041 -230.7635771270344 40
1694510596218 -230.71718962846546 41
1694510596416 -230.67081142212785 42
1694510596609 -230.6244425061597 43
1694510596787 -230.57808287869935 44
1694510596991 -230.5317325378857 45
1694510597174 -230.48539148185787 46
1694510597363 -230.43905970875542 47
1694510597568 -230.39273721671833 48
1694510597742 -230.34642400388682 49
