1694510588237 169.4281063198635 0
1694510588431 169.39419676687862 1
1694510588648 169.36029400773606 2
1694510588820 169.32639804107401 3
1694510588997 169.29250886553115 4
1694510589185 169.25862647974637 5
1694510589360 169.22475088235868 6
1694510589505 169.19088207200758 7
1694510589677 169.15702004733268 8
1694510589884 169.12316480697388 9
1694510590077 169.08931634957148 10
1694510590266 169.05547467376593 11
1694510590453 169.02163977819797 12
1694510590640 168.9878116615087 13
1694510590833 168.95399032233934 14
1694510591055 168.92017575933144 15
1694510591277 168.886367971127 16
1694510591493 168.85256695636795 17
1694510591690 168.8187727136969 18
1694510591899 168.78498524175632 19
1694510592104 168.75120453918927 20
1694510592300 168.71743060463896 21
1694510592475 168.6836634367488 22
1694510592656 168.64990303416252 23
1694510592848 168.61614939552427 24
1694510593044 168.58240251947825 25
1694510593239 168.54866240466905 26
1694510593437 168.51492904974157 27
1694510593659 168.48120245334084 28
1694510593828 168.4474826141123 29
1694510594035 168.41376953070156 30
1694510594225 168.38006320175458 31
1694510594409 168.3463636259176 32
1694510594603 168.31267080183702 33
1694510594787 168.27898472815963 34
1694510594973 168.24530540353243 35
1694510595145 168.21163282660268 36
1694510595319 168.17796699601794 37
1694510595509 168.1443079104261 38
1694510595706 168.11065556847518 39
1694510595915 168.07700996881363 40
1694510596092 168.04337111009 41
1694510596274 168.00973899095325 42
1694510596480 167.97611361005258 43
1694510596665 167.94249496603746 44
1694510596848 167.90888305755757 45
1694510597047 167.87527788326287 46
1694510597225 167.84167944180373 47
1694510597428 167.8080877318306 48
1694510597622 167.7745027519943 49
