1694510215432 -124.91451948875738 0
1694510215619 -63.29801552287314 1
1694510215799 -31.892155582960008 2
1694510215995 -15.881096848420164 3
1694510216195 -7.716890303095008 4
1694510216372 -3.5492180173336285 5
1694510216542 -1.4209822311931188 6
1694510216734 -0.3334548996626929 7
1694510216937 0.22378925542158234 8
1694510217117 0.5097601893594843 9
1694510217291 0.6563683785721831 10
1694510217484 0.7321188175348304 11
1694510217679 0.7711484040676931 12
1694510217872 0.791582929516119 13
1694510218083 0.8022694678961142 14
1694510218280 0.8078712812058407 15
1694510218461 0.8108654906422297 16
1694510218646 0.8124990477280888 17
1694510218830 0.8133942250201489 18
1694510219009 0.8139273450841282 19
1694510219205 0.8141857240931899 20
1694510219378 0.8143564747104074 21
1694510219548 0.8144845702428192 22
1694510219725 0.8145386744820058 23
1694510219919 0.8146200813410331 24
1694510220109 0.8146300102383338 25
1694510220280 0.8146341623647265 26
1694510220451 0.8145597194562524 27
1694510220628 0.8146252824253316 28
1694510220831 0.814625050663232 29
