1694510215339 82.83509771165897 0
1694510215531 41.9821157803979 1
1694510215715 20.706481129835456 2
1694510215915 12.471559599014414 3
1694510216102 5.816573110470434 4
1694510216287 3.5339695259708797 5
1694510216456 1.6147761886344885 6
1694510216648 1.421642000222646 7
1694510216842 0.1423620256317665 8
1694510217033 0.5748399976012055 9
1694510217206 0.046006672197716064 10
1694510217398 0.0076458079423092976 11
1694510217578 0.0012085836155348005 12
1694510217771 0.003317633230234267 13
1694510217989 0.2759605348530746 14
1694510218187 0.0276959973014933 15
1694510218376 0.06170625637081437 16
1694510218548 0.016347323474737344 17
1694510218737 0.07983184437399846 18
1694510218922 0.30579511300486595 19
1694510219113 0.04636612146484305 20
1694510219293 0.011770467133723506 21
1694510219463 0.002309580087326995 22
1694510219634 0.015277214583230645 23
1694510219832 0.42182499109235266 24
1694510220027 0.007763710725756784 25
1694510220195 0.11762825533701958 26
1694510220366 0.0003376691131147747 27
1694510220539 0.009639165557661603 28
1694510220738 0.008457872284829486 29
