1694489955718 169.714233230833 0
1694489955845 169.68025996128688 1
1694489955988 169.64629417844426 2
1694489956149 169.61233588058676 3
1694489956274 169.57838506599634 4
1694489956394 169.54444173295545 5
1694489956532 169.51050587974686 6
1694489956692 169.47657750465385 7
1694489956834 169.44265660595994 8
1694489956960 169.4087431819492 9
1694489957106 169.37483723090608 10
1694489957232 169.34093875111537 11
1694489957354 169.3070477408623 12
1694489957475 169.27316419843245 13
1694489957610 169.23928812211193 14
1694489957731 169.20541951018714 15
1694489957863 169.17155836094489 16
1694489957994 169.13770467267247 17
1694489958117 169.1038584436575 18
1694489958240 169.070019672188 19
1694489958365 169.03618835655243 20
1694489958490 169.0023644950397 21
1694489958643 168.96854808593895 22
1694489958803 168.93473912753987 23
1694489958931 168.90093761813253 24
1694489959057 168.86714355600736 25
1694489959195 168.83335693945523 26
1694489959320 168.7995777667674 27
1694489959446 168.76580603623555 28
1694489959574 168.73204174615168 29
1694489959727 168.69828489480827 30
1694489959841 168.66453548049816 31
1694489959965 168.63079350151466 32
1694489960090 168.59705895615144 33
1694489960215 168.5633318427025 34
1694489960337 168.52961215946232 35
1694489960473 168.4958999047258 36
1694489960607 168.46219507678813 37
1694489960731 168.42849767394506 38
1694489960887 168.39480769449258 39
1694489961009 168.36112513672722 40
1694489961138 168.32744999894578 41
1694489961280 168.29378227944557 42
1694489961400 168.26012197652426 43
1694489961512 168.22646908847983 44
1694489961639 168.19282361361084 45
1694489961766 168.15918555021614 46
1694489961888 168.1255548965949 47
1694489962019 168.09193165104685 48
1694489962157 168.05831581187206 49
