1694490225532 0.584189949401575 0
1694490225680 0.8012597386270529 1
1694490225825 0.8050819063644035 2
1694490225970 0.8086939448768037 3
1694490226120 0.7959129021381302 4
1694490226271 0.7972343359223724 5
1694490226418 0.8067125794050822 6
1694490226570 0.8043768328114808 7
1694490226713 0.7979178138865978 8
1694490226856 0.7998736607754675 9
1694490227000 0.8052536264616283 10
1694490227146 0.7997503322739263 11
1694490227293 0.7962175837856369 12
1694490227447 0.7974729001279115 13
1694490227588 0.8005118163611282 14
1694490227729 0.7932498052851005 15
1694490227862 0.8019514754498656 16
1694490228002 0.7926893446662988 17
1694490228153 0.799467485640393 18
1694490228293 0.8049313755379428 19
1694490228436 0.7932474282358063 20
1694490228576 0.7942426995909536 21
1694490228716 0.8058690475479643 22
1694490228852 0.8009390690992717 23
1694490229000 0.8029133604292938 24
1694490229143 0.797177693072036 25
1694490229282 0.8025842663700078 26
1694490229422 0.7957427994478563 27
1694490229580 0.795908773206664 28
1694490229733 0.8040220919139371 29
1694490229873 0.8002849761096008 30
1694490230021 0.8072370580346007 31
1694490230164 0.8093150772085602 32
1694490230307 0.8033389333933201 33
1694490230438 0.8028107066056442 34
1694490230570 0.7997731602533025 35
1694490230714 0.7968808913212322 36
1694490230861 0.7999180126780818 37
1694490231008 0.8014784874440961 38
1694490231155 0.8000034606429661 39
1694490231295 0.7971347864580546 40
1694490231424 0.8023445030056715 41
1694490231570 0.8019038492919405 42
1694490231740 0.8017117878469668 43
1694490231880 0.7991815797972688 44
1694490232023 0.7902823176559988 45
1694490232171 0.8097632758910659 46
1694490232307 0.8057606424701058 47
1694490232442 0.8005499436401561 48
1694490232590 0.802466140024791 49
