1694490225459 0.29423834698686235 0
1694490225614 0.24154819359290292 1
1694490225759 0.07325848357757068 2
1694490225903 0.10269850611671352 3
1694490226051 0.004781503364512839 4
1694490226201 0.03220517535608521 5
1694490226353 0.006661942920180674 6
1694490226494 0.00011756566443772952 7
1694490226645 0.45497913895319275 8
1694490226791 9.368752410099119e-06 9
1694490226934 0.08192596109735276 10
1694490227080 0.003452622468082324 11
1694490227227 0.00919600108935454 12
1694490227377 0.0871457165378203 13
1694490227523 0.11856264125587375 14
1694490227664 0.004870816347223346 15
1694490227805 0.013080031705206314 16
1694490227935 0.00484369102358859 17
1694490228084 0.16571520934804154 18
1694490228232 0.09988052263392058 19
1694490228374 0.6520869583211206 20
1694490228509 0.033685208098141045 21
1694490228654 0.039924735679769015 22
1694490228795 0.1222054692736537 23
1694490228934 0.2937360322304416 24
1694490229078 0.047047708891094664 25
1694490229221 0.009666427644720683 26
1694490229355 0.08504046304371836 27
1694490229515 0.08159141190533829 28
1694490229664 0.018022526779020935 29
1694490229809 6.147157422873492e-06 30
1694490229953 0.15908215144801707 31
1694490230101 0.0051739921088743215 32
1694490230243 0.006062797240281525 33
1694490230382 0.0035853872238555233 34
1694490230514 0.11510132316040425 35
1694490230654 0.11526362217718356 36
1694490230792 0.021612896556927216 37
1694490230940 0.004033922625324726 38
1694490231086 0.03644218748141311 39
1694490231234 0.001712737155855408 40
1694490231368 0.033021568189210385 41
1694490231502 0.0461156756250472 42
1694490231666 0.00668271964572834 43
1694490231818 0.1565968724689445 44
1694490231961 0.044271885130792464 45
1694490232102 0.21279118725945728 46
1694490232245 0.35000699629404775 47
1694490232385 0.3455830478600125 48
1694490232522 0.03024489775409178 49
