1694508785382 168.67724993798456 0
1694508785566 168.34032852810495 1
1694508785776 168.0075121363459 2
1694508785937 167.6754201284025 3
1694508786111 167.34405090268874 4
1694508786274 167.01340282086335 5
1694508786447 166.6834742483836 6
1694508786594 166.3542635544965 7
1694508786786 166.02576911222943 8
1694508786939 165.69798929838154 9
1694508787103 165.3709224935148 10
1694508787263 165.04456708194513 11
1694508787447 164.71892145173382 12
1694508787619 164.3939839946784 13
1694508787798 164.06975310630412 14
1694508787964 163.74622718585522 15
1694508788133 163.42340463628594 16
1694508788298 163.10128386425217 17
1694508788445 162.7798632801025 18
1694508788587 162.45914129786965 19
1694508788800 162.13911633526197 20
1694508789017 161.81978681365447 21
1694508789218 161.50115115808057 22
1694508789398 161.18320779722328 23
1694508789582 160.86595516340685 24
1694508789755 160.54939169258807 25
1694508789922 160.23351582434765 26
1694508790103 159.9183260018821 27
1694508790270 159.60382067199484 28
1694508790427 159.28999828508796 29
1694508790582 158.9768572951538 30
1694508790742 158.66439615976637 31
1694508790926 158.35261334007305 32
1694508791097 158.0415073007862 33
1694508791261 157.73107651017492 34
1694508791436 157.42131944005632 35
1694508791586 157.11223456578776 36
1694508791745 156.80382036625804 37
1694508791928 156.49607532387944 38
1694508792095 156.18899792457938 39
1694508792279 155.88258665779196 40
1694508792438 155.5768400164501 41
1694508792615 155.27175649697713 42
1694508792791 154.9673345992785 43
1694508792949 154.66357282673397 44
1694508793125 154.36046968618902 45
1694508793303 154.058023687947 46
1694508793475 153.75623334576107 47
1694508793636 153.45509717682594 48
1694508793786 153.15461370176976 49
