1694491097597 -123.05710176530795 0
1694491097732 -62.24279547402 1
1694491097890 -31.270838403991277 2
1694491098023 -15.50320547739365 3
1694491098156 -7.472028169527123 4
1694491098303 -3.3861046800382946 5
1694491098452 -1.306744160080418 6
1694491098595 -0.2487083533690193 7
1694491098739 0.2893963439496039 8
1694491098875 0.562398255402621 9
1694491099023 0.7008258487106626 10
1694491099161 0.7713225950936174 11
1694491099310 0.8067926180458821 12
1694491099457 0.8247152949300973 13
1694491099605 0.8336328980822394 14
1694491099750 0.838093819344601 15
1694491099896 0.8403043691720984 16
1694491100039 0.8413320023624705 17
1694491100184 0.8418265831996925 18
1694491100335 0.8420361161251815 19
1694491100479 0.8421369497096315 20
1694491100610 0.8421770529770264 21
1694491100752 0.8421822107005165 22
1694491100902 0.8422060698791604 23
1694491101033 0.8422003569939231 24
1694491101169 0.8421740170198725 25
1694491101310 0.8421495260792906 26
1694491101452 0.8421263012351593 27
1694491101596 0.8421536694648295 28
1694491101736 0.8421356570609672 29
1694491101866 0.8421265514481995 30
1694491102010 0.8420837055991899 31
1694491102150 0.8420691359451452 32
1694491102292 0.8420775598661576 33
1694491102430 0.8420644470040299 34
1694491102570 0.8420927761740236 35
1694491102716 0.8420986293020013 36
1694491102860 0.8421314592661473 37
1694491103011 0.8421265116137313 38
1694491103160 0.842108833331593 39
1694491103301 0.8421142160200621 40
1694491103437 0.842137109165505 41
1694491103578 0.8420957521793659 42
1694491103714 0.8421485001661932 43
1694491103848 0.8421384660416464 44
1694491103989 0.8421302064169565 45
1694491104132 0.842134944345257 46
1694491104279 0.8421232933685265 47
1694491104423 0.8421237419498832 48
