1694425933388 -6.890744778056915 0
1694425933584 -6.040943038250626 1
1694425933787 -6.074787545777637 2
1694425933962 -6.13476893429802 3
1694425934110 -6.128207900559092 4
1694425934270 -6.116240764299222 5
1694425934445 -6.062889945324074 6
1694425934615 -6.121290609506371 7
1694425934788 -6.058075333423858 8
1694425934957 -6.154051127671114 9
1694425935109 -6.143412630321808 10
1694425935291 -6.2169081069273835 11
1694425935482 -6.062208715678217 12
1694425935684 -6.104385933701187 13
1694425935891 -6.060849163526133 14
1694425936074 -6.09517936551671 15
1694425936238 -6.108265459947782 16
1694425936416 -6.160714346736357 17
1694425936591 -6.12295803495371 18
1694425936771 -6.134928594949467 19
1694425936937 -6.123080038308997 20
1694425937098 -6.083633236754743 21
1694425937267 -6.127158505296825 22
1694425937449 -6.006425908161667 23
1694425937650 -6.141807509366021 24
1694425937837 -6.109058341949535 25
1694425938020 -6.046397164470877 26
1694425938194 -6.0371190051831745 27
1694425938377 -6.112424372719259 28
1694425938562 -6.1553494804578435 29
1694425938730 -6.097554966391533 30
1694425938886 -6.090277202837516 31
1694425939079 -6.077116986669513 32
1694425939252 -6.0440108203815495 33
1694425939435 -6.127072998697481 34
1694425939605 -6.120491885156084 35
1694425939772 -6.135352937410566 36
1694425939938 -6.154492915627053 37
1694425940092 -6.097700678827196 38
1694425940242 -6.129666170023603 39
1694425940422 -6.086981148331989 40
1694425940595 -6.082638625481831 41
1694425940747 -6.1284145393649405 42
1694425940921 -6.158705277312644 43
1694425941083 -6.065565185352468 44
1694425941236 -6.031746037395017 45
1694425941394 -6.095241172296041 46
1694425941556 -6.010744817868313 47
1694425941732 -6.084970460838276 48
1694425941907 -6.107520196467528 49
