1694506841036 36.75983867681831 0
1694506841459 11.512190597566788 1
1694506841897 3.7883452016221257 2
1694506842295 2.1252013440541297 3
1694506842691 1.7926702349471844 4
1694506843126 0.7362555057612498 5
1694506843531 1.7441720685374105 6
1694506843953 0.8334620665377506 7
1694506844353 2.1193041966477675 8
1694506844759 0.9810075438810144 9
1694506845175 2.0112629595915803 10
1694506845576 0.8103394908299929 11
1694506845994 1.3000664919394582 12
1694506846413 1.374474721944983 13
1694506846801 0.8616728303915485 14
1694506847227 0.9570357688441192 15
1694506847668 0.8776815101763248 16
1694506848087 1.2581173878566656 17
1694506848525 2.385026359539393 18
1694506848940 1.3964276174103465 19
1694506849338 1.349984976468304 20
1694506849729 0.03881659730645821 21
1694506850110 0.7400576556925325 22
1694506850562 1.1281666076881527 23
1694506851036 1.818591124538229 24
1694506851450 1.3330503509370248 25
1694506851806 0.7649445243356897 26
1694506852231 0.7846624833674979 27
1694506852705 0.27519876519874037 28
1694506853160 1.2152909983715545 29
1694506853585 0.587700880641561 30
1694506854026 1.242500816553381 31
1694506854472 2.455063295210638 32
1694506854883 2.3224918066258913 33
1694506855353 1.1172870584174548 34
1694506855721 0.14914177803988551 35
1694506856091 2.0405138989818843 36
1694506856409 1.710692906404293 37
1694506856692 0.8057118903365214 38
1694506857038 1.6715467537199238 39
1694506857367 1.888813960034771 40
1694506857733 1.2152436609926573 41
1694506858054 2.273587669976844 42
1694506858363 2.0094936390050187 43
1694506858718 1.774416104074194 44
1694506859047 1.573268251970026 45
1694506859324 1.710042882834071 46
1694506859665 0.7875494170731215 47
1694506860004 2.0414920255473983 48
1694506860362 1.2068404075522359 49
