1694490242794 -110.03544583817376 0
1694490242952 -52.080612022653014 1
1694490243098 -24.53958882925553 2
1694490243243 -11.410459598506968 3
1694490243392 -5.132723712480605 4
1694490243536 -2.1136962498822425 5
1694490243688 -0.6523234624086649 6
1694490243845 0.06134098941055477 7
1694490244004 0.4147614629676277 8
1694490244168 0.5937349314211767 9
1694490244330 0.6855417221178866 10
1694490244484 0.7339498449791859 11
1694490244646 0.760571483790752 12
1694490244801 0.7752906435573028 13
1694490244950 0.784005766284198 14
1694490245105 0.7892262560302514 15
1694490245254 0.7923479765592453 16
1694490245413 0.7945091355586759 17
1694490245565 0.7962063084031492 18
1694490245712 0.7971878140160478 19
1694490245857 0.7974858848079851 20
1694490246016 0.79791483344465 21
1694490246161 0.7981002864083332 22
1694490246320 0.7984173617200805 23
1694490246466 0.7988713516988727 24
1694490246624 0.7991090034283381 25
1694490246782 0.7993454662675945 26
1694490246948 0.7990736087726396 27
1694490247104 0.7990380628994305 28
1694490247257 0.7992496355383639 29
1694490247412 0.7989569926434885 30
1694490247571 0.7987819029081012 31
1694490247729 0.7990448725677799 32
1694490247884 0.7993028160074833 33
1694490248040 0.7992716055873774 34
1694490248188 0.7992187510111507 35
1694490248336 0.7991618721015707 36
1694490248474 0.7990613956294826 37
1694490248615 0.7991495035808772 38
1694490248752 0.7989749063937018 39
1694490248885 0.7989465757003105 40
1694490249043 0.7990680753271273 41
1694490249189 0.7989829399545135 42
1694490249335 0.7991237850454118 43
1694490249489 0.7988203346422399 44
1694490249634 0.7989698268530786 45
1694490249769 0.7988059060436862 46
1694490249916 0.7987203087917558 47
1694490250065 0.7991377305209317 48
1694490250211 0.7989907277183794 49
