1694510318539 -53.03680328058679 0
1694510318658 -11.077534726728963 1
1694510318766 -1.7902155270593725 2
1694510318881 0.26407146073978305 3
1694510319000 0.7154972677889062 4
1694510319116 0.8151453979125953 5
1694510319227 0.8365992294560085 6
1694510319339 0.8412226146382515 7
1694510319452 0.841847265861136 8
1694510319566 0.8421446751284092 9
1694510319686 0.8421073236888303 10
1694510319827 0.8421457395247037 11
1694510319958 0.8420931019787371 12
1694510320098 0.8421178405577193 13
1694510320234 0.8420589584764467 14
1694510320362 0.8420786372367545 15
1694510320498 0.8421378533194065 16
1694510320625 0.8419952119004819 17
1694510320758 0.8420298134443902 18
1694510320886 0.8419947508960994 19
1694510321014 0.8420512126777522 20
1694510321132 0.8421034410648821 21
1694510321251 0.8420981431294249 22
1694510321375 0.8422125901660296 23
1694510321498 0.8422639127063019 24
1694510321624 0.8421869391846186 25
1694510321754 0.8421464039985543 26
1694510321884 0.8421369276412479 27
1694510322011 0.8421136138894234 28
1694510322136 0.8421223169532647 29
1694510322266 0.8422167260475846 30
1694510322410 0.842038501273314 31
1694510322539 0.8421823364800125 32
1694510322672 0.8420048863597522 33
1694510322806 0.8420502772304241 34
1694510322936 0.8420269758626862 35
1694510323070 0.8420937518364634 36
1694510323201 0.8421792831944488 37
1694510323337 0.8420280900326503 38
1694510323471 0.8421580319952403 39
1694510323600 0.8419784418977693 40
1694510323731 0.8421062100255868 41
1694510323872 0.8420477936149615 42
1694510324004 0.8421643856534526 43
1694510324132 0.8423426466089218 44
1694510324258 0.842262300147796 45
1694510324389 0.8421299418455626 46
1694510324524 0.8419816630606118 47
1694510324664 0.8420672747042866 48
1694510324794 0.84209830020384 49
