1694490401940 40.648442476395076 0
1694490402048 9.505467260922673 1
1694490402184 2.361062864654429 2
1694490402316 0.6227992233341572 3
1694490402447 0.25847997167757086 4
1694490402588 0.12344852905421044 5
1694490402722 0.20185159429246835 6
1694490402852 0.2599192118765545 7
1694490402989 0.12146828238426183 8
1694490403118 0.11640055825839339 9
1694490403253 0.10874689611925793 10
1694490403394 0.1269724495081428 11
1694490403528 0.15838386494540782 12
1694490403652 0.14349348965133887 13
1694490403782 0.11153975415547447 14
1694490403903 0.1457245216918923 15
1694490404027 0.15437566926649424 16
1694490404161 0.1507053742899438 17
1694490404278 0.14754741298483848 18
1694490404411 0.17984396828372495 19
1694490404535 0.1033889177637082 20
1694490404653 0.16099117926614873 21
1694490404779 0.14561768841134748 22
1694490404895 0.1706387721480618 23
1694490405027 0.1451373698431833 24
1694490405149 0.24186644201918275 25
1694490405279 0.10164018736116265 26
1694490405379 0.13658034507549677 27
1694490405490 0.18961994151507144 28
1694490405598 0.10447738124500132 29
1694490405697 0.17604052591218797 30
1694490405790 0.13924135931491619 31
1694490405895 0.12408494939176591 32
1694490405996 0.1784939727587007 33
1694490406087 0.19794940483830062 34
1694490406189 0.2274508613391721 35
1694490406280 0.1620061373012051 36
1694490406380 0.11363907993439712 37
1694490406486 0.10337918582045623 38
1694490406589 0.3478406661690872 39
1694490406681 0.22627524861756607 40
1694490406785 0.17731471627262774 41
1694490406887 0.14259485594542703 42
1694490406989 0.1291906415610002 43
1694490407091 0.10891759798526943 44
1694490407177 0.16774922192894615 45
1694490407276 0.1619931812751346 46
1694490407361 0.12418864863772827 47
1694490407462 0.1480486960842878 48
1694490407565 0.11913735044815905 49
