1694507966784 -6.893719388763699 0
1694507967021 -6.139693659092442 1
1694507967252 -6.087168902903897 2
1694507967516 -6.048218008739151 3
1694507967767 -6.057432380460599 4
1694507968002 -6.153469876241199 5
1694507968278 -6.0779071185622335 6
1694507968526 -6.094240217719755 7
1694507968811 -6.106465144196724 8
1694507969065 -6.152132010857866 9
1694507969326 -6.128405955285567 10
1694507969598 -6.073694060997503 11
1694507969901 -6.0371658760383955 12
1694507970152 -6.1097128763763875 13
1694507970422 -6.0831424681320705 14
1694507970659 -6.113336198706594 15
1694507970914 -6.133546303056821 16
1694507971185 -6.08593680140999 17
1694507971464 -6.136569148373025 18
1694507971737 -6.146015309029395 19
1694507972045 -6.102715605963734 20
1694507972318 -6.073202439088404 21
1694507972579 -6.055939050768505 22
1694507972848 -6.0113936297443225 23
1694507973130 -6.064008388050314 24
1694507973410 -6.141944680461417 25
1694507973671 -6.101408151240848 26
1694507973937 -5.989451882770677 27
1694507974223 -6.072500291934775 28
1694507974500 -6.100042890004943 29
1694507974761 -6.085633232238782 30
1694507975040 -6.124196823441045 31
1694507975312 -6.136945252550353 32
1694507975568 -6.181038780299839 33
1694507975827 -6.058310586884616 34
1694507976079 -6.074751297953905 35
1694507976394 -6.172232281854911 36
1694507976689 -6.097040567662854 37
1694507976960 -6.193776642442669 38
1694507977212 -6.130731471291708 39
1694507977496 -6.075724574761059 40
1694507977767 -6.139883503684268 41
1694507978060 -6.134534732498266 42
1694507978335 -6.038367794331605 43
1694507978626 -6.172857631529548 44
1694507978903 -6.065978680146282 45
1694507979145 -6.147723654044791 46
1694507979389 -6.0531801323122885 47
1694507979656 -6.1674054148495285 48
1694507979918 -6.106837214362252 49
