1694509557084 -242.1228281196216 0
1694509557264 -241.64069183571962 1
1694509557466 -241.15951617966485 2
1694509557668 -240.6792992333589 3
1694509557860 -240.20003908253855 4
1694509558056 -239.7217338167681 5
1694509558244 -239.2443815294314 6
1694509558443 -238.76798031772464 7
1694509558615 -238.2925282826482 8
1694509558794 -237.8180235289996 9
1694509558979 -237.34446416536548 10
1694509559146 -236.87184830411428 11
1694509559316 -236.40017406138836 12
1694509559505 -235.92943955709683 13
1694509559688 -235.4596429149077 14
1694509559864 -234.9907822622405 15
1694509560059 -234.5228557302588 16
1694509560284 -234.05586145386263 17
1694509560478 -233.589797571681 18
1694509560687 -233.12466222606457 19
1694509560884 -232.66045356307808 20
1694509561067 -232.19716973249274 21
1694509561266 -231.7348088877793 22
1694509561472 -231.27336918610013 23
1694509561646 -230.8128487883023 24
1694509561840 -230.3532458589097 25
1694509562002 -229.89455856611607 26
1694509562168 -229.43678508177757 27
1694509562337 -228.97992358140536 28
1694509562534 -228.52397224415836 29
1694509562710 -228.06892925283583 30
1694509562896 -227.61479279387032 31
1694509563084 -227.16156105732014 32
1694509563278 -226.7092322368623 33
1694509563491 -226.25780452978506 34
1694509563690 -225.8072761369811 35
1694509563888 -225.35764526293966 36
1694509564069 -224.90891011574 37
1694509564254 -224.46106890704388 38
1694509564438 -224.01411985208836 39
1694509564625 -223.56806116967877 40
1694509564842 -223.12289108218155 41
1694509565028 -222.67860781551704 42
1694509565235 -222.23520959915245 43
1694509565418 -221.79269466609483 44
1694509565573 -221.35106125288368 45
1694509565738 -220.91030759958434 46
1694509565909 -220.47043194978045 47
1694509566075 -220.03143255056736 48
1694509566218 -219.59330765254475 49
