1694509556936 169.34901212942756 0
1694509557138 169.0104005485274 1
1694509557318 168.67532058307648 2
1694509557533 168.34090832169736 3
1694509557728 168.00716243074956 4
1694509557919 167.67408157926025 5
1694509558115 167.34166443891914 6
1694509558311 167.00990968407294 7
1694509558497 166.67881599172023 8
1694509558674 166.3483820415061 9
1694509558845 166.01860651571664 10
1694509559033 165.689488099274 11
1694509559194 165.36102547973084 12
1694509559366 165.03321734726515 13
1694509559569 164.706062394675 14
1694509559738 164.37955931737335 15
1694509559932 164.05370681338275 16
1694509560113 163.72850358332997 17
1694509560343 163.40394833044112 18
1694509560547 163.08003976053612 19
1694509560745 162.7567765820237 20
1694509560938 162.43415750589617 21
1694509561125 162.11218124572417 22
1694509561323 161.7908465176516 23
1694509561527 161.4701520403905 24
1694509561693 161.1500965352157 25
1694509561889 160.83067872596 26
1694509562052 160.5118973390087 27
1694509562218 160.19375110329474 28
1694509562404 159.87623875029362 29
1694509562587 159.5593590140181 30
1694509562759 159.2431106310132 31
1694509562955 158.9274923403512 32
1694509563141 158.61250288362658 33
1694509563341 158.29814100495088 34
1694509563554 157.98440545094772 35
1694509563749 157.67129497074777 36
1694509563936 157.35880831598365 37
1694509564124 157.04694424078505 38
1694509564313 156.73570150177366 39
1694509564485 156.4250788580581 40
1694509564692 156.11507507122917 41
1694509564900 155.80568890535457 42
1694509565089 155.49691912697418 43
1694509565282 155.18876450509504 44
1694509565466 154.88122381118635 45
1694509565622 154.5742958191747 46
1694509565791 154.2679793054389 47
1694509565965 153.96227304880532 48
1694509566115 153.65717583054274 49
