1694508763962 -227.89979466052714 0
1694508764109 -223.3549531422166 1
1694508764292 -218.90946355620233 2
1694508764489 -214.56106376636106 3
1694508764663 -210.3075442801336 4
1694508764826 -206.1467470631742 5
1694508764982 -202.07656432585486 6
1694508765150 -198.0949373385795 7
1694508765339 -194.19985527522016 8
1694508765494 -190.38935408400536 9
1694508765646 -186.66151538520705 10
1694508765836 -183.01446539498718 11
1694508765978 -179.44637387478085 12
1694508766141 -175.95545310560772 13
1694508766314 -172.53995688671793 14
1694508766510 -169.19817955799311 15
1694508766663 -165.92845504553603 16
1694508766870 -162.72915592989725 17
1694508767023 -159.59869253639982 18
1694508767178 -156.53551204703504 19
1694508767341 -153.5380976334161 20
1694508767518 -150.60496761028853 21
1694508767657 -147.73467460910737 22
1694508767831 -144.92580477120353 23
1694508767990 -142.1769769600733 24
1694508768148 -139.4868419923354 25
1694508768296 -136.8540818869115 26
1694508768470 -134.27740913199614 27
1694508768640 -131.75556596939288 28
1694508768843 -129.28732369580374 29
1694508769066 -126.87148198066728 30
1694508769251 -124.5068682001533 31
1694508769407 -122.19233678692792 32
1694508769554 -119.92676859531517 33
1694508769716 -117.70907028148798 34
1694508769885 -115.53817369833172 35
1694508770056 -113.41303530463038 36
1694508770219 -111.33263558823536 37
1694508770384 -109.29597850288441 38
1694508770553 -107.30209091834514 39
1694508770731 -105.35002208356764 40
1694508770927 -103.4388431025354 41
1694508771105 -101.56764642251365 42
1694508771260 -99.73554533439976 43
1694508771435 -97.94167348488843 44
1694508771613 -96.18518440017021 45
1694508771784 -94.46525102088974 46
1694508771958 -92.78106524809579 47
1694508772146 -91.13183749992199 48
1694508772302 -89.51679627874292 49
