1694508763827 169.35232545725367 0
1694508764010 165.97975961006694 1
1694508764164 162.68439484048676 2
1694508764342 159.46107863430922 3
1694508764546 156.30817016938207 4
1694508764715 153.22406681794948 5
1694508764868 150.20720328638308 6
1694508765033 147.25605073451766 7
1694508765195 144.36911591590035 8
1694508765386 141.544940338455 9
1694508765539 138.78209944507486 10
1694508765700 136.07920181366853 11
1694508765883 133.43488837619572 12
1694508766029 130.84783165624037 13
1694508766192 128.31673502467925 14
1694508766360 125.84033197301493 15
1694508766562 123.41738540395248 16
1694508766710 121.04668693880853 17
1694508766918 118.72705624135229 18
1694508767063 116.45734035768673 19
1694508767228 114.23641307178792 20
1694508767396 112.06317427632969 21
1694508767559 109.93654935842932 22
1694508767704 107.8554885999591 23
1694508767886 105.81896659207676 24
1694508768047 103.82598166363623 25
1694508768199 101.87555532314818 26
1694508768348 99.96673171396783 27
1694508768518 98.0985770823947 28
1694508768692 96.27017925837764 29
1694508768906 94.48064714852424 30
1694508769122 92.72911024112224 31
1694508769298 91.01471812288695 32
1694508769448 89.33664000715541 33
1694508769597 87.69406427325492 34
1694508769766 86.08619801678019 35
1694508769945 84.5122666105193 36
1694508770112 82.97151327577515 37
1694508770262 81.46319866383503 38
1694508770432 79.98660044734704 39
1694508770600 78.5410129213674 40
1694508770781 77.12574661384869 41
1694508770987 75.74012790534474 42
1694508771157 74.38349865771242 43
1694508771308 73.05521585159664 44
1694508771475 71.75465123249 45
1694508771666 70.4811909651624 46
1694508771829 69.23423529626227 47
1694508772019 68.01319822489499 48
1694508772194 66.81750718098853 49
