1694508404603 -238.76490697064426 0
1694508404725 -235.20220462332375 1
1694508404845 -231.69773743635506 2
1694508404967 -228.2505646899788 3
1694508405105 -224.85976942969106 4
1694508405232 -221.52428712450146 5
1694508405356 -218.24323841488646 6
1694508405478 -215.0157525110084 7
1694508405600 -211.84080925077748 8
1694508405733 -208.71751456058715 9
1694508405867 -205.64501011827312 10
1694508405991 -202.62246674234467 11
1694508406116 -199.6489530182492 12
1694508406242 -196.72381170757413 13
1694508406374 -193.84614334883616 14
1694508406514 -191.01497883759004 15
1694508406661 -188.22965936154432 16
1694508406808 -185.4895016423132 17
1694508406944 -182.79363341257522 18
1694508407082 -180.14133413277784 19
1694508407222 -177.53184932798632 20
1694508407362 -174.96449960708503 21
1694508407504 -172.4384709510196 22
1694508407652 -169.95302932810557 23
1694508407791 -167.50761657131247 24
1694508407930 -165.10164806785613 25
1694508408064 -162.7342810124011 26
1694508408206 -160.40495143852908 27
1694508408347 -158.11306719279838 28
1694508408488 -155.85786840995414 29
1694508408621 -153.63860518754385 30
1694508408756 -151.45502911032852 31
1694508408903 -149.30632947756922 32
1694508409074 -147.1920214919176 33
1694508409235 -145.11138004252007 34
1694508409380 -143.063948549522 35
1694508409509 -141.0491765682864 36
1694508409642 -139.06645800446782 37
1694508409777 -137.11527372882668 38
1694508409908 -135.19506803252406 39
1694508410043 -133.30543852446112 40
1694508410206 -131.44577688121947 41
1694508410344 -129.61557660323746 42
1694508410471 -127.8143235971362 43
1694508410604 -126.04165128130921 44
1694508410739 -124.29696551476658 45
1694508410880 -122.57979980135066 46
1694508411023 -120.88974658349026 47
1694508411157 -119.22642958991199 48
1694508411307 -117.58920823294541 49
