1694508404522 168.18149606251083 0
1694508404645 163.42648143556872 1
1694508404764 163.43246336837714 2
1694508404887 159.71343194795966 3
1694508405016 155.669806835812 4
1694508405148 155.80636483098985 5
1694508405277 151.75435736068252 6
1694508405396 149.269914634033 7
1694508405519 147.60445248339397 8
1694508405644 145.534151947148 9
1694508405782 143.79916843128257 10
1694508405908 141.36407400353303 11
1694508406032 142.46277936720634 12
1694508406160 135.22467696276604 13
1694508406285 132.13561007634343 14
1694508406419 136.2156133278176 15
1694508406561 133.03517379807812 16
1694508406708 128.94635900807617 17
1694508406855 126.56183525010036 18
1694508406990 125.99738869328661 19
1694508407128 124.09274058295756 20
1694508407268 119.6293306519538 21
1694508407409 119.92597362900759 22
1694508407558 123.93855730489845 23
1694508407699 118.63749145655484 24
1694508407833 114.05343791261329 25
1694508407977 113.92714868514646 26
1694508408116 111.31239402502834 27
1694508408254 107.62723343022203 28
1694508408393 106.38043046965447 29
1694508408533 113.03819048521163 30
1694508408671 105.3172403364849 31
1694508408797 106.16975450455261 32
1694508408952 102.36154312378672 33
1694508409129 102.72157914027231 34
1694508409282 101.24761049635056 35
1694508409425 98.50659933399575 36
1694508409551 98.45734985719389 37
1694508409689 96.41009923622218 38
1694508409825 97.81863036193802 39
1694508409953 93.19128428861617 40
1694508410095 92.0502369784761 41
1694508410255 91.4942536256322 42
1694508410384 91.33784848462666 43
1694508410516 86.98187459727323 44
1694508410653 86.7427722946661 45
1694508410787 87.5908303141589 46
1694508410926 85.90513770234199 47
1694508411069 80.78519096319785 48
1694508411204 85.0284704531358 49
