1694509335197 -229.55887771908345 0
1694509335324 -226.4901024486999 1
1694509335448 -223.46290951048778 2
1694509335573 -220.4759748122236 3
1694509335748 -217.5289283669832 4
1694509335902 -214.62135715678517 5
1694509336030 -211.75274765025813 6
1694509336166 -208.92212140114003 7
1694509336299 -206.12968575255283 8
1694509336437 -203.37457657441485 9
1694509336578 -200.65623735459658 10
1694509336704 -197.97407574974656 11
1694509336829 -195.32811064303695 12
1694509336966 -192.7173266975363 13
1694509337110 -190.14105077570875 14
1694509337242 -187.59983365832116 15
1694509337374 -185.09251453729715 16
1694509337499 -182.61857465562343 17
1694509337631 -180.17770718004547 18
1694509337765 -177.76940518986743 19
1694509337883 -175.39324230907584 20
1694509338009 -173.0489963453299 21
1694509338141 -170.73611122670562 22
1694509338269 -168.4539647897938 23
1694509338397 -166.20245232947852 24
1694509338518 -163.98101602785644 25
1694509338644 -161.78925205455837 26
1694509338767 -159.62680632732003 27
1694509338895 -157.49313569409136 28
1694509339023 -155.38784889874003 29
1694509339171 -153.31096031024222 30
1694509339320 -151.2617389244916 31
1694509339445 -149.23979596296138 32
1694509339572 -147.2450456213707 33
1694509339696 -145.27668013757886 34
1694509339821 -143.33486945125236 35
1694509339949 -141.41860742200464 36
1694509340074 -139.52834137194947 37
1694509340203 -137.66315158428426 38
1694509340337 -135.82278641492687 39
1694509340468 -134.00706329407254 40
1694509340602 -132.21559607964718 41
1694509340732 -130.44823489285088 42
1694509340863 -128.70432957662234 43
1694509340986 -126.9837431390411 44
1694509341113 -125.28620649795442 45
1694509341249 -123.61132883869324 46
1694509341396 -121.95858780301836 47
1694509341537 -120.32816129794655 48
1694509341672 -118.71947727276546 49
