1694509335112 156.98099662643423 0
1694509335240 164.88850811958426 1
1694509335366 158.95746753250575 2
1694509335493 157.26438216045494 3
1694509335624 157.77731145933956 4
1694509335808 155.8330822052551 5
1694509335946 152.01616819110686 6
1694509336080 156.32123766656915 7
1694509336213 149.4039468664142 8
1694509336343 147.3378433289818 9
1694509336485 144.51704485855356 10
1694509336620 147.60328126807738 11
1694509336748 139.16303626239971 12
1694509336870 138.2177923567647 13
1694509337016 146.16687625196167 14
1694509337152 135.7535836702516 15
1694509337285 130.43661427798438 16
1694509337416 130.3003160487315 17
1694509337544 129.40063401920537 18
1694509337674 128.62902589479944 19
1694509337805 128.4572951376645 20
1694509337926 123.95207768809864 21
1694509338052 120.55612117926955 22
1694509338185 121.91840412701842 23
1694509338314 120.12378855095125 24
1694509338438 116.17698886334618 25
1694509338559 114.62083628965355 26
1694509338686 112.04035882757971 27
1694509338811 114.16511323620598 28
1694509338938 114.15377619284203 29
1694509339070 109.85632132781215 30
1694509339231 107.80938507742029 31
1694509339362 108.82070955375657 32
1694509339486 105.48569264877901 33
1694509339617 106.55278786806466 34
1694509339743 103.75988217246402 35
1694509339863 106.46375311515693 36
1694509339992 101.05891992559205 37
1694509340116 100.27036180664537 38
1694509340249 101.10448441821428 39
1694509340382 100.60307492647006 40
1694509340513 98.14123290243703 41
1694509340648 94.71399653828301 42
1694509340777 93.45210506327088 43
1694509340906 92.42266598900868 44
1694509341030 89.58879046266611 45
1694509341158 86.9702356639671 46
1694509341295 89.10661646655424 47
1694509341445 86.02243949976767 48
1694509341581 83.05739639482316 49
