1694490127137 0.11732881476796178 0
1694490127267 0.0006826498454120528 1
1694490127398 0.2872607944022218 2
1694490127527 0.09316769559458841 3
1694490127683 0.10289289133912963 4
1694490127815 0.004569482190919604 5
1694490127959 0.5714287790977824 6
1694490128101 0.3018801601585539 7
1694490128249 0.00015179521640326158 8
1694490128406 0.27933126678557085 9
1694490128563 0.39092577306707754 10
1694490128720 0.010172181939185926 11
1694490128860 0.09565721855244672 12
1694490129010 0.35136880403811 13
1694490129161 0.0001576771629278162 14
1694490129303 0.14976847014217753 15
1694490129462 0.010332703589799697 16
1694490129622 0.048979787095165754 17
1694490129764 0.00035823414701466853 18
1694490129902 0.007895764532697967 19
1694490130046 8.07371043647161e-06 20
1694490130199 2.8669085051479293e-05 21
1694490130344 0.03733678286835775 22
1694490130490 0.12439284226139118 23
1694490130663 0.7138737121673369 24
1694490130808 0.011954860940923833 25
1694490130953 0.05309853358104439 26
1694490131127 0.024599006062525963 27
1694490131277 0.03099528919591211 28
1694490131419 0.0322131940002252 29
1694490131604 0.0529751651413169 30
1694490131799 0.05088256929515476 31
1694490131987 0.03440209254340955 32
1694490132161 0.12210240105871531 33
1694490132345 0.02759638093041981 34
1694490132538 0.6546339713969286 35
1694490132698 0.04482556805477176 36
1694490132846 0.5534305923442735 37
1694490132984 0.0024021998410192276 38
1694490133136 0.7465415585693864 39
1694490133267 0.026823562848978712 40
1694490133409 0.01838662840260385 41
1694490133550 0.008704158824326921 42
1694490133685 0.02966195153131181 43
1694490133828 0.011979678330498407 44
1694490133976 0.014439150599933344 45
1694490134128 0.0012346712069198947 46
1694490134269 0.03038978089533017 47
1694490134413 4.0287409026963665e-06 48
1694490134552 0.0606381750832135 49
