1694490234960 -117.10886958748642 0
1694490235103 -55.60209207580791 1
1694490235250 -26.32885160522527 2
1694490235407 -12.341408926279364 3
1694490235549 -5.637244196100219 4
1694490235696 -2.401135353071801 5
1694490235843 -0.823273140355909 6
1694490235998 -0.04628864319483572 7
1694490236157 0.3424669241221918 8
1694490236299 0.5414062009049688 9
1694490236445 0.6451321770586875 10
1694490236593 0.7008097317523887 11
1694490236741 0.7324012462572059 12
1694490236895 0.750677611794925 13
1694490237041 0.7616037639691755 14
1694490237183 0.7683251549976008 15
1694490237328 0.7725722635169843 16
1694490237475 0.774968362997573 17
1694490237622 0.7766914663737102 18
1694490237770 0.7781828504201702 19
1694490237927 0.7790092848966899 20
1694490238072 0.7796752531417871 21
1694490238227 0.7800060708114156 22
1694490238369 0.7803334898145411 23
1694490238518 0.7806209787484019 24
1694490238663 0.7807507293250665 25
1694490238813 0.7810290898145718 26
1694490238964 0.7806818203935518 27
1694490239117 0.7807379971395514 28
1694490239263 0.7809049237100351 29
1694490239410 0.7808183775491839 30
1694490239555 0.7807724905883539 31
1694490239703 0.7806546124789737 32
1694490239854 0.780931163906023 33
1694490240002 0.7809468311129714 34
1694490240151 0.7807729771313855 35
1694490240318 0.7807289537534268 36
1694490240469 0.7806277222337267 37
1694490240620 0.780400982972999 38
1694490240766 0.7803078032446191 39
1694490240928 0.7803371031929403 40
1694490241067 0.7801921687874731 41
1694490241208 0.7804888730428273 42
1694490241353 0.7806753730167019 43
1694490241499 0.7803895060365962 44
1694490241641 0.7802748137927262 45
1694490241792 0.7803641217421402 46
1694490241942 0.7804922226391809 47
1694490242087 0.7804341278723319 48
1694490242239 0.7809654225858875 49
