1694490234901 76.44232100336552 0
1694490235035 30.34600927164644 1
1694490235185 20.729997328135273 2
1694490235336 9.697659791453631 3
1694490235486 0.5888670856762113 4
1694490235627 1.8697393412211092 5
1694490235775 0.6233260744714637 6
1694490235927 0.6463350961928382 7
1694490236083 0.05986299275195416 8
1694490236235 0.2652985084589716 9
1694490236377 0.03487642710161611 10
1694490236525 0.028772540398382937 11
1694490236672 0.45729750577173073 12
1694490236827 0.24698215362720533 13
1694490236976 0.05569348664977841 14
1694490237114 0.33939546250142083 15
1694490237261 0.14121250290016454 16
1694490237406 0.20133529443553946 17
1694490237554 0.000747058431061434 18
1694490237704 0.15334681899282718 19
1694490237856 0.35977131951304914 20
1694490238006 0.005532726169621049 21
1694490238156 0.4582698137676309 22
1694490238307 0.006287506052145597 23
1694490238452 0.07288000306571957 24
1694490238596 0.3891888523051934 25
1694490238740 0.01893721091975519 26
1694490238898 0.008136096909915852 27
1694490239048 0.06777209973972333 28
1694490239197 0.623723524435559 29
1694490239344 0.030953437273925917 30
1694490239489 0.09650006238231461 31
1694490239634 0.0361734619082285 32
1694490239783 7.181659114214751e-05 33
1694490239934 0.11128341549219244 34
1694490240083 0.005282653462333326 35
1694490240244 0.00020475264014273344 36
1694490240406 0.07051694524857373 37
1694490240551 0.040275620831771976 38
1694490240700 0.08467901729736556 39
1694490240851 0.26007706280031145 40
1694490241009 0.00154253635040592 41
1694490241142 0.04903819139871716 42
1694490241286 0.5496807618033546 43
1694490241431 0.15983119966083886 44
1694490241575 0.21401651662516458 45
1694490241723 0.008533751263114698 46
1694490241871 0.013267954853034631 47
1694490242020 0.029029312566827857 48
1694490242172 0.26753642324843835 49
