1694490089485 -116.89806473528861 0
1694490089624 -55.49646586778341 1
1694490089777 -26.274953612273166 2
1694490089929 -12.323330012521659 3
1694490090061 -5.62956418182941 4
1694490090202 -2.3966392649422747 5
1694490090351 -0.8223292667623565 6
1694490090492 -0.045346410185362895 7
1694490090636 0.34272257122822936 8
1694490090789 0.5410406346036138 9
1694490090925 0.644666783492486 10
1694490091059 0.7013587860015321 11
1694490091205 0.7323961040907161 12
1694490091348 0.75082076792742 13
1694490091501 0.7616799895512585 14
1694490091648 0.7683332323252128 15
1694490091788 0.7725421877137664 16
1694490091938 0.7753209259439253 17
1694490092084 0.7771025815906442 18
1694490092223 0.7783625892655089 19
1694490092379 0.7792851385883355 20
1694490092524 0.77977300224195 21
1694490092673 0.7801675094051246 22
1694490092821 0.7801531717298077 23
1694490092969 0.780606152022178 24
1694490093122 0.7805514926685883 25
1694490093271 0.7808389240087931 26
1694490093416 0.7807731534873755 27
1694490093567 0.7808798514060278 28
1694490093718 0.780611533655861 29
1694490093876 0.7807883239288695 30
1694490094017 0.7806148485401845 31
1694490094167 0.7806240388832127 32
1694490094306 0.7806787427639013 33
1694490094450 0.7806803821477246 34
