1694490089418 95.41255781185276 0
1694490089566 29.915653643809254 1
1694490089705 19.647533184838228 2
1694490089863 14.215851830952827 3
1694490090003 4.821615592394972 4
1694490090138 2.6795268794331926 5
1694490090283 0.7069666218918519 6
1694490090428 0.5318058162234555 7
1694490090568 0.0013094045984821826 8
1694490090723 0.3141209228847994 9
1694490090867 0.18037177206195865 10
1694490091002 0.026623757760105105 11
1694490091139 0.013295047693733594 12
1694490091287 0.0522192119047988 13
1694490091431 0.045230944002533004 14
1694490091580 0.020201391392277855 15
1694490091723 0.0770529984807239 16
1694490091870 0.0284454681450642 17
1694490092017 0.09844968105700198 18
1694490092165 0.2713459587134702 19
1694490092312 0.4096439011198193 20
1694490092458 0.29089410178983116 21
1694490092606 0.006246222721492328 22
1694490092752 0.04041762874776807 23
1694490092902 0.26751302160972606 24
1694490093055 0.00017851966199438954 25
1694490093204 0.022880658319917785 26
1694490093350 0.012370707823353333 27
1694490093494 0.2684028361892612 28
1694490093651 0.05856205980631321 29
1694490093810 0.00630211673985597 30
1694490093950 0.5118982728959024 31
1694490094096 0.13059871515609506 32
1694490094247 0.08768211515477407 33
1694490094383 0.0191491115011373 34
