1694508231405 -208.8896270756056 0
1694508231624 -180.2728609795326 1
1694508231842 -155.9574019998578 2
1694508232042 -135.26929839742306 3
1694508232252 -117.64259806675305 4
1694508232459 -102.60458195258612 5
1694508232673 -89.75348374176139 6
1694508232942 -78.75521603688695 7
1694508233208 -69.32648104407991 8
1694508233431 -61.22952942817054 9
1694508233653 -54.26520618051583 10
1694508233895 -48.26275622043101 11
1694508234115 -43.08017552158435 12
1694508234318 -38.59651276716215 13
1694508234532 -34.71039601679533 14
1694508234717 -31.33490566754076 15
1694508234907 -28.39722846788079 16
1694508235101 -25.83610668530602 17
1694508235292 -23.597647403119627 18
1694508235487 -21.637740272612223 19
1694508235670 -19.9186440362923 20
1694508235852 -18.40720416374218 21
1694508236025 -17.075844633153125 22
1694508236193 -15.90090252335579 23
1694508236361 -14.86219582659095 24
1694508236535 -13.941868172302929 25
1694508236745 -13.125139494633105 26
1694508236922 -12.398993507211175 27
1694508237111 -11.75255091740192 28
1694508237340 -11.175683913768637 29
1694508237539 -10.660655588697544 30
1694508237704 -10.199557664300768 31
1694508237839 -9.786511621766506 32
1694508237967 -9.416069640559265 33
1694508238095 -9.083062285848731 34
1694508238227 -8.783663368861722 35
1694508238379 -8.513768677297472 36
1694508238519 -8.27055393294387 37
1694508238667 -8.051159579424196 38
1694508238908 -7.853250723740965 39
1694508239118 -7.674336122879842 40
1694508239287 -7.512237531584747 41
1694508239538 -7.365586947922514 42
1694508239734 -7.232708346667689 43
1694508239879 -7.112162024236362 44
1694508240000 -7.002761239099081 45
1694508240130 -6.903582046314559 46
1694508240260 -6.813457827118825 47
1694508240390 -6.731619795060934 48
1694508240519 -6.657084921430489 49
