1694508231264 147.07749682076033 0
1694508231479 126.05663492381582 1
1694508231699 108.63796897102249 2
1694508231901 90.98701299904133 3
1694508232107 84.51347380162096 4
1694508232322 70.25919166685836 5
1694508232527 66.0657860750059 6
1694508232749 55.25329471657915 7
1694508233054 49.16904899264631 8
1694508233287 44.07035061127772 9
1694508233506 37.37757053717593 10
1694508233734 35.234292153431404 11
1694508233984 29.986807113220088 12
1694508234189 27.3659513406672 13
1694508234390 24.03324338674349 14
1694508234591 22.27302820816663 15
1694508234774 20.54901769939209 16
1694508234970 17.631535933658533 17
1694508235166 17.28509411035551 18
1694508235360 15.901460078383364 19
1694508235550 14.670552576405566 20
1694508235730 13.576338656062042 21
1694508235915 12.797751573609826 22
1694508236083 11.518706696282292 23
1694508236253 10.917804811011216 24
1694508236418 10.400514538404295 25
1694508236630 10.315859912483736 26
1694508236807 9.68196171410849 27
1694508236988 8.593887537727879 28
1694508237182 8.857744314772766 29
1694508237414 8.410985135118022 30
1694508237602 7.973850630341689 31
1694508237749 7.637659118579311 32
1694508237879 6.740449848815677 33
1694508238012 7.160781482866383 34
1694508238137 6.75678065944291 35
1694508238279 7.113185142257075 36
1694508238426 6.858593672072346 37
1694508238567 6.025773994313469 38
1694508238744 6.236258100404739 39
1694508239002 6.315485067156191 40
1694508239181 6.060065278275792 41
1694508239375 5.914833199171397 42
1694508239614 5.593043259796205 43
1694508239789 6.202293569487743 44
1694508239920 5.3045266701174905 45
1694508240043 5.2349871465876445 46
1694508240175 5.294498781642993 47
1694508240304 5.0188942529537455 48
1694508240436 5.4884429981527125 49
