1694491150418 -238.9816362334297 0
1694491150529 -235.40752275630962 1
1694491150629 -231.88650378699953 2
1694491150735 -228.418087266755 3
1694491150837 -225.00136004272642 4
1694491150933 -221.63556339992797 5
1694491151025 -218.31986755245313 6
1694491151129 -215.0536442561894 7
1694491151231 -211.83614811127123 8
1694491151334 -208.66659463329336 9
1694491151435 -205.54426563561262 10
1694491151533 -202.46838720826187 11
1694491151643 -199.4384156204129 12
1694491151754 -196.4536129007877 13
1694491151871 -193.51324101763373 14
1694491152000 -190.61661703589726 15
1694491152116 -187.7632718984173 16
1694491152226 -184.95238178391457 17
1694491152339 -182.1834000988991 18
1694491152444 -179.45587200646295 19
1694491152549 -176.76888871245242 20
1694491152667 -174.12190994457336 21
1694491152784 -171.5143313454485 22
1694491152890 -168.94559241895226 23
1694491152988 -166.4151627192058 24
1694491153092 -163.9224577249206 25
1694491153195 -161.46694655968292 26
1694491153296 -159.04796002931772 27
1694491153397 -156.66508876943595 28
1694491153494 -154.31775947605212 29
1694491153597 -152.00543279045155 30
1694491153701 -149.72754463113523 31
1694491153807 -147.4836655919417 32
1694491153909 -145.273143843725 33
1694491154013 -143.0955259797034 34
1694491154116 -140.95044738789238 35
1694491154220 -138.8373669157192 36
1694491154319 -136.75569260563458 37
1694491154421 -134.70504027613546 38
1694491154522 -132.68493946733443 39
1694491154627 -130.6949839304588 40
1694491154730 -128.7346479720339 41
1694491154846 -126.80353451942572 42
1694491154947 -124.90111765186755 43
1694491155052 -123.02716112915809 44
1694491155158 -121.18110504486062 45
1694491155262 -119.36256014783088 46
1694491155365 -117.5711296484103 47
1694491155470 -115.80634487071688 48
1694491155571 -114.0679031081563 49
