1694491150343 167.88150951073314 0
1694491150460 158.6405497337876 1
1694491150561 164.86077768047136 2
1694491150664 158.02304343908895 3
1694491150770 154.89712965944054 4
1694491150870 153.73258897561445 5
1694491150965 153.34302988643293 6
1694491151061 148.80717147789596 7
1694491151166 144.37872314304738 8
1694491151265 144.54962742182488 9
1694491151369 141.0267330545342 10
1694491151468 143.0297488230119 11
1694491151573 139.033987041767 12
1694491151679 135.66338967081762 13
1694491151792 135.91519378372573 14
1694491151910 137.02552280123274 15
1694491152036 132.65255937327385 16
1694491152154 133.11764412582926 17
1694491152268 128.25525778028094 18
1694491152375 119.48549411466132 19
1694491152478 120.58792442637105 20
1694491152588 121.9719794666273 21
1694491152707 121.63715698881646 22
1694491152821 121.26626488406498 23
1694491152921 118.37630786891451 24
1694491153024 115.84969203026165 25
1694491153126 113.13821242674318 26
1694491153229 114.69025235461346 27
1694491153331 110.60482488141564 28
1694491153431 107.53884911600245 29
1694491153529 103.98589834285322 30
1694491153631 104.26419932899319 31
1694491153736 99.0531997501243 32
1694491153841 103.51428329259923 33
1694491153943 101.41136140570406 34
1694491154048 96.54490684678554 35
1694491154153 93.83400304221733 36
1694491154252 96.43483350296624 37
1694491154354 94.7395974426011 38
1694491154456 94.37797125082815 39
1694491154559 91.0388907895351 40
1694491154662 90.96148290517306 41
1694491154767 88.34646986986147 42
1694491154881 92.27971055023792 43
1694491154984 85.75748994697037 44
1694491155088 86.04247103629348 45
1694491155195 83.99705526688386 46
1694491155298 81.55116650104756 47
1694491155400 82.59351253687277 48
1694491155505 79.75703607496563 49
