1694489609897 -61.968553908523674 0
1694489610005 -21.9667226327757 1
1694489610107 -11.419418909001617 2
1694489610218 -8.08003918394825 3
1694489610327 -6.88439356072996 4
1694489610431 -6.419600979907011 5
1694489610533 -6.23452958616016 6
1694489610636 -6.161925091479298 7
1694489610733 -6.128493517746093 8
1694489610839 -6.108071978951885 9
1694489610940 -6.1102098993634755 10
1694489611040 -6.111951999217264 11
1694489611141 -6.1049976724807475 12
1694489611242 -6.0969089095658635 13
1694489611344 -6.104615133824342 14
1694489611444 -6.106837924493244 15
1694489611546 -6.097496527016927 16
1694489611638 -6.100279520112752 17
1694489611737 -6.1102904730286545 18
1694489611830 -6.1204984252846035 19
1694489611923 -6.100581827375662 20
1694489612011 -6.097000262233312 21
1694489612107 -6.092329919289115 22
1694489612203 -6.094428777793015 23
1694489612303 -6.098349032817601 24
1694489612401 -6.087069451680394 25
1694489612499 -6.093530316355683 26
1694489612601 -6.114877602855085 27
1694489612701 -6.107757251042303 28
1694489612805 -6.10400494209572 29
1694489612892 -6.100082076260832 30
1694489612993 -6.109787077801877 31
1694489613093 -6.116113443953667 32
1694489613186 -6.116152128436104 33
