1694489621671 -212.31122813147343 0
1694489621769 -183.5445093229245 1
1694489621863 -159.05785977686622 2
1694489621966 -138.1865114253254 3
1694489622081 -120.3743796855192 4
1694489622188 -105.15061152440441 5
1694489622283 -92.11927170647368 6
1694489622382 -80.94902149720951 7
1694489622483 -71.3581587763324 8
1694489622584 -63.109012362119074 9
1694489622684 -56.00196728210317 10
1694489622787 -49.867546195653105 11
1694489622897 -44.56314034169277 12
1694489622999 -39.96780193280773 13
1694489623104 -35.97914279216163 14
1694489623208 -32.51050979885637 15
1694489623306 -29.488318489152125 16
1694489623410 -26.849580569361535 17
1694489623512 -24.541120707357333 18
1694489623618 -22.517729374441963 19
1694489623721 -20.740466839212928 20
1694489623816 -19.175841811958275 21
1694489623906 -17.796801833659906 22
1694489624001 -16.578608172425806 23
1694489624101 -15.50022123933027 24
1694489624204 -14.544009841897111 25
1694489624305 -13.694881254982233 26
1694489624407 -12.93921634391709 27
1694489624509 -12.265802936133335 28
1694489624609 -11.664700949934762 29
1694489624708 -11.12713014299082 30
1694489624806 -10.645785933264031 31
1694489624900 -10.214214677815402 32
1694489625003 -9.826539126727596 33
1694489625113 -9.47818878413673 34
1694489625216 -9.164604022899363 35
1694489625316 -8.882216495520195 36
1694489625414 -8.627281814377543 37
1694489625501 -8.396999229459386 38
1694489625601 -8.188773752953223 39
1694489625700 -8.000406768523343 40
1694489625792 -7.829888596639169 41
1694489625892 -7.675362786076278 42
1694489625992 -7.535428398252481 43
1694489626094 -7.40812566352346 44
1694489626198 -7.2928209142340314 45
1694489626293 -7.1880815011219745 46
1694489626399 -7.092668274266499 47
1694489626500 -7.005832080483563 48
1694489626593 -6.92696590914265 49
