1694489621614 143.11027828661096 0
1694489621707 124.64588165239675 1
1694489621797 108.6006546271559 2
1694489621897 96.62046983190136 3
1694489622004 83.06099773933532 4
1694489622116 72.41454272279145 5
1694489622222 65.93892471352419 6
1694489622315 55.30388891888002 7
1694489622417 49.28419021031636 8
1694489622518 43.15548506405447 9
1694489622618 38.780855446950724 10
1694489622720 35.24827243089847 11
1694489622821 31.104681659498596 12
1694489622934 28.58412565661028 13
1694489623029 25.062140968259488 14
1694489623142 23.438050271865905 15
1694489623244 19.75538354407643 16
1694489623342 19.115734370059048 17
1694489623445 17.638455193940864 18
1694489623546 16.090270623504235 19
1694489623652 14.4192456110202 20
1694489623754 15.049511855633392 21
1694489623845 12.65933357598728 22
1694489623940 11.656001030811796 23
1694489624035 11.01898322784624 24
1694489624138 10.506590505488454 25
1694489624238 10.496407771814495 26
1694489624342 9.67292359352453 27
1694489624442 8.795812083241415 28
1694489624542 8.24447080786718 29
1694489624643 8.095764827253563 30
1694489624742 7.412303775856423 31
1694489624835 7.708365507242343 32
1694489624936 7.423079507132695 33
1694489625043 6.909899222168831 34
1694489625149 6.839636810993883 35
1694489625251 6.373333906397465 36
1694489625352 6.5417192460252265 37
1694489625445 6.216129563020173 38
1694489625534 6.049694352713162 39
1694489625635 6.284576636595278 40
1694489625729 5.99041730852901 41
1694489625826 6.40183742981501 42
1694489625927 5.531058115632482 43
1694489626027 5.856660648125837 44
1694489626127 5.3889106262348925 45
1694489626229 5.691188264586641 46
1694489626328 5.543441046515038 47
1694489626434 5.38934632539682 48
1694489626533 5.201188805314534 49
