1694251723618 27174.864077669903 0
1694251723779 21017.47427179516 1
1694251723932 17066.015524723305 2
1694251724107 14227.872976466928 3
1694251724278 12058.479361527989 4
1694251724520 10348.02527223022 5
1694251724702 8979.031949098295 6
1694251724876 7874.9761644067785 7
1694251725084 6980.713447673617 8
1694251725271 6254.237279140301 9
1694251725437 5662.655459519418 10
1694251725612 5179.951288706297 11
1694251725783 4785.170032767049 12
1694251725943 4461.597224733184 13
1694251726144 4195.799932265849 14
1694251726299 3976.9620908819443 15
1694251726450 3796.433514308166 16
1694251726617 3647.086861765333 17
1694251726780 3523.2216660207628 18
1694251726965 3420.2388429634966 19
1694251727145 3334.3719877494495 20
1694251727304 3262.578094147988 21
1694251727469 3202.380941736824 22
1694251727640 3151.762015219496 23
1694251727832 3109.072964416758 24
1694251728039 3072.9652420375055 25
1694251728220 3042.333470263306 26
1694251728395 3016.2697981768515 27
1694251728578 2994.027070573466 28
1694251728738 2974.9890698495024 29
1694251728921 2958.646442333385 30
1694251729069 2944.5771982599094 31
1694251729237 2932.4308957565854 32
1694251729411 2921.915795540984 33
1694251729578 2912.788413797579 34
1694251729789 2904.845013217461 35
1694251729982 2897.9146622147464 36
1694251730164 2891.8535644471312 37
1694251730337 2886.5404185874545 38
1694251730536 2881.8726146957915 39
1694251730713 2877.763110816386 40
1694251730887 2874.137863393629 41
1694251731038 2870.933709219696 42
1694251731232 2868.096616053454 43
1694251731396 2865.5802347126973 44
1694251731581 2863.344698080754 45
1694251731786 2861.3556226772816 46
1694251731976 2859.5832766967214 47
1694251732161 2858.0018850974366 48
1694251732337 2856.589047735668 49
1694251732522 2855.3252509264457 50
1694251732697 2854.1934563759432 51
1694251732855 2853.178754324784 52
1694251733027 2852.2680700975584 53
1694251733224 2851.449915172721 54
1694251733389 2850.714175452389 55
1694251733589 2850.0519306899637 56
1694251733758 2849.455300079135 57
1694251733914 2848.9173098642004 58
1694251734112 2848.431779534155 59
1694251734297 2847.9932237401877 60
1694251734465 2847.5967675511515 61
1694251734653 2847.2380730532036 62
1694251734833 2846.913275623093 63
1694251734990 2846.6189284722095 64
1694251735186 2846.3519542802574 65
1694251735396 2846.1096029217 66
1694251735601 2845.889414441513 67
1694251735772 2845.689186564716 68
1694251735953 2845.5069461311755 69
1694251736113 2845.340923936817 70
1694251736271 2845.1895325377063 71
1694251736487 2845.051346636883 72
1694251736652 2844.9250857273673 73
1694251736829 2844.8095987100455 74
1694251737008 2844.70385024358 75
1694251737161 2844.606908616167 76
1694251737339 2844.517934956811 77
1694251737531 2844.436173627626 78
1694251737731 2844.360943659046 79
1694251737894 2844.2916311073745 80
1694251738080 2844.22768222919 81
1694251738261 2844.1685973801395 82
1694251738415 2844.1139255569246 83
1694251738593 2844.063259511071 84
1694251738769 2844.016231371519 85
1694251738978 2843.9725087205256 86
1694251739147 2843.9317910737736 87
1694251739291 2843.8938067212366 88
1694251739453 2843.858309890312 89
1694251739594 2843.8250781970464 90
1694251739796 2843.793910355089 91
1694251739965 2843.764624115412 92
1694251740130 2843.7370544127252 93
1694251740311 2843.711051697197 94
1694251740498 2843.6864804323664 95
1694251740671 2843.6632177422002 96
