1694509038775 0.7960008835060316 0
1694509038973 0.801965215588544 1
1694509039178 0.8023298965001577 2
1694509039369 0.8161103128088617 3
1694509039537 0.7725624480506732 4
1694509039727 0.7568905809996525 5
1694509039919 0.815248851481641 6
1694509040091 0.7772564945784123 7
1694509040262 0.786462718357923 8
1694509040434 0.7763681507226978 9
1694509040608 0.7994818195767301 10
1694509040779 0.7889927515890384 11
1694509040969 0.7706039155403254 12
1694509041170 0.8062676770833275 13
1694509041360 0.7777452283807902 14
1694509041528 0.7760306781150045 15
1694509041699 0.7723798882990727 16
1694509041885 0.8161589389858365 17
1694509042067 0.8178921158531591 18
1694509042237 0.7844476052982642 19
1694509042411 0.6956610257435929 20
1694509042586 0.8133308977713516 21
1694509042756 0.816012570297908 22
1694509042950 0.8105015104228543 23
1694509043127 0.814375014094633 24
1694509043333 0.7925769617958951 25
1694509043521 0.7930322872504503 26
1694509043716 0.790786444766929 27
1694509043920 0.8021004596701375 28
1694509044149 0.7533750805027469 29
1694509044353 0.7970322057610074 30
1694509044543 0.7637928347668529 31
1694509044730 0.8085855425086554 32
1694509044899 0.8036280841459024 33
1694509045075 0.8053457452136135 34
1694509045256 0.7886996816311687 35
1694509045429 0.7560488960952658 36
1694509045613 0.7894088365253382 37
1694509045811 0.7903503839514646 38
1694509046009 0.7601605384502284 39
1694509046215 0.7926657934049101 40
1694509046400 0.7789261841851716 41
1694509046567 0.8114495130317769 42
1694509046756 0.8093723339678831 43
1694509046923 0.7897963212839909 44
1694509047087 0.806443713011596 45
1694509047255 0.806094303988333 46
1694509047429 0.8159279882598351 47
1694509047608 0.7752603795004759 48
1694509047795 0.8065093103573195 49
