1694509038681 0.17163992491080118 0
1694509038878 0.3814174935641685 1
1694509039086 0.0034000815664685306 2
1694509039286 0.014359824810921705 3
1694509039455 0.00943566153371826 4
1694509039642 0.0852458144839835 5
1694509039841 0.04086715505811835 6
1694509040002 0.0444230158896104 7
1694509040180 0.006313831321252034 8
1694509040352 0.006014350303544079 9
1694509040526 0.14329803363032287 10
1694509040695 0.5484586858399847 11
1694509040875 0.0939168889251887 12
1694509041072 0.22068964759266504 13
1694509041278 0.002399033017030395 14
1694509041446 0.09476064434959569 15
1694509041614 0.013017143939951402 16
1694509041803 0.015242324099142862 17
1694509041981 0.33508341335750647 18
1694509042154 0.1435337450324214 19
1694509042326 0.31128784961753936 20
1694509042501 0.1787900515912289 21
1694509042677 0.2941473931974238 22
1694509042857 0.057548215441544114 23
1694509043041 0.02667282226232892 24
1694509043238 0.02499651912205482 25
1694509043437 0.03038857775664455 26
1694509043621 0.05555562677670603 27
1694509043818 0.04019810298823665 28
1694509044051 0.07659214486042078 29
1694509044248 0.2915425586646521 30
1694509044447 6.128796528981607e-05 31
1694509044637 0.389004573857489 32
1694509044821 0.03185891066873259 33
1694509044993 0.03930308603493676 34
1694509045169 0.018264576320254654 35
1694509045338 0.02668373175942042 36
1694509045531 0.025856361042312304 37
1694509045718 0.001659095071656883 38
1694509045909 0.0018082483084556232 39
1694509046115 0.09923650284181541 40
1694509046311 0.04442057738156114 41
1694509046487 0.3729159798533208 42
1694509046675 0.0021508311813357305 43
1694509046844 1.391778437329575 44
1694509047008 0.01263680221724853 45
1694509047174 0.09081343383767865 46
1694509047349 0.015472442630994615 47
1694509047517 0.013450912073602342 48
1694509047704 0.012226316184999442 49
