1694346103174 169.08902758239503 0
1694346103388 136.97998406743287 1
1694346103600 111.22401870848019 2
1694346103836 90.4473739265888 3
1694346104023 73.67450966683701 4
1694346104223 60.12241205286187 5
1694346104476 49.16244721941444 6
1694346104689 40.289789425361754 7
1694346104886 33.098399562717546 8
1694346105094 27.263552401041593 9
1694346105274 22.522674665939594 10
1694346105472 18.665129635137486 11
1694346105677 15.521078415238874 12
1694346105883 12.95491234809742 13
1694346106089 10.856351226961536 14
1694346106264 9.1365789862537 15
1694346106479 7.724805641026797 16
1694346106679 6.5631248084186335 17
1694346106902 5.604763552621483 18
1694346107087 4.812605264210575 19
1694346107281 4.155986792216199 20
1694346107462 3.6100285475388296 21
1694346107648 3.155186440512585 22
1694346107852 2.774860278452378 23
1694346108057 2.4561543533082255 24
1694346108271 2.188078533932422 25
1694346108483 1.962065959555723 26
1694346108686 1.7708943489868794 27
1694346108879 1.6085300480271612 28
1694346109082 1.470447610196627 29
1694346109305 1.3524606379383355 30
1694346109521 1.2515090310516492 31
1694346109710 1.1647445602689415 32
1694346109900 1.0900745761211865 33
1694346110085 1.0255450926104606 34
1694346110268 0.9697068367567029 35
1694346110486 0.9212074777770821 36
1694346110681 0.8790292921905155 37
1694346110920 0.8422278100127717 38
1694346111111 0.8100776805512119 39
1694346111296 0.7819132089052021 40
1694346111490 0.7572093971919024 41
1694346111696 0.7354927890335137 42
1694346111914 0.7163774383189065 43
1694346112091 0.6995236959549908 44
1694346112285 0.684643466610891 45
1694346112514 0.671491139245627 46
1694346112712 0.6598484919950507 47
1694346112921 0.6495366486005978 48
1694346113178 0.6403880406533383 49
1694346113428 0.6322716070302198 50
1694346113624 0.6250570580287668 51
1694346113810 0.6186479089509767 52
1694346114019 0.6129417117597877 53
1694346114215 0.6078672011778049 54
1694346114406 0.6033430147432773 55
1694346114598 0.5993164259430859 56
1694346114788 0.5957222489989472 57
1694346114994 0.5925214785965766 58
1694346115226 0.5896614862446156 59
1694346115417 0.5871134803016089 60
1694346115633 0.5848346830046114 61
1694346115829 0.5828039395359645 62
1694346116036 0.5809862719443285 63
1694346116214 0.5793662534095411 64
1694346116392 0.5779151327237654 65
1694346116612 0.5766217866106275 66
1694346116812 0.5754624708300541 67
1694346117013 0.57442929583865 68
1694346117211 0.5735025693779561 69
1694346117434 0.5726768278702644 70
1694346117619 0.5719356770364524 71
1694346117823 0.5712754667546658 72
1694346118024 0.5706825010343207 73
1694346118248 0.5701544772975217 74
1694346118442 0.5696799178400498 75
1694346118626 0.5692575125154856 76
1694346118816 0.5688776155661206 77
1694346119033 0.5685396383863645 78
1694346119231 0.5682354546843562 79
1694346119424 0.5679649908289448 80
1694346119652 0.5677213861399422 81
1694346119857 0.5675049247090834 82
1694346120059 0.567309804410745 83
1694346120275 0.5671365477248884 84
1694346120476 0.5669802415579904 85
1694346120702 0.5668415566546771 86
1694346120910 0.566716329662262 87
