1694489712344 -61.97880249369271 0
1694489712452 -21.972357588257694 1
1694489712545 -11.422409554027483 2
1694489712648 -8.080079374412792 3
1694489712749 -6.883429292810661 4
1694489712851 -6.4170164340275 5
1694489712963 -6.236926404591111 6
1694489713057 -6.161744318409118 7
1694489713149 -6.1217704675979965 8
1694489713239 -6.108598178891291 9
1694489713335 -6.117340790491387 10
1694489713423 -6.106738306777924 11
1694489713524 -6.107189847005084 12
1694489713620 -6.1144698451208725 13
1694489713710 -6.112052594556829 14
1694489713800 -6.106100660479596 15
1694489713909 -6.100475747489288 16
1694489714003 -6.109342583641254 17
1694489714099 -6.116052886307117 18
1694489714202 -6.107170872582821 19
1694489714287 -6.096611934710109 20
1694489714382 -6.103632203619701 21
1694489714484 -6.092648175925604 22
1694489714583 -6.106768122747998 23
1694489714669 -6.106340645733923 24
1694489714766 -6.095730593610978 25
1694489714868 -6.1022113120793335 26
1694489714969 -6.098652605433642 27
1694489715068 -6.107604991539594 28
1694489715171 -6.109470856891933 29
1694489715273 -6.103809197340749 30
1694489715375 -6.1007097150891925 31
1694489715470 -6.09538540475168 32
1694489715565 -6.098736367216131 33
1694489715664 -6.0995427313140915 34
1694489715766 -6.0947516993694935 35
1694489715866 -6.095807317774363 36
1694489715975 -6.097464252932024 37
1694489716081 -6.108287198354833 38
1694489716181 -6.096694039918475 39
1694489716285 -6.097930789078263 40
1694489716377 -6.090528374809015 41
1694489716461 -6.098368448736548 42
1694489716550 -6.088764705450026 43
1694489716641 -6.09397301902449 44
1694489716742 -6.0924489621331706 45
1694489716827 -6.10955318468483 46
1694489716922 -6.112215000074939 47
1694489717024 -6.097090201310228 48
1694489717118 -6.099864970164875 49
