1694510311101 -50.82503207724944 0
1694510311248 -10.594177317660133 1
1694510311406 -1.6883621730457765 2
1694510311551 0.28143097864241484 3
1694510311694 0.715895198970286 4
1694510311838 0.8111350762841458 5
1694510311984 0.8317288438515852 6
1694510312125 0.8359230331615177 7
1694510312269 0.8366877340148744 8
1694510312410 0.836814987384773 9
1694510312555 0.8366670811629924 10
1694510312694 0.8365746500711939 11
1694510312838 0.8365572520132613 12
1694510312981 0.8364956428181299 13
1694510313122 0.836580669448618 14
1694510313261 0.8365583704159125 15
1694510313403 0.8365738674289271 16
1694510313557 0.8365418779725831 17
1694510313710 0.8364666352529083 18
1694510313856 0.8365380465152129 19
1694510313996 0.8365130191494702 20
1694510314149 0.8365113516964129 21
1694510314310 0.8365707726496922 22
1694510314458 0.8365220309258538 23
1694510314608 0.8365070658789997 24
1694510314758 0.8365322138219629 25
1694510314902 0.8364701188081405 26
1694510315055 0.8365525038141292 27
1694510315194 0.8364391872286284 28
1694510315339 0.8363916520166128 29
1694510315481 0.836426437327373 30
1694510315624 0.8364205234444112 31
1694510315780 0.8364858050313952 32
1694510315915 0.8364525657744007 33
1694510316049 0.8364787004334951 34
1694510316179 0.8365547133168604 35
1694510316312 0.8364833405211216 36
1694510316445 0.8365240244308015 37
1694510316581 0.8364886048229772 38
1694510316714 0.8364015852712273 39
1694510316844 0.836338765661555 40
1694510316977 0.8364189357296203 41
1694510317104 0.8364617560942297 42
1694510317236 0.836504057694412 43
1694510317370 0.836471441727941 44
1694510317505 0.836555020410296 45
1694510317643 0.8364838446482645 46
1694510317782 0.8364572647617285 47
1694510317909 0.8364562009583015 48
