1694510311003 39.10716308759053 0
1694510311154 8.88996175310073 1
1694510311296 2.109036445355806 2
1694510311457 0.48998198595942277 3
1694510311600 0.1403221708490323 4
1694510311741 0.14300495517682482 5
1694510311889 0.1537076708949847 6
1694510312033 0.056807032609818925 7
1694510312175 0.09002159914796484 8
1694510312318 0.1254822172719664 9
1694510312462 0.16969491983008875 10
1694510312600 0.13718590396022862 11
1694510312746 0.11445454854561678 12
1694510312885 0.10120835044646728 13
1694510313030 0.1702072662700593 14
1694510313166 0.10569389591416083 15
1694510313313 0.12746860266925436 16
1694510313454 0.07470734607728072 17
1694510313610 0.09834972605746244 18
1694510313761 0.19293067172883396 19
1694510313902 0.10197958455652775 20
1694510314046 0.10628845935917593 21
1694510314201 0.10303607388460383 22
1694510314362 0.10457651015357172 23
1694510314516 0.11676720244506411 24
1694510314657 0.09256992378336572 25
1694510314806 0.1036219318014844 26
1694510314952 0.1537413961256567 27
1694510315102 0.11441755975626154 28
1694510315244 0.10318868392363086 29
1694510315388 0.16732611904775926 30
1694510315532 0.12063452619258891 31
1694510315674 0.0923414003729309 32
1694510315828 0.10834319891337114 33
1694510315962 0.1076632965075671 34
1694510316093 0.09786090792161581 35
1694510316224 0.12739138009792692 36
1694510316356 0.15337891161520875 37
1694510316491 0.09360276871959898 38
1694510316628 0.11650713589130844 39
1694510316757 0.11037869536859503 40
1694510316887 0.1029994153468441 41
1694510317019 0.1431193536594082 42
1694510317152 0.1441534197884719 43
1694510317281 0.13083204710711538 44
1694510317419 0.10625582831184302 45
1694510317550 0.09326263850570043 46
1694510317690 0.1200750962502094 47
1694510317825 0.10856455954230709 48
