1694507440688 4.2930544331141425 0
1694507441044 4.7450715396590795 1
1694507441406 3.0054344348869617 2
1694507441751 3.600545371199999 3
1694507442067 3.897062854666682 4
1694507442407 3.45360466759943 5
1694507442723 3.775821322820016 6
1694507443060 3.4708005712831445 7
1694507443430 6.651391469369383 8
1694507443789 4.297062208732818 9
1694507444173 3.282899129135942 10
1694507444575 8.30011718085696 11
1694507444953 5.185881951483454 12
1694507445347 9.724515570820438 13
1694507445711 5.986550111140627 14
1694507446079 7.663990090988455 15
1694507446424 2.9591006175191747 16
1694507446725 1.8682729779290215 17
1694507447045 5.154491208308821 18
1694507447336 4.432550377301759 19
1694507447646 4.3543907976529095 20
1694507447966 4.3081133629608335 21
1694507448306 5.434976471215392 22
1694507448623 4.105795674999604 23
1694507448973 4.643566545233101 24
1694507449343 3.5623346400031064 25
1694507449699 4.028259208787044 26
1694507449978 5.944646756440713 27
1694507450267 4.517183351428065 28
1694507450547 2.5656083849541047 29
1694507450833 4.5521824348014785 30
1694507451097 3.5662023103257905 31
1694507451370 4.736843091766588 32
