1694507708387 3.5337557875613195 0
1694507708769 4.372175823081777 1
1694507709193 5.361378120844859 2
1694507709581 5.570643667444579 3
1694507709969 6.4656743146050735 4
1694507710339 4.077715872858753 5
1694507710703 3.409337300848058 6
1694507711052 1.8226004231474728 7
1694507711401 3.600858950267176 8
1694507711791 4.337455921964097 9
1694507712177 1.3928185666781336 10
1694507712546 5.150570751801503 11
1694507712951 4.717657202846464 12
1694507713331 4.864621562329152 13
1694507713683 3.903009467531439 14
1694507714016 4.095061686403931 15
1694507714353 5.1768219802578805 16
1694507714686 6.2016131472279215 17
1694507715066 4.0575199833783495 18
1694507715421 3.298225439096623 19
1694507715809 3.1808208786546626 20
1694507716168 7.857812199531233 21
1694507716531 2.074859215672175 22
1694507716871 4.767983612518952 23
1694507717212 7.413958360921026 24
1694507717576 5.119669733887019 25
1694507717949 5.153615341613847 26
1694507718335 1.9535615441190086 27
1694507718714 4.9522469241575235 28
1694507719104 7.0569484580454 29
1694507719456 6.346149156981575 30
1694507719835 4.64578273564339 31
1694507720209 1.0830874304477018 32
1694507720576 1.6356116354982575 33
1694507720965 2.301168648069454 34
1694507721316 6.079366374064308 35
1694507721684 4.561482691905575 36
1694507722059 4.957479598738929 37
1694507722427 6.3080863778823755 38
1694507722778 0.6296159675879551 39
1694507723114 2.9951133310206246 40
1694507723463 4.069317915570248 41
1694507723836 4.2303808629969675 42
1694507724203 7.80900728124412 43
1694507724557 8.120087713539702 44
1694507724915 2.947356938993566 45
1694507725275 6.2592417812933885 46
1694507725656 7.0840117998566186 47
1694507726013 4.9090059995255375 48
1694507726358 6.6575539120230935 49
