1694509069850 0.6012887362101629 0
1694509070034 0.7927542922212141 1
1694509070208 0.7960403342046561 2
1694509070376 0.8030059153958629 3
1694509070551 0.8002617985821453 4
1694509070729 0.7992036000532443 5
1694509070898 0.8001747034594358 6
1694509071089 0.7982398498797929 7
1694509071262 0.7986996720598863 8
1694509071444 0.8012470141542727 9
1694509071631 0.7969191424033896 10
1694509071816 0.7933158754763707 11
1694509071983 0.8009917326004703 12
1694509072177 0.7982431709430826 13
1694509072348 0.7948126078508307 14
1694509072525 0.8027942283860701 15
1694509072698 0.7949991181758093 16
1694509072861 0.7961831426957039 17
1694509073031 0.7993654175905086 18
1694509073224 0.801338060583232 19
1694509073407 0.7996274258284544 20
1694509073572 0.7993655333377414 21
1694509073759 0.8046016103046487 22
1694509073950 0.7945105068410259 23
1694509074145 0.8011969511668073 24
1694509074349 0.7990858091584834 25
1694509074533 0.7907533853543952 26
1694509074717 0.8021296533628405 27
1694509074881 0.7960175018087385 28
1694509075051 0.8008148677836858 29
1694509075242 0.7943068504978025 30
1694509075415 0.8009481814894454 31
1694509075609 0.7917112577621177 32
1694509075775 0.7957625234676612 33
1694509075940 0.798143306320438 34
1694509076121 0.798755481184 35
1694509076295 0.7993776034391346 36
1694509076462 0.788335332066243 37
1694509076633 0.7953239126567642 38
1694509076814 0.7934930004654466 39
1694509076982 0.8004503216904758 40
1694509077157 0.7973471793948579 41
1694509077344 0.799399318974154 42
1694509077514 0.799262598302946 43
1694509077693 0.8018769226987359 44
1694509077858 0.801186139454066 45
1694509078012 0.7999726519702093 46
1694509078175 0.8055671160765097 47
1694509078340 0.8052269113659727 48
1694509078524 0.8029989606855109 49
