1694509069765 0.1800488747662349 0
1694509069952 0.0007493075813799651 1
1694509070123 0.002691548318539694 2
1694509070296 1.4189281485083063 3
1694509070464 0.33571722651433733 4
1694509070647 0.054210806474050105 5
1694509070821 0.04813064345801272 6
1694509071005 0.030298963396552754 7
1694509071181 0.08591495436048618 8
1694509071364 0.2418236855950071 9
1694509071547 0.017585463079253322 10
1694509071735 0.605079486940957 11
1694509071902 0.41177839445626274 12
1694509072074 0.045229928712268073 13
1694509072271 0.0903054089826885 14
1694509072442 3.2384472148586836e-05 15
1694509072611 0.01668007848001604 16
1694509072785 0.060875143737461876 17
1694509072948 0.0036749123639606483 18
1694509073143 0.23822794379521442 19
1694509073325 0.07233950903517082 20
1694509073496 0.1850487579307446 21
1694509073660 0.0032320908868050334 22
1694509073855 0.0033424243447265603 23
1694509074044 0.20023508949678087 24
1694509074255 0.13601046290938776 25
1694509074443 0.014210100562763792 26
1694509074627 0.35284424258338054 27
1694509074803 0.15573219377476097 28
1694509074969 0.013760720976345316 29
1694509075154 0.05525953709235031 30
1694509075335 0.208368169852605 31
1694509075527 0.5981979148333793 32
1694509075693 0.0057563590105291695 33
1694509075860 0.12234047688609448 34
1694509076037 0.17177192889288664 35
1694509076208 0.049385334647976786 36
1694509076383 0.005275660336189574 37
1694509076550 0.023947316560905534 38
1694509076732 0.0019964197956647335 39
1694509076903 0.01694343950450262 40
1694509077076 0.002289579301230255 41
1694509077259 1.0699206966778458e-05 42
1694509077439 0.12856915086099663 43
1694509077604 0.15760541617861498 44
1694509077783 0.08865946020647517 45
1694509077939 0.009368329661801797 46
1694509078099 1.0122677403655047 47
1694509078264 0.1234831205533278 48
1694509078452 0.022812715539626747 49
