1694509488096 -229.5970324762451 0
1694509488228 -226.52564039309217 1
1694509488389 -223.4953297221391 2
1694509488538 -220.50748083371818 3
1694509488686 -217.55996609365405 4
1694509488832 -214.65194413505287 5
1694509488977 -211.7829254172282 6
1694509489172 -208.95206524466215 7
1694509489384 -206.15916307172358 8
1694509489531 -203.4036889428494 9
1694509489674 -200.68492017894596 10
1694509489804 -198.00275396835934 11
1694509489941 -195.35640927318244 12
1694509490067 -192.74531237924563 13
1694509490210 -190.1691399395527 14
1694509490339 -187.62748396013123 15
1694509490466 -185.11967405683546 16
1694509490604 -182.6455592156845 17
1694509490732 -180.20426381347613 18
1694509490869 -177.79558985594386 19
1694509491009 -175.41918191925078 20
1694509491149 -173.07463098434104 21
1694509491282 -170.761388445069 22
1694509491439 -168.4790119381798 23
1694509491598 -166.22726447784453 24
1694509491755 -164.0054716423075 25
1694509491903 -161.81335898267156 26
1694509492055 -159.65060468207494 27
1694509492202 -157.51661757576667 28
1694509492359 -155.41126719984365 29
1694509492518 -153.33394945416003 30
1694509492684 -151.28445841976463 31
1694509492813 -149.2624079266256 32
1694509492939 -147.26727533627678 33
1694509493068 -145.298675771497 34
1694509493193 -143.35663201094383 35
1694509493331 -141.4401927543092 36
1694509493464 -139.54970954243615 37
1694509493609 -137.68448118820746 38
1694509493765 -135.8439204717652 39
1694509493906 -134.02790775906755 40
1694509494042 -132.2365219447659 41
1694509494203 -130.46889848381343 42
1694509494359 -128.72459628399528 43
1694509494497 -127.00392211827403 44
1694509494630 -125.30622626624755 45
1694509494771 -123.63097674895381 46
1694509494920 -121.97814639595033 47
1694509495068 -120.34739506280584 48
1694509495223 -118.73838124796244 49
