1694509488005 165.94418364683494 0
1694509488141 162.09193860067808 1
1694509488279 159.5432265043309 2
1694509488440 157.42202561373958 3
1694509488592 159.87023854563012 4
1694509488738 158.25782403673003 5
1694509488884 153.63875492234388 6
1694509489025 154.95130737912794 7
1694509489249 152.43069659121846 8
1694509489439 149.53595986424835 9
1694509489582 148.65627109059497 10
1694509489717 142.31466400976166 11
1694509489848 139.00419591861746 12
1694509489985 139.21530286371 13
1694509490117 138.5138418692825 14
1694509490253 135.62579694826883 15
1694509490383 133.90588013510975 16
1694509490513 130.66762859215504 17
1694509490647 132.02652493104412 18
1694509490779 131.80382953438743 19
1694509490915 130.9110575611443 20
1694509491053 127.1880391034989 21
1694509491196 123.9559268413782 22
1694509491330 125.04287059624959 23
1694509491497 118.99427791858525 24
1694509491652 119.87303982811792 25
1694509491809 117.56037223557907 26
1694509491954 115.96671030790598 27
1694509492103 116.7502082143371 28
1694509492255 113.19135870252664 29
1694509492414 113.81845110103384 30
1694509492580 111.10818202406112 31
1694509492729 107.32343966587935 32
1694509492857 107.57375928564332 33
1694509492980 107.95310204294952 34
1694509493111 102.82461688431299 35
1694509493241 107.13852484605262 36
1694509493378 100.09171489737871 37
1694509493513 96.55976547155088 38
1694509493662 98.47848760721939 39
1694509493815 101.03224722915965 40
1694509493951 92.23017246055596 41
1694509494098 90.11809685047749 42
1694509494250 95.46212536663961 43
1694509494410 91.79672215833716 44
1694509494540 87.68229083854084 45
1694509494673 90.02692318353083 46
1694509494823 89.09397947302934 47
1694509494970 88.27281539025812 48
1694509495128 88.49299097113628 49
