1694509611976 169.42810631986347 0
1694509612141 166.05396746635364 1
1694509612294 162.77845308497484 2
1694509612446 159.56765823386883 3
1694509612622 156.42071098161134 4
1694509612785 153.3361510945044 5
1694509612956 150.31273899914012 6
1694509613125 147.3490651846156 7
1694509613277 144.44432828633532 8
1694509613442 141.59716583787736 9
1694509613622 138.80643403997388 10
1694509613796 136.07081757007305 11
1694509613961 133.389606498464 12
1694509614117 130.76152875876232 13
1694509614290 128.18552892010615 14
1694509614460 125.66037875018472 15
1694509614619 123.18545231215832 16
1694509614801 120.75956113768049 17
1694509614988 118.3817313316231 18
1694509615175 116.0508151977869 19
1694509615347 113.76626393653046 20
1694509615510 111.52696639663289 21
1694509615701 109.33202391471482 22
1694509615895 107.18036327834105 23
1694509616084 105.071506510498 24
1694509616270 103.00441397683001 25
1694509616440 100.97825642947308 26
1694509616628 98.99202955028179 27
1694509616803 97.04532036962951 28
1694509617020 95.13715541313621 29
1694509617219 93.26658078179295 30
1694509617413 91.43322473853821 31
1694509617620 89.63616218093253 32
1694509617838 87.87467267385219 33
1694509618036 86.14786214944503 34
1694509618221 84.45541498446953 35
1694509618421 82.79646372752312 36
1694509618596 81.17034358152735 37
1694509618798 79.57621601418289 38
1694509618977 78.01381687339702 39
1694509619179 76.48233205718327 40
1694509619385 74.98114810608232 41
1694509619579 73.50947787704078 42
1694509619755 72.06710441626568 43
1694509619935 70.65326299694505 44
1694509620151 69.2672046405009 45
1694509620340 67.90874120889667 46
1694509620531 66.57714460145634 47
1694509620735 65.2718818348399 48
1694509620925 63.99224852435764 49
