1694490175870 -123.91548587342189 0
1694490176002 -63.27134348414127 1
1694490176142 -32.215665298404055 2
1694490176285 -16.287427506535263 3
1694490176430 -8.094890090832667 4
1694490176568 -3.868044997707706 5
1694490176711 -1.6763819645665325 6
1694490176859 -0.531289123829801 7
1694490177004 0.07233258655676733 8
1694490177151 0.3942025284905464 9
1694490177295 0.5682576300987772 10
1694490177429 0.6643760436234072 11
1694490177571 0.7183515741961993 12
1694490177721 0.7499252652299445 13
1694490177871 0.768570958161375 14
1694490178015 0.7799507437526976 15
1694490178169 0.7867558472213068 16
1694490178312 0.7915679752842 17
1694490178450 0.7946526302910123 18
1694490178593 0.7965360333711076 19
1694490178739 0.798125106471631 20
1694490178883 0.7990020657462216 21
1694490179027 0.7995197556897146 22
1694490179172 0.8000519671336663 23
1694490179304 0.8002251046330809 24
1694490179443 0.8003445170838186 25
1694490179590 0.8007059803866756 26
1694490179734 0.801113291993976 27
1694490179885 0.8011055629905257 28
1694490180032 0.8013529549957377 29
1694490180181 0.8012157481284328 30
1694490180332 0.8013038833299639 31
1694490180473 0.8012707187602561 32
1694490180623 0.8013707591481203 33
1694490180769 0.8014977275056709 34
1694490180919 0.8012423795593646 35
1694490181066 0.8011011084666102 36
1694490181202 0.8010036999131045 37
1694490181333 0.8010580701832877 38
1694490181468 0.8010332770835924 39
1694490181611 0.8011774024032428 40
1694490181754 0.8009050943811316 41
1694490181892 0.8010338186220336 42
1694490182039 0.8011421859648677 43
1694490182198 0.801306593024622 44
1694490182363 0.8013886948360605 45
1694490182513 0.8014262174044396 46
1694490182656 0.8014840924706697 47
1694490182835 0.8014567455954837 48
1694490182977 0.8014781663225469 49
