1694490175814 92.17087032243349 0
1694490175945 46.81899270846706 1
1694490176084 21.704316722379392 2
1694490176221 10.668116177875024 3
1694490176371 10.05057231441178 4
1694490176507 4.121040586550727 5
1694490176645 1.0023437292223027 6
1694490176792 1.8994552044627175 7
1694490176937 1.4498345697278292 8
1694490177085 0.3632230211607942 9
1694490177229 0.889913533622459 10
1694490177372 0.09779515395746288 11
1694490177500 0.030901366084479485 12
1694490177648 0.0368666911899846 13
1694490177802 0.2592951229148247 14
1694490177947 0.06035045176608238 15
1694490178100 0.04034975943391935 16
1694490178250 0.010636700420182704 17
1694490178385 0.0022617584234366915 18
1694490178525 0.001955244995855172 19
1694490178670 0.04855543404082256 20
1694490178815 0.5235708362299352 21
1694490178962 1.8185392388927113e-05 22
1694490179106 0.0493333403295784 23
1694490179247 0.0030445348952322757 24
1694490179377 0.04099803599927875 25
1694490179520 0.02380212291561056 26
1694490179672 0.31340329711608783 27
1694490179811 0.0013081480739702586 28
1694490179963 0.033106378665019386 29
1694490180116 0.08028674160021522 30
1694490180263 0.1618826221751894 31
1694490180409 0.10554470011396712 32
1694490180551 0.4342560579734959 33
1694490180703 0.1623210299441562 34
1694490180849 0.005054171095382836 35
1694490180997 0.6232162479529042 36
1694490181144 0.481246317732962 37
1694490181277 0.036001430635731926 38
1694490181411 0.10232232269008533 39
1694490181545 0.03246726338786121 40
1694490181690 0.02213570549223178 41
1694490181825 0.03798130436419398 42
1694490181971 0.0002948743112838064 43
1694490182124 0.05431772298141905 44
1694490182292 0.043774924641670494 45
1694490182438 0.07992648852786872 46
1694490182590 0.035929901077151036 47
1694490182735 0.0031970785186473637 48
1694490182911 0.0715257309920146 49
