1694490982356 0.8368988070373475 0
1694490982498 0.8407169497575369 1
1694490982641 0.8383451212688947 2
1694490982801 0.8383817509341628 3
1694490982954 0.8378219750221579 4
1694490983096 0.841291914231199 5
1694490983231 0.8379498521049166 6
1694490983367 0.8389744571386534 7
1694490983510 0.8411377950290355 8
1694490983655 0.834281363646274 9
1694490983803 0.7650092377011287 10
1694490983948 0.8213589759781555 11
1694490984094 0.8412443208482769 12
1694490984242 0.8374676170064843 13
1694490984398 0.8392663987912781 14
1694490984536 0.838601026070672 15
1694490984672 0.8392010031492382 16
1694490984804 0.8367704785779313 17
1694490984942 0.8389127023892795 18
1694490985075 0.8385447862814949 19
1694490985219 0.840683582568913 20
1694490985357 0.8389756459086946 21
1694490985503 0.8373670149498036 22
1694490985636 0.8397247784564279 23
1694490985769 0.8402798288265699 24
1694490985903 0.8342008717897678 25
1694490986036 0.8397335789746994 26
1694490986184 0.833501248368071 27
1694490986328 0.8413387556373273 28
1694490986475 0.8219942715570336 29
1694490986623 0.7665999835317558 30
1694490986768 0.8390406742118339 31
1694490986916 0.8286480438095853 32
1694490987057 0.836257180138666 33
1694490987200 0.8420180841289702 34
1694490987332 0.8392410932704137 35
1694490987462 0.8424849247458968 36
1694490987604 0.8393885943913317 37
1694490987743 0.840640763808311 38
1694490987877 0.8383880551122638 39
1694490988014 0.8415948651114133 40
1694490988150 0.8423026124357031 41
1694490988292 0.8420054634094423 42
1694490988440 0.824519908738548 43
1694490988581 0.8309127555352649 44
1694490988731 0.8341344138761082 45
1694490988879 0.8426206648030307 46
1694490989037 0.835729177962866 47
1694490989190 0.840683278251928 48
1694490989334 0.8405746751953488 49
