1694491092259 -117.78771585605183 0
1694491092395 -59.54390315209357 1
1694491092551 -29.893222885080814 2
1694491092706 -14.800659904596559 3
1694491092851 -7.117006328924836 4
1694491092991 -3.2076012285916793 5
1694491093126 -1.218587986802956 6
1694491093262 -0.20596115051358876 7
1694491093402 0.3083334712315602 8
1694491093546 0.5696564265021825 9
1694491093680 0.7019549677278689 10
1694491093824 0.769135313360431 11
1694491093969 0.8030717780748834 12
1694491094116 0.8201595692569776 13
1694491094260 0.828727393102237 14
1694491094417 0.832968046761386 15
1694491094562 0.8350373441221731 16
1694491094710 0.836038144896687 17
1694491094844 0.8365152588658187 18
1694491094983 0.8366957490536341 19
1694491095124 0.8367565751993324 20
1694491095253 0.8367711326995871 21
1694491095392 0.8367628288823258 22
1694491095537 0.8367239007857499 23
1694491095680 0.83669968665707 24
1694491095819 0.8366781859194431 25
1694491095967 0.8366603566484035 26
1694491096116 0.8366323843372678 27
1694491096250 0.8366036036684584 28
1694491096388 0.8365937118248472 29
1694491096534 0.8365581443703822 30
1694491096682 0.8365536294511853 31
1694491096827 0.8365605598999724 32
1694491096969 0.836557275747896 33
1694491097102 0.8365583227000197 34
