1694506781016 -1.3191527463656842 0
1694506781339 -1.309703919018745 1
1694506781654 -1.2779873213170267 2
1694506781975 -1.278179062132328 3
1694506782273 -1.2896251378230121 4
1694506782584 -1.2338896267916408 5
1694506782946 -1.2865262354145215 6
1694506783242 -1.2356953334981564 7
1694506783540 -1.2113323546828112 8
1694506783895 -1.287113025380659 9
1694506784221 -1.2574012014292393 10
1694506784508 -1.282849081006117 11
1694506784818 -1.2267715893298967 12
1694506785109 -1.2550957622563774 13
1694506785452 -1.250260055067169 14
1694506785791 -1.2687304923791136 15
1694506786104 -1.2264434860822675 16
1694506786417 -1.2665830509947735 17
1694506786736 -1.3252605117704834 18
1694506787032 -1.2421698573998023 19
1694506787331 -1.2953860238164765 20
1694506787611 -1.2677644808731179 21
1694506787951 -1.2865770011228497 22
1694506788279 -1.3011623235398448 23
1694506788574 -1.2454660552060637 24
1694506788900 -1.2031337095431196 25
1694506789183 -1.283135279474453 26
1694506789500 -1.2698304115191448 27
1694506789839 -1.2912774835256107 28
1694506790182 -1.2979150890091162 29
1694506790550 -1.282560585495664 30
1694506790898 -1.2587794835783876 31
1694506791209 -1.2975928305588353 32
1694506791537 -1.2683203445779099 33
1694506791817 -1.2669646151601106 34
1694506792138 -1.295559547750233 35
1694506792462 -1.2516171598104293 36
1694506792750 -1.3115066483932614 37
1694506793034 -1.251262209900018 38
1694506793378 -1.260336910061881 39
1694506793712 -1.233973622335856 40
1694506794075 -1.3562597432380623 41
1694506794365 -1.279086703083785 42
1694506794642 -1.2831279851792732 43
1694506794921 -1.3931599320371557 44
1694506795254 -1.2507602853782203 45
1694506795564 -1.3040611519192065 46
1694506795878 -1.2681158229767933 47
1694506796178 -1.2653661700702066 48
1694506796525 -1.2788386521484023 49
