1694491121391 -211.7598581124038 0
1694491121492 -182.1591553515785 1
1694491121597 -156.68288344032493 2
1694491121687 -134.75535363260263 3
1694491121784 -115.88281306765806 4
1694491121875 -99.63927299964541 5
1694491121964 -85.65796193970412 6
1694491122058 -73.62425166424497 7
1694491122150 -63.26613425322189 8
1694491122263 -54.350890914703804 9
1694491122376 -46.67656184317821 10
1694491122476 -40.07114235409803 11
1694491122577 -34.38567809217477 12
1694491122673 -29.49150825408913 13
1694491122776 -25.27829554187369 14
1694491122873 -21.651567770611738 15
1694491122974 -18.529699790006987 16
1694491123082 -15.842143075032585 17
1694491123185 -13.528837395679696 18
1694491123287 -11.536970385871374 19
1694491123387 -9.822422587939194 20
1694491123474 -8.346285920170999 21
1694491123572 -7.075445662811163 22
1694491123663 -5.981301177990024 23
1694491123757 -5.039129037412453 24
1694491123850 -4.227903624748518 25
1694491123951 -3.5294226409429124 26
1694491124041 -2.9281122234338977 27
1694491124133 -2.4101406872336284 28
1694491124236 -1.9641878432026685 29
1694491124334 -1.5800311920516181 30
1694491124421 -1.2492327357813982 31
1694491124523 -0.9643548931686086 32
1694491124623 -0.7189194641617729 33
1694491124724 -0.5075106439254478 34
1694491124825 -0.32533788350198733 35
1694491124928 -0.16845977490965414 36
1694491125029 -0.0332723809207367 37
1694491125130 0.08316583028387403 38
1694491125230 0.1835346148950454 39
1694491125334 0.27004492666688185 40
1694491125437 0.344592690575939 41
1694491125541 0.40886052546834406 42
1694491125645 0.4642694938767974 43
1694491125747 0.5120487672249299 44
1694491125849 0.5532470695935463 45
1694491125953 0.588793598620394 46
1694491126052 0.6194641239018477 47
1694491126152 0.6459190918390577 48
1694491126256 0.6687329272901004 49
