1694491121322 139.69194998785278 0
1694491121422 126.00576908764556 1
1694491121527 106.60921919274486 2
1694491121629 95.16371757274258 3
1694491121717 80.26723552509223 4
1694491121813 67.79482574030055 5
1694491121907 59.86761840329399 6
1694491121992 50.628014827136575 7
1694491122087 43.702871132178736 8
1694491122188 36.988101534821844 9
1694491122302 32.761798496518914 10
1694491122412 27.949508893642445 11
1694491122515 23.089721687799685 12
1694491122609 19.968564214475997 13
1694491122709 18.638655575208674 14
1694491122807 15.846874347480803 15
1694491122907 13.842918001418877 16
1694491123009 12.019701149102236 17
1694491123117 9.339559887555135 18
1694491123217 9.572946181525154 19
1694491123321 7.449421125137671 20
1694491123417 6.112992111142275 21
1694491123513 4.876821080991161 22
1694491123604 4.395107924982947 23
1694491123697 4.217998172341422 24
1694491123787 3.7656767562652598 25
1694491123886 3.0472071928588975 26
1694491123985 2.3981527503164615 27
1694491124075 2.4339192361336752 28
1694491124170 1.9337124471265588 29
1694491124266 2.0376801052670728 30
1694491124364 1.383167566900275 31
1694491124451 1.2942974110129084 32
1694491124558 1.135587138095922 33
1694491124654 0.942252341460845 34
1694491124758 0.9778104243815566 35
1694491124860 0.6794384455782866 36
1694491124962 0.7349950504778948 37
1694491125060 0.5438287282783435 38
1694491125165 0.5580414110278378 39
1694491125267 0.5000104058352579 40
1694491125368 0.43139913040158684 41
1694491125471 0.3466780057907104 42
1694491125578 0.3471911868395628 43
1694491125680 0.2993658973477505 44
1694491125782 0.2243315638183056 45
1694491125884 0.38692638721384226 46
1694491125985 0.2927235927386135 47
1694491126086 0.24236636477518655 48
1694491126187 0.2616884779798024 49
