1694489313401 -6.304208931570691 0
1694489313536 -5.585368587038653 1
1694489313676 -5.720143901703842 2
1694489313830 -5.634396487599736 3
1694489313972 -5.631611813875386 4
1694489314106 -5.588162020092804 5
1694489314250 -5.748740845777813 6
1694489314399 -5.591929182103726 7
1694489314559 -5.598672209491022 8
1694489314703 -5.591124539703983 9
1694489314843 -5.650595833185618 10
1694489314982 -5.578337541180637 11
1694489315127 -5.584399445202561 12
1694489315270 -5.62426311208153 13
1694489315416 -5.560637016346598 14
1694489315559 -5.70883116292372 15
1694489315705 -5.575143359973067 16
1694489315851 -5.592572652426627 17
1694489315996 -5.679349262885205 18
1694489316141 -5.537943895322768 19
1694489316294 -5.630158431623474 20
1694489316430 -5.520124362437961 21
1694489316574 -5.566170223742511 22
1694489316723 -5.633265959224953 23
1694489316867 -5.588850065092425 24
1694489317011 -5.617951580761941 25
1694489317155 -5.589987004664662 26
1694489317304 -5.725526664429311 27
1694489317450 -5.606117079199115 28
1694489317599 -5.622803918594681 29
1694489317743 -5.579603187006792 30
1694489317888 -5.6607067268343805 31
1694489318032 -5.605683880298168 32
1694489318179 -5.639141941332379 33
1694489318331 -5.590804784628274 34
1694489318495 -5.659610189941266 35
1694489318641 -5.598151516932548 36
1694489318791 -5.6289270585342335 37
1694489318940 -5.563860126936146 38
1694489319078 -5.658158981132471 39
1694489319221 -5.59301063891179 40
1694489319386 -5.608789897227823 41
1694489319534 -5.56683738171039 42
1694489319684 -5.6051950700608835 43
1694489319815 -5.567174139226309 44
1694489319962 -5.5735381398063355 45
1694489320112 -5.641454893368581 46
1694489320261 -5.577164226182821 47
1694489320401 -5.578717074529898 48
1694489320546 -5.572670552006043 49
