1694489313339 4.917750542986833 0
1694489313474 4.06707470661837 1
1694489313611 5.345476288987881 2
1694489313757 5.68306820011567 3
1694489313907 4.910242945697429 4
1694489314047 3.445224178652114 5
1694489314181 3.077074934464571 6
1694489314337 7.191945359233761 7
1694489314484 5.31781960886276 8
1694489314637 2.9506481854410933 9
1694489314783 3.5189421412354784 10
1694489314916 4.633638441990163 11
1694489315059 5.538388606272401 12
1694489315205 3.0657689349063504 13
1694489315349 5.52757033045847 14
1694489315490 4.804585740354069 15
1694489315636 7.262416706751963 16
1694489315783 4.786863505364723 17
1694489315929 5.177021607331814 18
1694489316074 5.539172145346391 19
1694489316223 4.644830967365698 20
1694489316373 3.883444812396347 21
1694489316510 5.977553511576024 22
1694489316658 4.847590300022087 23
1694489316800 7.206810317355088 24
1694489316944 5.639712047170094 25
1694489317089 3.262021741174959 26
1694489317235 2.789839999440788 27
1694489317383 7.256005853006066 28
1694489317529 3.547297806582835 29
1694489317675 4.111402086387643 30
1694489317822 3.271261978381426 31
1694489317966 7.481435398519179 32
1694489318111 4.934520774383029 33
1694489318257 4.063225292866833 34
1694489318423 3.3195975739801615 35
1694489318573 6.120042893866435 36
1694489318720 3.7762744321041906 37
1694489318872 5.916057100724767 38
1694489319019 4.792711630496208 39
1694489319154 6.180212052209247 40
1694489319313 4.319072749459708 41
1694489319469 4.070425778153535 42
1694489319612 2.3115126109165067 43
1694489319757 3.939485877712761 44
1694489319892 4.620981598453643 45
1694489320041 5.322488310819026 46
1694489320195 3.463279120121247 47
1694489320339 3.6396450222496792 48
1694489320479 27.054553954962188 49
