1694490467223 -212.54441438772352 0
1694490467335 -183.09094023143817 1
1694490467450 -157.72280120762352 2
1694490467552 -135.87457071871881 3
1694490467655 -117.05084216205073 4
1694490467754 -100.83787404203858 5
1694490467843 -86.86571282227261 6
1694490467949 -74.82865331130392 7
1694490468047 -64.45689373740267 8
1694490468150 -55.51802883672327 9
1694490468255 -47.81450806258307 10
1694490468352 -41.1735815794373 11
1694490468454 -35.44870516151298 12
1694490468556 -30.513317792796514 13
1694490468653 -26.25707947804071 14
1694490468758 -22.58647444906067 15
1694490468859 -19.41992105100923 16
1694490468960 -16.688660140045684 17
1694490469066 -14.331676100726263 18
1694490469172 -12.29760999155586 19
1694490469271 -10.54189484616301 20
1694490469358 -9.025810735266118 21
1694490469455 -7.716557656130252 22
1694490469556 -6.5854624544446105 23
1694490469660 -5.608540539831965 24
1694490469763 -4.764095599230861 25
1694490469859 -4.033915093608535 26
1694490469945 -3.4023484337319507 27
1694490470039 -2.85609806792126 28
1694490470134 -2.3833403057464677 29
1694490470224 -1.9739070988644203 30
1694490470328 -1.619255423277378 31
1694490470432 -1.3118156640146652 32
1694490470537 -1.0453616690445133 33
1694490470639 -0.8140568607928473 34
1694490470741 -0.6134586409643468 35
1694490470843 -0.4392147324586215 36
1694490470944 -0.287789825325073 37
1694490471038 -0.15616450169599316 38
1694490471134 -0.0415724207738708 39
1694490471222 0.058175083224731194 40
1694490471322 0.14512229508981633 41
1694490471423 0.22093013590860677 42
1694490471529 0.2870848579458727 43
1694490471629 0.3448551929691315 44
1694490471723 0.395448657388879 45
1694490471821 0.43971320731025987 46
1694490471910 0.4784778420567828 47
1694490472002 0.5124765073527762 48
1694490472092 0.5423243476830588 49
