1694490812011 169.0458747395474 0
1694490812143 169.0123660066196 1
1694490812270 168.98221434001545 2
1694490812402 168.95206804551248 3
1694490812564 168.92192715566063 4
1694490812731 168.89179166948858 5
1694490812858 168.8616615860256 6
1694490812984 168.83153690430103 7
1694490813109 168.80141762334443 8
1694490813232 168.77130374218547 9
1694490813371 168.74119525985418 10
1694490813503 168.71109217538051 11
1694490813635 168.68099448779475 12
1694490813758 168.6509021961273 13
1694490813873 168.62081529940883 14
1694490814027 168.5907337966701 15
1694490814148 168.56065768694202 16
1694490814276 168.53058696925575 17
1694490814408 168.5005216426425 18
1694490814538 168.47046170613382 19
1694490814661 168.44040715876136 20
1694490814797 168.41035799955688 21
1694490814925 168.38031422755247 22
1694490815049 168.3502758417802 23
1694490815171 168.32024284127243 24
1694490815296 168.29021522506173 25
1694490815411 168.26019299218072 26
1694490815551 168.23017614166233 27
1694490815695 168.20016467253956 28
1694490815821 168.17015858384562 29
1694490815938 168.14015787461395 30
1694490816075 168.110162543878 31
1694490816186 168.08017259067157 32
1694490816316 168.05018801402855 33
1694490816444 168.02020881298304 34
1694490816577 167.9902349865693 35
1694490816706 167.96026653382174 36
1694490816833 167.93030345377494 37
1694490816968 167.90034574546377 38
1694490817093 167.87039340792302 39
1694490817217 167.84044644018795 40
1694490817339 167.8105048412938 41
1694490817464 167.78056861027602 42
1694490817592 167.75063774617027 43
1694490817742 167.7207122480124 44
1694490817903 167.6907921148384 45
1694490818025 167.66087734568436 46
1694490818159 167.6309679395867 47
1694490818285 167.60106389558186 48
1694490818424 167.57116521270655 49
