1694420506792 169.4281063198635 0
1694420507284 108.53158497727004 1
1694420507641 69.89907699158036 2
1694420508074 45.09766744955079 3
1694420508465 29.16558720020585 4
1694420509006 18.920613929524983 5
1694420509430 12.32487756792108 6
1694420509904 8.070859128036123 7
1694420510440 5.324130989003014 8
1694420510940 3.5460026371714046 9
1694420511527 2.3905439309883962 10
1694420512094 1.6387611085715466 11
1694420512670 1.146257005946984 12
1694420513232 0.82308902300601 13
1694420513783 0.6094537344346584 14
1694420514328 0.4664116757935934 15
1694420514873 0.3709183923393349 16
1694420515436 0.30565480783550936 17
1694420515878 0.26129854681298437 18
1694420516343 0.23062200532058494 19
1694420516790 0.20844587072034865 20
1694420517348 0.19311853606906013 21
1694420517837 0.1816091436609681 22
1694420518332 0.1734946104089194 23
1694420518884 0.1671650166190375 24
1694420519364 0.16260885643346418 25
1694420519858 0.1589348813618583 26
1694420520415 0.15623267287745005 27
1694420521021 0.15400002506585422 28
1694420521588 0.15231920128816548 29
1694420522144 0.150912381378122 30
1694420522688 0.14982445519348161 31
1694420523263 0.14891361515583895 32
1694420523800 0.14818587176604067 33
1694420524308 0.14758446863853888 34
1694420524817 0.14708394900006683 35
1694420525303 0.14668134331222377 36
1694420525938 0.14632865305777015 37
1694420526555 0.14605660507533746 38
1694420527100 0.14580257763327092 39
1694420527584 0.14561768782556653 40
1694420528074 0.14543097331908253 41
1694420528616 0.14530498317831564 42
1694420529190 0.1451651160152413 43
1694420529715 0.14507928966534403 44
1694420530149 0.1449726455070382 45
1694420530702 0.14491438265135106 46
1694420531256 0.14483173510465602 47
1694420531812 0.14479246334622992 48
1694420532327 0.14472746530456784 49
1694420532863 0.14470129606308077 50
1694420533397 0.14464951483779812 51
