1694489697726 161.22763349625868 0
1694489697819 165.28546775813177 1
1694489697920 162.65988290706204 2
1694489698018 160.13227803928396 3
1694489698103 162.55271947800674 4
1694489698201 156.53497982635693 5
1694489698312 151.1852767637645 6
1694489698417 148.39310054299642 7
1694489698518 145.61636310693862 8
1694489698616 141.60929813380483 9
1694489698710 140.47639597729517 10
1694489698801 141.6509743493091 11
1694489698890 139.4104138115414 12
1694489699000 139.17834281649996 13
1694489699104 130.82250594347886 14
1694489699210 130.5884867852346 15
1694489699313 131.25368619603316 16
1694489699417 129.8888755607081 17
1694489699524 128.50948668954635 18
1694489699630 128.1245283707351 19
1694489699751 125.58177426315265 20
1694489699875 123.24681520807543 21
1694489699981 122.2777752756095 22
1694489700119 114.63308309586603 23
1694489700260 119.63926259105594 24
1694489700402 112.74205084363237 25
1694489700549 109.45988056693108 26
1694489700678 111.44487355223752 27
1694489700834 110.01735842590251 28
1694489700953 111.64258475172554 29
1694489701075 109.2701320397797 30
1694489701200 105.88131755640305 31
1694489701323 105.07814378105896 32
1694489701454 102.016190695137 33
1694489701586 99.31925448277367 34
1694489701736 99.90900784009476 35
1694489701858 98.00085731928618 36
1694489701988 97.75286400462282 37
1694489702091 100.16271768372332 38
1694489702196 92.82422219263364 39
1694489702299 93.11469361579512 40
1694489702410 93.69651065490744 41
1694489702542 94.74453472450527 42
1694489702670 87.55199896214133 43
1694489702793 87.17855021520153 44
1694489702930 87.80549176477265 45
1694489703077 86.39417936305529 46
1694489703205 83.84010175209889 47
1694489703318 82.25324361926167 48
1694489703470 82.72506242147396 49
