1694510028625 0.6995123064245861 0
1694510028781 0.840694894455203 1
1694510028959 0.8424637039629511 2
1694510029125 0.8417123393811686 3
1694510029311 0.8410654874123661 4
1694510029476 0.8422557673615662 5
1694510029638 0.840499934638175 6
1694510029819 0.8421218895609058 7
1694510030004 0.8420353637296899 8
1694510030185 0.8426017812053991 9
1694510030366 0.8423889649114433 10
1694510030521 0.8421934453616988 11
1694510030675 0.8422341127433373 12
1694510030842 0.8415419186164876 13
1694510031010 0.8421842172609786 14
1694510031183 0.8417620224233829 15
1694510031365 0.8408273063898121 16
1694510031528 0.8421363555415631 17
1694510031722 0.8414275700562599 18
1694510031896 0.8418276237151372 19
1694510032064 0.841136520208749 20
1694510032235 0.8422151168754967 21
1694510032415 0.842242260705863 22
1694510032589 0.8422984490301026 23
1694510032752 0.8424309811838423 24
1694510032917 0.8417630431323437 25
1694510033080 0.8423324017778022 26
1694510033254 0.8419910770630942 27
1694510033437 0.8413772873566562 28
1694510033593 0.8414443594435714 29
1694510033795 0.8421154747453682 30
1694510033958 0.8422062172266094 31
1694510034108 0.8420187867343942 32
1694510034302 0.841473795275719 33
1694510034489 0.8423027354886611 34
1694510034664 0.8408592955911275 35
1694510034868 0.8411822734203827 36
1694510035046 0.8415064498652276 37
1694510035252 0.8418412833165477 38
1694510035443 0.8409841249200346 39
1694510035622 0.8420185602738453 40
1694510035792 0.8417869730211464 41
1694510035972 0.842448547422217 42
1694510036148 0.8422725920901544 43
1694510036320 0.8420964909815891 44
1694510036520 0.8416861574054118 45
1694510036718 0.8418462792882907 46
1694510036926 0.8420191641640822 47
1694510037101 0.8420807102299868 48
1694510037274 0.8416088677549063 49
