1694510028551 0.02978757569643205 0
1694510028707 0.02985442501416654 1
1694510028885 0.012632184125277078 2
1694510029051 0.09090298809748057 3
1694510029215 0.48546034859837683 4
1694510029400 0.07078784315515504 5
1694510029564 0.01805414477156324 6
1694510029744 0.09045139820000231 7
1694510029932 0.14296773638115207 8
1694510030107 0.05495903239106984 9
1694510030287 0.06089201797469433 10
1694510030449 0.006920203232168358 11
1694510030603 0.03270368329762596 12
1694510030767 0.1714568068930107 13
1694510030929 0.27713180779557955 14
1694510031102 0.07175074341249939 15
1694510031267 0.00010207674396890317 16
1694510031448 0.7503415015005914 17
1694510031643 0.005010762777922573 18
1694510031814 0.2028428203890081 19
1694510031982 0.011590578570527777 20
1694510032150 0.0459765580870883 21
1694510032328 0.529448504774327 22
1694510032513 0.0024899945712648364 23
1694510032673 0.052625620231686376 24
1694510032840 0.11799070643506804 25
1694510033001 0.28965647151602003 26
1694510033179 0.0011064957917251643 27
1694510033362 0.15422430023208708 28
1694510033516 0.04050032517363478 29
1694510033718 0.0036913580730730824 30
1694510033884 0.26302163111028054 31
1694510034036 0.012334176591277893 32
1694510034220 0.0012549128697100182 33
1694510034402 0.05242736489222364 34
1694510034582 0.07731232335957394 35
1694510034762 0.04895976430022643 36
1694510034957 1.8774593587911264 37
1694510035158 0.07619102107597907 38
1694510035359 0.03018451905566146 39
1694510035540 0.0035886628269717604 40
1694510035707 0.1963626166000546 41
1694510035889 0.0018852054864877904 42
1694510036066 0.04722901825479215 43
1694510036234 0.2158648751628146 44
1694510036427 0.07012336181863997 45
1694510036617 0.008889252002461039 46
1694510036832 0.001077795526477166 47
1694510037018 0.14015564677452003 48
1694510037188 0.11071536318404085 49
