1694508373140 -199.90767159669517 0
1694508373263 -172.50908057399232 1
1694508373390 -149.23060117120502 2
1694508373519 -129.42602200539616 3
1694508373642 -112.55373332940923 4
1694508373762 -98.16014652474126 5
1694508373883 -85.86089690406048 6
1694508374002 -75.33514455006443 7
1694508374135 -66.31229468308999 8
1694508374259 -58.564769046024594 9
1694508374384 -51.89980203024887 10
1694508374509 -46.15578353063161 11
1694508374629 -41.19675251398642 12
1694508374746 -36.90659856600194 13
1694508374864 -33.188022480284104 14
1694508374991 -29.958354181066536 15
1694508375126 -27.148057516418227 16
1694508375257 -24.697130529284383 17
1694508375383 -22.556079397369597 18
1694508375524 -20.68134080934144 19
1694508375648 -19.036612389359792 20
1694508375774 -17.5908518105519 21
1694508375902 -16.317315390657658 22
1694508376026 -15.193226363105442 23
1694508376175 -14.199164152097019 24
1694508376315 -13.318733252340232 25
1694508376453 -12.537275686681966 26
1694508376592 -11.842784446666824 27
1694508376734 -11.224214212203222 28
1694508376870 -10.672056166973908 29
1694508377009 -10.179347025538833 30
1694508377135 -9.738149468746025 31
1694508377261 -9.342924196112852 32
1694508377414 -8.988246378692235 33
1694508377551 -8.669453941325017 34
1694508377683 -8.382909126729583 35
1694508377812 -8.12503220013465 36
1694508377943 -7.892539591508749 37
1694508378092 -7.682564568559005 38
1694508378231 -7.4930335062285955 39
1694508378363 -7.321636558740998 40
1694508378497 -7.166615941176509 41
1694508378630 -7.026041437882501 42
1694508378771 -6.898728385890612 43
1694508378905 -6.783402670694221 44
1694508379065 -6.678763381532622 45
1694508379200 -6.5835144385881845 46
1694508379347 -6.497153224034168 47
1694508379496 -6.4187051138309466 48
1694508379636 -6.347348282127721 49
