1694508373057 145.03730235976107 0
1694508373181 127.79603378352174 1
1694508373305 111.69627157262853 2
1694508373435 96.60681909797293 3
1694508373561 84.93524972735806 4
1694508373682 70.19889013001577 5
1694508373802 64.78445374180863 6
1694508373924 57.91284349440947 7
1694508374041 49.85918238720513 8
1694508374181 42.171512341101725 9
1694508374302 37.78293638218169 10
1694508374427 34.629875208073564 11
1694508374552 30.921805801772113 12
1694508374669 26.7166236064302 13
1694508374786 23.894167925914946 14
1694508374906 22.932069145534516 15
1694508375036 20.66754030788884 16
1694508375170 19.902509368289724 17
1694508375300 16.861716714142425 18
1694508375423 15.649040000171068 19
1694508375567 14.327778783393851 20
1694508375691 13.333404707598408 21
1694508375818 12.571023327307278 22
1694508375945 11.735077108921587 23
1694508376075 10.855185445844745 24
1694508376222 9.978714730408138 25
1694508376362 9.914860858589552 26
1694508376503 8.644112768073462 27
1694508376641 9.085885002361879 28
1694508376781 8.903337681616865 29
1694508376914 7.454840615863371 30
1694508377057 8.100786170822367 31
1694508377181 7.161553776684462 32
1694508377315 7.237799336963646 33
1694508377462 7.292626421168403 34
1694508377591 6.829972219678692 35
1694508377731 6.570709174584851 36
1694508377853 6.019411014762739 37
1694508378000 6.105767434462709 38
1694508378139 6.232912021575749 39
1694508378273 6.263002758251974 40
1694508378407 5.636888908908954 41
1694508378546 6.223500379390689 42
1694508378679 5.7292874249137995 43
1694508378816 5.437717179303507 44
1694508378960 5.230836790412501 45
1694508379115 5.49631665304069 46
1694508379253 5.4408155749505 47
1694508379393 5.449339290103144 48
1694508379547 5.44546337376431 49
