1694508612090 -232.20599819499705 0
1694508612249 -231.74420548390268 1
1694508612422 -231.2834193064784 2
1694508612580 -230.8236374338457 3
1694508612766 -230.36485758609263 4
1694508612937 -229.9070774886025 5
1694508613104 -229.45029487204098 6
1694508613288 -228.9945074723434 7
1694508613490 -228.5397130307026 8
1694508613652 -228.08590929355643 9
1694508613820 -227.6330940125756 10
1694508613968 -227.18126494465113 11
1694508614139 -226.73041985188217 12
1694508614316 -226.28055650156395 13
1694508614516 -225.8316726661752 14
1694508614699 -225.38376612336629 15
1694508614895 -224.93683465594697 16
1694508615092 -224.4908760518742 17
1694508615267 -224.04588810424016 18
1694508615447 -223.60186861126002 19
1694508615671 -223.15881537625984 20
1694508615853 -222.71672620766498 21
1694508616059 -222.27559891898767 22
1694508616266 -221.83543132881533 23
1694508616451 -221.3962212607984 24
1694508616652 -220.95796654363866 25
1694508616833 -220.5206650110772 26
1694508617003 -220.08431450188286 27
1694508617172 -219.6489128598399 28
1694508617344 -219.2144579337367 29
1694508617575 -218.78094757735386 30
1694508617766 -218.34837964945226 31
1694508617963 -217.91675201376174 32
1694508618174 -217.48606253896912 33
1694508618376 -217.05630909870646 34
1694508618571 -216.62748957153997 35
1694508618739 -216.1996018409578 36
1694508618924 -215.77264379535885 37
1694508619154 -215.34661332804103 38
1694508619362 -214.92150833719012 39
1694508619547 -214.49732672586765 40
1694508619720 -214.07406640200006 41
1694508619898 -213.65172527836685 42
1694508620072 -213.23030127258954 43
1694508620263 -212.80979230711984 44
1694508620424 -212.39019630922877 45
1694508620593 -211.97151121099515 46
1694508620755 -211.55373494929404 47
1694508620918 -211.13686546578597 48
1694508621079 -210.72090070690524 49
