1694490348645 -53.93518681633478 0
1694490348758 -11.7271329707313 1
1694490348859 -2.170652251367646 2
1694490348962 0.04780266756681928 3
1694490349066 0.5908753052313362 4
1694490349178 0.7341048705341786 5
1694490349293 0.777336440969278 6
1694490349382 0.791628442654323 7
1694490349471 0.7965624357248595 8
1694490349558 0.7986286167732453 9
1694490349647 0.799033533269941 10
1694490349749 0.8003231865937048 11
1694490349851 0.8013344021456357 12
1694490349960 0.8016626275265233 13
1694490350065 0.801383745691077 14
1694490350170 0.8015004635517297 15
1694490350273 0.8026767807057932 16
1694490350371 0.802113803412061 17
1694490350471 0.8017670777547932 18
1694490350569 0.8012719931380299 19
1694490350672 0.802610408944208 20
1694490350779 0.8017386670649813 21
1694490350884 0.8012364151471434 22
1694490350994 0.8009484315318263 23
1694490351086 0.8011668819770555 24
1694490351191 0.8008791807619606 25
1694490351293 0.8013346885528885 26
1694490351382 0.800508016968494 27
1694490351476 0.8019382473749688 28
1694490351571 0.8013624870414531 29
1694490351672 0.8000950800674786 30
1694490351801 0.8004783886349357 31
1694490351946 0.8006342782631066 32
1694490352057 0.8010489849701466 33
1694490352174 0.800522619518681 34
1694490352547 0.8004675311019476 35
1694490352754 0.8010036597482969 36
1694490352868 0.8009896497830363 37
1694490352988 0.8005750146520143 38
1694490353136 0.8014186290775334 39
1694490353270 0.7995777994072267 40
1694490353399 0.8014005684222912 41
1694490353527 0.8029495028474656 42
1694490353685 0.8021463135415242 43
1694490353818 0.8029016914726239 44
1694490353924 0.8036179998099079 45
1694490354042 0.8022216853158681 46
1694490354189 0.8013862107469392 47
1694490354362 0.8008026888731894 48
1694490354517 0.8003600373059047 49
