1694490348585 39.82913422508124 0
1694490348686 9.5139939899884 1
1694490348793 2.1436611805574475 2
1694490348894 0.6182576107777217 3
1694490348997 0.3318586544672935 4
1694490349104 0.23024445602333596 5
1694490349218 0.19116846672388188 6
1694490349323 0.17330173917500521 7
1694490349412 0.17108859390698908 8
1694490349501 0.20295941101936507 9
1694490349588 0.10085666974449067 10
1694490349681 0.13146357168287895 11
1694490349785 0.12392402035839739 12
1694490349886 0.20652874996548445 13
1694490349997 0.09281130823264988 14
1694490350100 0.13512403442957988 15
1694490350205 0.1816738828828701 16
1694490350304 0.1518215157954612 17
1694490350407 0.10591999174841271 18
1694490350500 0.12594255626502834 19
1694490350604 0.266707102473874 20
1694490350708 0.19696123576850116 21
1694490350810 0.14786543383952272 22
1694490350917 0.1799140287804024 23
1694490351028 0.13402319733163018 24
1694490351118 0.18045939942221856 25
1694490351226 0.11774746405468405 26
1694490351323 0.16599501706858388 27
1694490351413 0.17371097178904088 28
1694490351511 0.1780838967519891 29
1694490351601 0.11969702779610941 30
1694490351717 0.16818924729484427 31
1694490351858 0.14278221163166863 32
1694490351985 0.14857455724247612 33
1694490352091 0.1377886951723705 34
1694490352252 0.1324410672447439 35
1694490352643 0.11451496487669427 36
1694490352797 0.19554139582572017 37
1694490352906 0.11748781621808345 38
1694490353032 0.20531922434267694 39
1694490353195 0.1702101873595357 40
1694490353312 0.20726136514971386 41
1694490353439 0.12631245702601882 42
1694490353582 0.1340632456385699 43
1694490353731 0.13823319085077063 44
1694490353854 0.18641824442018826 45
1694490353960 0.20168044816121541 46
1694490354087 0.10039977675310086 47
1694490354253 0.1704755456461066 48
1694490354412 0.11101019054540182 49
