1694509110324 -114.93276358097646 0
1694509110500 -54.430115084044736 1
1694509110665 -25.67530327489407 2
1694509110831 -11.967770725556969 3
1694509111028 -5.409054216744762 4
1694509111198 -2.253727798172242 5
1694509111366 -0.7241919779956105 6
1694509111550 0.02419468499968991 7
1694509111735 0.39506245478208624 8
1694509111914 0.583123752748983 9
1694509112083 0.6796893409039075 10
1694509112278 0.7315680317301119 11
1694509112467 0.7595230011709185 12
1694509112647 0.7753271853077262 13
1694509112847 0.7845171525347604 14
1694509113030 0.7906373811538531 15
1694509113210 0.7940152857459375 16
1694509113416 0.7962287636287254 17
1694509113594 0.7977374438034829 18
1694509113778 0.7987402725942485 19
1694509113954 0.799442217888793 20
1694509114119 0.8001337875450562 21
1694509114312 0.800527344340127 22
1694509114495 0.8005755999462472 23
1694509114675 0.8003698695976319 24
1694509114847 0.8003875855796068 25
1694509115033 0.800563772714656 26
1694509115206 0.8008950731691349 27
1694509115399 0.8008516597741072 28
1694509115594 0.8012950548774208 29
1694509115761 0.8009173133164929 30
1694509115936 0.8009126015616634 31
1694509116107 0.8011778398836992 32
1694509116291 0.8011882373683884 33
1694509116457 0.8010820617300731 34
1694509116625 0.801311083752284 35
1694509116810 0.8015763993061202 36
1694509117000 0.8014823968949081 37
1694509117161 0.8013188788107267 38
1694509117339 0.8015812160973537 39
1694509117513 0.8015951525198515 40
1694509117701 0.801275454581423 41
1694509117867 0.8013628900136859 42
1694509118039 0.801224501958987 43
1694509118202 0.800895460173981 44
1694509118375 0.8009881564655266 45
1694509118548 0.8009737972673876 46
1694509118740 0.8011621662541452 47
1694509118907 0.8012275146302223 48
1694509119083 0.8014114046952007 49
