1694508734061 169.79033055152985 0
1694508734227 169.7563400972206 1
1694508734392 169.7223571337176 2
1694508734573 169.6883816593013 3
1694508734752 169.65441367225276 4
1694508734934 169.62045317085335 5
1694508735096 169.5865001533849 6
1694508735250 169.5525546181296 7
1694508735445 169.51861656337002 8
1694508735624 169.48468598738924 9
1694508735803 169.45076288847056 10
1694508735973 169.41684726489788 11
1694508736128 169.3829391149554 12
1694508736274 169.34903843692774 13
1694508736428 169.31514522909993 14
1694508736600 169.28125948975736 15
1694508736773 169.24738121718588 16
1694508736930 169.2135104096717 17
1694508737104 169.17964706550146 18
1694508737276 169.14579118296223 19
1694508737457 169.1119427603414 20
1694508737660 169.0781017959268 21
1694508737825 169.04426828800678 22
1694508737989 169.01044223486986 23
1694508738141 168.97662363480512 24
1694508738303 168.94281248610204 25
1694508738459 168.90900878705042 26
1694508738635 168.87521253594053 27
1694508738814 168.841423731063 28
1694508738979 168.80764237070892 29
1694508739151 168.77386845316974 30
1694508739323 168.7401019767373 31
1694508739480 168.70634293970383 32
1694508739648 168.672591340362 33
1694508739851 168.63884717700492 34
1694508740016 168.60511044792602 35
1694508740171 168.5713811514191 36
1694508740321 168.53765928577852 37
1694508740478 168.50394484929882 38
1694508740643 168.47023784027513 39
1694508740814 168.43653825700295 40
1694508741000 168.40284609777808 41
1694508741156 168.3691613608968 42
1694508741301 168.33548404465574 43
1694508741467 168.30181414735202 44
1694508741621 168.26815166728306 45
1694508741787 168.2344966027468 46
1694508741980 168.20084895204135 47
1694508742135 168.16720871346547 48
1694508742292 168.1335758853182 49
