1694490967197 0.37320644625502586 0
1694490967331 0.10082405072382658 1
1694490967459 0.005260385769633408 2
1694490967599 0.31578911550257815 3
1694490967746 0.18841703486917963 4
1694490967878 0.03331918817795841 5
1694490968012 0.003101953245942009 6
1694490968155 0.3437655449836718 7
1694490968295 0.014910199423334101 8
1694490968429 0.029749202204414533 9
1694490968570 0.05289274839584505 10
1694490968704 0.003708203149394128 11
1694490968833 0.05176466253638186 12
1694490968973 0.020466931399981292 13
1694490969129 0.009113919804266995 14
1694490969266 0.23674988185718113 15
1694490969410 0.05602527565502164 16
1694490969562 0.03378211446478215 17
1694490969697 0.05399348660643778 18
1694490969840 0.0059343405234655745 19
1694490969989 0.0006360492772446219 20
1694490970134 0.00041405164524131873 21
1694490970284 0.07406303202876074 22
1694490970429 0.044046719053086235 23
1694490970578 0.09574226891729544 24
1694490970711 0.05625006512173297 25
1694490970854 0.0017208273248233968 26
1694490970998 0.10314073491865952 27
1694490971147 0.0012367584476262934 28
1694490971293 0.09479316122461434 29
1694490971442 1.5150542826349533e-06 30
1694490971591 0.20230851498277463 31
1694490971727 0.4593422633314216 32
1694490971862 0.025435831703784714 33
1694490971992 0.09930676085373143 34
1694490972127 0.11552394027426513 35
1694490972269 0.043169058621330345 36
1694490972412 1.2123027095450623 37
1694490972561 0.6533807255687006 38
1694490972691 0.09480760645150868 39
1694490972838 0.06092432357157315 40
1694490972983 0.001950195957178934 41
1694490973125 0.01003653690448228 42
1694490973270 0.003311640118570537 43
1694490973408 0.2612618295247389 44
1694490973552 0.005480420011778672 45
1694490973705 0.0027764917688944076 46
1694490973855 0.196428319413809 47
1694490973997 0.0016471765351744382 48
1694490974145 0.008881083688216973 49
