1694490603286 -246.10004534489755 0
1694490603522 -246.05111426374418 1
1694490603724 -246.00219292420255 2
1694490603904 -245.95329394806646 3
1694490604073 -245.9043920833619 4
1694490604259 -245.8554999544391 5
1694490604445 -245.80661755935537 6
1694490604630 -245.75774489616833 7
1694490604803 -245.7088945800908 8
1694490604963 -245.66004137231758 9
1694490605145 -245.61119789061686 10
1694490605331 -245.56236413304794 11
1694490605513 -245.5135527097926 12
1694490605658 -245.46473839211302 13
1694490605821 -245.41593379274568 14
1694490605966 -245.3671389097513 15
1694490606110 -245.31835374119117 16
1694490606261 -245.26959089067068 17
1694490606398 -245.22082514261157 18
1694490606531 -245.17206910317284 19
1694490606670 -245.1233227704173 20
1694490606794 -245.07458614240804 21
1694490606919 -245.0258718161769 22
1694490607046 -244.9771545892997 23
1694490607174 -244.9284470613608 24
1694490607310 -244.87974923042486 25
1694490607476 -244.83107368849872 26
1694490607598 -244.78239524321378 27
1694490607737 -244.7337264891285 28
1694490607861 -244.68506742430915 29
1694490607991 -244.6364180468223 30
1694490608120 -244.58779094210578 31
1694490608249 -244.5391609309356 32
1694490608354 -244.49054060130058 33
1694490608491 -244.4419299512686 34
1694490608619 -244.39332897890824 35
1694490608749 -244.34475026309113 36
1694490608884 -244.29616863773268 37
1694490609016 -244.24759668425418 38
1694490609136 -244.19903440072568 39
1694490609261 -244.15049436099946 40
1694490609393 -244.101951409035 41
1694490609538 -244.0534181212335 42
1694490609688 -244.00489449566652 43
1694490609813 -243.95638053040597 44
1694490609940 -243.90788879274263 45
1694490610065 -243.859394139766 46
1694490610202 -243.81090914131462 47
1694490610333 -243.76243379546193 48
1694490610471 -243.71396810028187 49
