1694490603144 169.08902758239503 0
1694490603331 169.05522994508772 1
1694490603580 169.02172182707838 2
1694490603767 168.98822038311633 3
1694490603955 168.95472332169624 4
1694490604130 168.9212352222879 5
1694490604308 168.88775379293133 6
1694490604502 168.85427903229532 7
1694490604676 168.82081093904884 8
1694490604846 168.78734722269215 9
1694490605012 168.7538924606876 10
1694490605198 168.72044436208108 11
1694490605388 168.68700292554263 12
1694490605561 168.6535658615368 13
1694490605707 168.62013774560035 14
1694490605864 168.58671628774368 15
1694490606009 168.55330148663796 16
1694490606152 168.5198933409546 17
1694490606303 168.48648956216184 18
1694490606435 168.45309472379247 19
1694490606568 168.41970653686116 20
1694490606706 168.38632500004036 21
1694490606828 168.35295011200276 22
1694490606964 168.31957958521954 23
1694490607086 168.28621799122135 24
1694490607217 168.25286304202598 25
1694490607353 168.21951473630733 26
1694490607516 168.1861707874985 27
1694490607641 168.15283576520892 28
1694490607775 168.11950738241887 29
1694490607896 168.08618563780323 30
1694490608024 168.05287053003707 31
1694490608149 168.01955977355456 32
1694490608285 167.9862579359667 33
1694490608395 167.9529627312551 34
1694490608531 167.919674158096 35
1694490608661 167.88639221516576 36
1694490608790 167.85311461789888 37
1694490608923 167.81984593190938 38
1694490609055 167.78658387217965 39
1694490609170 167.753328437387 40
1694490609302 167.72007734392577 41
1694490609427 167.6868351554933 42
1694490609584 167.65359958803197 43
1694490609728 167.6203706402203 44
1694490609855 167.58714831073715 45
1694490609974 167.55393031697506 46
1694490610103 167.52072122063822 47
1694490610235 167.48751873866783 48
1694490610371 167.45432286974372 49
