1694489824647 -242.56123674970982 0
1694489824788 -242.51251100903033 1
1694489824926 -242.4637959980971 2
1694489825079 -242.4150917144492 3
1694489825210 -242.36639815562606 4
1694489825332 -242.31771531916797 5
1694489825466 -242.26904320261553 6
1694489825614 -242.2203818035101 7
1694489825752 -242.17173111939348 8
1694489825877 -242.12309114780828 9
1694489825997 -242.0744618862974 10
1694489826126 -242.0258433324045 11
1694489826248 -241.97723548367367 12
1694489826380 -241.92863833764986 13
1694489826507 -241.88005189187817 14
1694489826633 -241.83147614390472 15
1694489826767 -241.78291109127593 16
1694489826901 -241.73435673153878 17
1694489827026 -241.68581306224095 18
1694489827154 -241.6372800809307 19
1694489827283 -241.58875778515682 20
1694489827405 -241.5402461724686 21
1694489827537 -241.49174524041604 22
1694489827663 -241.44325498654968 23
1694489827793 -241.39477540842054 24
1694489827921 -241.34630650358028 25
1694489828047 -241.2978482695812 26
1694489828178 -241.2494007039761 27
1694489828315 -241.20096380431832 28
1694489828448 -241.15253756816188 29
1694489828570 -241.10412199306128 30
1694489828706 -241.0557170765716 31
1694489828836 -241.00732281624857 32
1694489828962 -240.95893920964843 33
1694489829084 -240.91056625432805 34
1694489829208 -240.86220394784473 35
1694489829351 -240.81385228775648 36
1694489829491 -240.76551127162196 37
1694489829628 -240.71718089700016 38
1694489829750 -240.66886116145085 39
1694489829874 -240.62055206253424 40
1694489830000 -240.57225359781114 41
1694489830123 -240.5239657648431 42
1694489830240 -240.475688561192 43
1694489830366 -240.42742198442042 44
1694489830484 -240.3791660320914 45
1694489830609 -240.3309207017688 46
1694489830736 -240.2826859910168 47
1694489830871 -240.23446189740022 48
1694489830997 -240.18624841848452 49
