1694489824557 169.34901212942756 0
1694489824688 169.31513570535824 1
1694489824822 169.28126674291556 2
1694489824976 169.24740524038745 3
1694489825124 169.21355119606233 4
1694489825247 169.17970460822886 5
1694489825370 169.14586547517627 6
1694489825507 169.11203379519398 7
1694489825652 169.07820956657213 8
1694489825787 169.0443927876009 9
1694489825912 169.0105834565711 10
1694489826026 168.976781571774 11
1694489826163 168.942987131501 12
1694489826288 168.90920013404414 13
1694489826419 168.8754205776958 14
1694489826540 168.84164846074864 15
1694489826669 168.80788378149592 16
1694489826807 168.77412653823117 17
1694489826936 168.7403767292483 18
1694489827059 168.70663435284177 19
1694489827192 168.67289940730626 20
1694489827321 168.639171890937 21
1694489827439 168.60545180202953 22
1694489827576 168.57173913887976 23
1694489827701 168.53803389978418 24
1694489827833 168.50433608303942 25
1694489827959 168.4706456869427 26
1694489828084 168.43696270979163 27
1694489828219 168.40328714988405 28
1694489828356 168.36961900551844 29
1694489828489 168.33595827499357 30
1694489828611 168.30230495660854 31
1694489828742 168.2686590486629 32
1694489828874 168.23502054945666 33
1694489829001 168.20138945729013 34
1694489829124 168.1677657704641 35
1694489829249 168.13414948727973 36
1694489829392 168.10054060603858 37
1694489829530 168.06693912504255 38
1694489829662 168.03334504259408 39
1694489829788 167.99975835699587 40
1694489829907 167.9661790665511 41
1694489830039 167.93260716956323 42
1694489830158 167.89904266433632 43
1694489830280 167.86548554917465 44
1694489830401 167.831935822383 45
1694489830525 167.7983934822665 46
1694489830648 167.76485852713068 47
1694489830772 167.73133095528144 48
1694489830906 167.69781076502522 49
