1694490456314 -51.663196963949055 0
1694490456416 -11.207271892017351 1
1694490456519 -2.040385980462743 2
1694490456613 0.08476208731212931 3
1694490456709 0.5995835897161416 4
1694490456825 0.7364626382520978 5
1694490456937 0.7766235905844325 6
1694490457054 0.7889369234503671 7
1694490457161 0.7939681702333914 8
1694490457263 0.7969591198486012 9
1694490457370 0.7993007685106619 10
1694490457480 0.7985258518325632 11
1694490457583 0.7992581903052434 12
1694490457690 0.7996922267522644 13
1694490457791 0.7993850387817587 14
1694490457892 0.7984955174289443 15
1694490457984 0.7995094521932413 16
1694490458075 0.7995912425173715 17
1694490458169 0.7999577285306763 18
1694490458274 0.7985146920690501 19
1694490458373 0.7984242793709126 20
1694490458484 0.7985571331267376 21
1694490458596 0.7981196984433294 22
1694490458692 0.7982373948548189 23
1694490458789 0.7992770642614007 24
1694490458881 0.7994488020917743 25
1694490458973 0.7985968122528587 26
1694490459065 0.7989092376391391 27
1694490459166 0.7983259317288671 28
1694490459268 0.7984615290370827 29
1694490459358 0.7994062021736665 30
1694490459458 0.7990203976262934 31
1694490459564 0.7989232087919607 32
1694490459664 0.7982562724933057 33
1694490459764 0.7998941983920763 34
1694490459868 0.8002893710189124 35
1694490459969 0.799152840985827 36
1694490460062 0.7981846355675888 37
1694490460166 0.798442854255851 38
1694490460267 0.7991473260317455 39
1694490460365 0.7985814850306199 40
1694490460467 0.7990382394874109 41
1694490460569 0.7990147496353026 42
1694490460671 0.7990931992864985 43
1694490460764 0.7993897670151069 44
1694490460866 0.7990882148190342 45
1694490460968 0.7977709058856334 46
1694490461066 0.797476771760762 47
1694490461164 0.7983419021378588 48
1694490461265 0.7992505068324791 49
