1694490456247 39.213378205196165 0
1694490456349 9.07264871276991 1
1694490456451 2.2400003313739703 2
1694490456554 0.5801297356466543 3
1694490456643 0.27769183612257914 4
1694490456749 0.14957570442220156 5
1694490456864 0.12833649471694467 6
1694490456978 0.14288908124996108 7
1694490457095 0.10548399407260402 8
1694490457196 0.10017464602065015 9
1694490457299 0.11901189199802405 10
1694490457406 0.13343477965101871 11
1694490457516 0.20609057430907432 12
1694490457621 0.11101293015680659 13
1694490457725 0.06717686100345129 14
1694490457826 0.09872284582038438 15
1694490457922 0.23596924988466997 16
1694490458014 0.08771696640506024 17
1694490458104 0.12301055572034277 18
1694490458208 0.11187152594435731 19
1694490458308 0.18767792916758735 20
1694490458407 0.16757701765271926 21
1694490458523 0.1026950399109297 22
1694490458631 0.11239364387112794 23
1694490458721 0.12617249826311597 24
1694490458825 0.14476904038688757 25
1694490458911 0.08961176958044224 26
1694490459002 0.14392936638371037 27
1694490459099 0.17864548969591343 28
1694490459201 0.11059725486168409 29
1694490459302 0.20390492325197676 30
1694490459390 0.16075598925457718 31
1694490459497 0.14932147314130714 32
1694490459597 0.16865937395729985 33
1694490459701 0.19001191937691822 34
1694490459798 0.1446007983635583 35
1694490459903 0.11078940792861812 36
1694490460004 0.15630515007906629 37
1694490460097 0.13299474280412954 38
1694490460202 0.08397741681599552 39
1694490460298 0.12952366088773382 40
1694490460401 0.14835734762368438 41
1694490460502 0.16479760615792602 42
1694490460603 0.14613191924889432 43
1694490460705 0.2250192408633755 44
1694490460801 0.13036157301304901 45
1694490460902 0.1254674775477701 46
1694490461002 0.12686650228334628 47
1694490461097 0.117729963513164 48
1694490461198 0.10441124576172556 49
