1694508673703 -227.45674322339318 0
1694508673858 -222.91715879496488 1
1694508674020 -218.4768992967342 2
1694508674217 -214.13370107083233 3
1694508674405 -209.88535324425428 4
1694508674565 -205.72969648269913 5
1694508674762 -201.66462177402602 6
1694508674942 -197.6880692406179 7
1694508675092 -193.7980269799651 8
1694508675245 -189.9925299327946 9
1694508675407 -186.26965877808843 10
1694508675571 -182.62753885435043 11
1694508675742 -179.06433910649477 12
1694508675908 -175.57827105774578 13
1694508676090 -172.16758780595248 14
1694508676249 -168.830583043736 15
1694508676415 -165.56559010190165 16
1694508676591 -162.3709810155605 17
1694508676748 -159.2451656124204 18
1694508676922 -156.18659062271632 19
1694508677057 -153.19373881026593 20
1694508677215 -150.2651281241456 21
1694508677377 -147.39931087049644 22
1694508677543 -144.59487290397956 23
1694508677711 -141.85043283841358 24
1694508677862 -139.1646412761366 25
1694508678028 -136.53618005564613 26
1694508678200 -133.96376151708273 27
1694508678381 -131.44612778513087 28
1694508678545 -128.9820500689233 29
1694508678727 -126.57032797854306 30
1694508678899 -124.20978885772831 31
1694508679062 -121.8992871323937 32
1694508679232 -119.63770367459207 33
1694508679409 -117.42394518154819 34
1694508679578 -115.25694356940625 35
1694508679767 -113.13565538134031 36
1694508679958 -111.05906120968594 37
1694508680124 -109.02616513175921 38
1694508680315 -107.03599415903716 39
1694508680490 -105.08759769938179 40
1694508680643 -103.18004703199682 41
1694508680824 -101.31243479481476 42
1694508681013 -99.48387448401768 43
1694508681168 -97.69349996540348 44
1694508681334 -95.94046499731574 45
1694508681477 -94.22394276486177 46
1694508681613 -92.54312542515041 47
1694508681782 -90.89722366328752 48
1694508681959 -89.28546625887307 49
