1694489452909 -6.317591475633813 0
1694489453052 -5.564766837238773 1
1694489453197 -5.618761458082453 2
1694489453352 -5.583184029734883 3
1694489453492 -5.601976156492685 4
1694489453637 -5.642203994657171 5
1694489453784 -5.593083082323738 6
1694489453929 -5.615110433573728 7
1694489454088 -5.570789796577053 8
1694489454232 -5.538528001374231 9
1694489454366 -5.642074779472878 10
1694489454497 -5.6354129319039155 11
1694489454642 -5.634916521943286 12
1694489454789 -5.6136364606327875 13
1694489454937 -5.653992114907991 14
1694489455072 -5.6359175437581275 15
1694489455201 -5.55762480370358 16
1694489455345 -5.531443801159031 17
1694489455493 -5.6324760259405835 18
1694489455634 -5.6214910517432894 19
1694489455782 -5.574561986962351 20
1694489455925 -5.579284469827359 21
1694489456070 -5.655885735155466 22
1694489456217 -5.576187832575935 23
1694489456362 -5.637667715459758 24
1694489456504 -5.584948369489468 25
1694489456636 -5.546970943218795 26
1694489456786 -5.605844824638207 27
1694489456931 -5.612932731410156 28
1694489457064 -5.634213792613857 29
1694489457207 -5.634047045543034 30
1694489457348 -5.630720637261362 31
1694489457486 -5.660762054472189 32
1694489457629 -5.599174966411004 33
1694489457772 -5.623375071916554 34
1694489457918 -5.515902804834502 35
1694489458060 -5.643012058380162 36
1694489458203 -5.606781426114774 37
1694489458350 -5.566414097616554 38
1694489458497 -5.614935735581674 39
1694489458644 -5.593794508141758 40
1694489458788 -5.625972522970433 41
1694489458935 -5.599545623793127 42
1694489459075 -5.628218399961547 43
1694489459219 -5.616533783441368 44
1694489459367 -5.534814022199239 45
1694489459507 -5.597902647425516 46
1694489459656 -5.601545514689238 47
1694489459803 -5.638104897353925 48
1694489459951 -5.598747970247849 49
