1694489452840 3.1080777345954393 0
1694489452985 5.184832302795307 1
1694489453130 4.988658947305507 2
1694489453278 5.12212726728688 3
1694489453426 5.755830626407162 4
1694489453572 4.637785802740965 5
1694489453715 3.703273180697604 6
1694489453862 5.033479363121996 7
1694489454020 4.86536268433202 8
1694489454166 5.896360118700673 9
1694489454307 4.896225720512935 10
1694489454440 5.492929481656383 11
1694489454579 4.953467633583433 12
1694489454722 5.127898278321288 13
1694489454869 5.05872528422776 14
1694489455012 4.9368343716912575 15
1694489455144 7.197530298699075 16
1694489455278 5.6092885240009025 17
1694489455424 6.10941071800696 18
1694489455571 5.756047447534827 19
1694489455714 6.610862899182877 20
1694489455860 3.4406383756718752 21
1694489456004 4.0275734662294 22
1694489456149 6.595957001825538 23
1694489456295 6.339678900958844 24
1694489456440 5.417793263206874 25
1694489456577 4.524255825811748 26
1694489456717 2.3260835737555925 27
1694489456874 4.2082359340452715 28
1694489457006 4.284567233397889 29
1694489457140 6.573831775494513 30
1694489457286 4.1140867483327295 31
1694489457423 4.001712010602323 32
1694489457568 4.862461941113699 33
1694489457707 4.7022356012687085 34
1694489457851 6.841202399427366 35
1694489457995 7.840986264274964 36
1694489458137 5.79583971706658 37
1694489458283 5.973036660894107 38
1694489458430 4.661085934880744 39
1694489458578 3.3431522225384316 40
1694489458724 3.8699873700419376 41
1694489458865 5.49253460673393 42
1694489459015 4.376996476521034 43
1694489459151 5.485315011703047 44
1694489459297 2.7334782998288643 45
1694489459446 3.9856482893456655 46
1694489459590 1.9950560252083864 47
1694489459735 2.2701421902657155 48
1694489459884 4.501412285184801 49
