1694490593708 -242.1228281196216 0
1694490593827 -241.64069183571962 1
1694490594005 -241.15951617966485 2
1694490594155 -240.6792992333589 3
1694490594310 -240.20003908253855 4
1694490594431 -239.7217338167681 5
1694490594555 -239.2443815294314 6
1694490594687 -238.76798031772464 7
1694490594808 -238.2925282826482 8
1694490594930 -237.8180235289996 9
1694490595065 -237.34446416536548 10
1694490595198 -236.87184830411428 11
1694490595319 -236.40017406138836 12
1694490595449 -235.92943955709683 13
1694490595582 -235.4596429149077 14
1694490595701 -234.9907822622405 15
1694490595832 -234.5228557302588 16
1694490595963 -234.05586145386263 17
1694490596096 -233.5897975716811 18
1694490596235 -233.12466222606463 19
1694490596385 -232.66045356307808 20
1694490596513 -232.19716973249274 21
1694490596634 -231.7348088877793 22
1694490596747 -231.27336918610013 23
1694490596879 -230.8128487883023 24
1694490597003 -230.3532458589097 25
1694490597127 -229.89455856611607 26
1694490597265 -229.43678508177757 27
1694490597405 -228.97992358140536 28
1694490597528 -228.52397224415836 29
1694490597656 -228.06892925283583 30
1694490597788 -227.61479279387032 31
1694490597916 -227.16156105732014 32
1694490598023 -226.7092322368623 33
1694490598147 -226.25780452978506 34
1694490598289 -225.8072761369811 35
1694490598427 -225.35764526293966 36
1694490598577 -224.90891011574 37
1694490598714 -224.46106890704388 38
1694490598833 -224.01411985208836 39
1694490598968 -223.56806116967877 40
1694490599093 -223.12289108218155 41
1694490599224 -222.67860781551704 42
1694490599366 -222.23520959915245 43
1694490599503 -221.79269466609483 44
1694490599632 -221.35106125288368 45
1694490599744 -220.91030759958434 46
1694490599871 -220.47043194978045 47
1694490599997 -220.03143255056736 48
1694490600154 -219.59330765254475 49
