1694490593598 169.34901212942756 0
1694490593743 169.0104005485274 1
1694490593865 168.67532058307648 2
1694490594047 168.34090832169736 3
1694490594200 168.00716243074953 4
1694490594349 167.67408157926022 5
1694490594470 167.3416644389191 6
1694490594590 167.00990968407294 7
1694490594725 166.67881599172023 8
1694490594848 166.34838204150608 9
1694490594970 166.01860651571664 10
1694490595103 165.689488099274 11
1694490595238 165.36102547973084 12
1694490595356 165.03321734726515 13
1694490595487 164.706062394675 14
1694490595622 164.37955931737335 15
1694490595739 164.05370681338272 16
1694490595862 163.72850358332997 17
1694490596002 163.40394833044112 18
1694490596132 163.08003976053612 19
1694490596269 162.7567765820237 20
1694490596426 162.43415750589617 21
1694490596552 162.11218124572414 22
1694490596667 161.79084651765157 23
1694490596783 161.4701520403905 24
1694490596916 161.1500965352157 25
1694490597037 160.83067872596 26
1694490597167 160.51189733900867 27
1694490597299 160.19375110329474 28
1694490597439 159.87623875029365 29
1694490597568 159.5593590140181 30
1694490597697 159.24311063101317 31
1694490597828 158.92749234035117 32
1694490597950 158.61250288362655 33
1694490598062 158.29814100495088 34
1694490598190 157.98440545094772 35
1694490598329 157.6712949707478 36
1694490598461 157.35880831598365 37
1694490598621 157.04694424078508 38
1694490598750 156.73570150177366 39
1694490598872 156.4250788580581 40
1694490599007 156.11507507122917 41
1694490599136 155.80568890535457 42
1694490599265 155.49691912697418 43
1694490599407 155.18876450509504 44
1694490599539 154.88122381118637 45
1694490599666 154.5742958191747 46
1694490599785 154.26797930543896 47
1694490599906 153.96227304880534 48
1694490600040 153.65717583054277 49
