1694510328246 -212.07284486816468 0
1694510328389 -182.7029305528431 1
1694510328533 -157.38766045674654 2
1694510328683 -135.56665311701363 3
1694510328832 -116.75642849199063 4
1694510328990 -100.54300661260412 5
1694510329143 -86.5669095816778 6
1694510329324 -74.51968881742222 7
1694510329469 -64.1345239874615 8
1694510329600 -55.18245162555051 9
1694510329730 -47.46520207066626 10
1694510329869 -40.81222652591884 11
1694510330002 -35.076788885721975 12
1694510330136 -30.132738402794228 13
1694510330287 -25.870207175777608 14
1694510330422 -22.195599527544356 15
1694510330561 -19.027887338918056 16
1694510330702 -16.296804449451802 17
1694510330837 -13.941972929645997 18
1694510330973 -11.911861530375067 19
1694510331117 -10.161503554852178 20
1694510331252 -8.65229369996455 21
1694510331384 -7.351040897164694 22
1694510331516 -6.229105301407902 23
1694510331644 -5.261695316915843 24
1694510331779 -4.427341615102533 25
1694510331910 -3.7079803357171315 26
1694510332039 -3.0875903697764917 27
1694510332177 -2.5524969377103 28
1694510332315 -2.0910786349073596 29
1694510332441 -1.6930294008694764 30
1694510332552 -1.3497469617704514 31
1694510332666 -1.0536281106535026 32
1694510332783 -0.7982434812883017 33
1694510332899 -0.5779214359792613 34
1694510333020 -0.3878669478919001 35
1694510333152 -0.2238468693495288 36
1694510333278 -0.0823096648652688 37
1694510333392 0.03982510813814444 38
1694510333505 0.1452260264670765 39
1694510333618 0.2361606732942635 40
1694510333752 0.31466750965494605 41
1694510333863 0.3824149840232668 42
1694510333977 0.44093797370195653 43
1694510334089 0.4914570657720795 44
1694510334207 0.535060883445803 45
1694510334318 0.5727366659173696 46
1694510334433 0.6052841159829272 47
1694510334545 0.6334192027538068 48
1694510334656 0.6577193697212669 49
