1694510328151 147.18665894738794 0
1694510328296 130.26668521487508 1
1694510328441 109.79853985624115 2
1694510328583 94.72708098436986 3
1694510328734 84.32196189795874 4
1694510328884 70.02128257079907 5
1694510329047 60.955433650707384 6
1694510329207 51.375195654166866 7
1694510329374 44.58512866859638 8
1694510329513 37.34461390324628 9
1694510329644 32.54978372422276 10
1694510329776 28.95912039397258 11
1694510329917 25.34045126460878 12
1694510330050 22.068116287662217 13
1694510330179 18.72236239732289 14
1694510330332 16.12726818265506 15
1694510330470 13.198549908170447 16
1694510330607 11.585176231739492 17
1694510330746 10.471117607663256 18
1694510330880 8.737674639108326 19
1694510331019 7.395923699045793 20
1694510331161 6.992462934314091 21
1694510331298 5.584955197780646 22
1694510331429 4.860997144217376 23
1694510331558 3.9973446848935215 24
1694510331691 3.9051539541874467 25
1694510331824 3.0078833978682518 26
1694510331954 2.6338962413478866 27
1694510332086 2.927152803194509 28
1694510332221 2.0243905975219265 29
1694510332362 1.9069551077345064 30
1694510332479 1.5423941949726172 31
1694510332590 1.40311682549738 32
1694510332704 1.1086307229619305 33
1694510332824 1.0434772418695288 34
1694510332942 0.875474992136071 35
1694510333064 0.8801844244791094 36
1694510333195 0.7267312848495856 37
1694510333317 0.66769319480983 38
1694510333431 0.5872933807931803 39
1694510333543 0.4659966017551446 40
1694510333655 0.5636769716477297 41
1694510333790 0.35194563753578856 42
1694510333902 0.31027784212249915 43
1694510334016 0.4058683257846095 44
1694510334127 0.3522821621275249 45
1694510334244 0.2037138625312398 46
1694510334357 0.23105240419090142 47
1694510334474 0.31521223378803753 48
1694510334582 0.11957573925899566 49
