1694510262266 -200.08600443428716 0
1694510262401 -172.04720504794935 1
1694510262539 -147.92084694903986 2
1694510262683 -127.16093344024318 3
1694510262829 -109.29929413392912 4
1694510262965 -93.92975108697716 5
1694510263100 -80.70522261226306 6
1694510263233 -69.32633614176808 7
1694510263381 -59.53470254672909 8
1694510263523 -51.109906011386336 9
1694510263660 -43.86021673549209 10
1694510263793 -37.622149973421095 11
1694510263925 -32.25437771211343 12
1694510264057 -27.63588159537514 13
1694510264195 -23.66147887615638 14
1694510264329 -20.241976514857445 15
1694510264466 -17.299653324380042 16
1694510264605 -14.767733439722914 17
1694510264736 -12.588877470482654 18
1694510264865 -10.714029124282183 19
1694510264996 -9.101008540214094 20
1694510265131 -7.712983782420764 21
1694510265268 -6.518675516216987 22
1694510265426 -5.4912653888885155 23
1694510265566 -4.6071004711045935 24
1694510265698 -3.8462657169996 25
1694510265828 -3.191628479008573 26
1694510265958 -2.6284469784676827 27
1694510266087 -2.143888573619715 28
1694510266216 -1.7269745213622478 29
1694510266347 -1.3682469940319097 30
1694510266481 -1.0596548478388281 31
1694510266613 -0.7941993383982269 32
1694510266744 -0.5657657773574878 33
1694510266881 -0.36925230165640244 34
1694510267015 -0.200203808589404 35
1694510267144 -0.05474406226644235 36
1694510267274 0.07036854828049655 37
1694510267407 0.1779228952916605 38
1694510267540 0.27047503585079435 39
1694510267680 0.3500885923154575 40
1694510267821 0.4185440714283989 41
1694510267953 0.4774202317190883 42
1694510268081 0.5280388897882766 43
1694510268207 0.5715968952418433 44
1694510268334 0.6090533806419158 45
1694510268462 0.6412558416904606 46
1694510268605 0.6689181596365164 47
1694510268736 0.692699301274755 48
1694510268863 0.7131494099336704 49
