1694510262177 147.07552238669734 0
1694510262317 126.32118266092573 1
1694510262445 111.05351861510428 2
1694510262586 96.28598183681802 3
1694510262735 79.73369528587145 4
1694510262873 70.24651646418727 5
1694510263009 60.36201416565394 6
1694510263144 50.341997076110594 7
1694510263281 45.18857101777994 8
1694510263430 37.48834878769518 9
1694510263572 32.523417900205466 10
1694510263706 27.55644668335462 11
1694510263837 24.946866514982894 12
1694510263968 21.042720646295578 13
1694510264101 18.683430931097128 14
1694510264242 14.956199806130527 15
1694510264379 12.81207617965694 16
1694510264512 11.503089433708277 17
1694510264651 10.27826106428756 18
1694510264779 8.940983525712351 19
1694510264910 7.005324109131297 20
1694510265043 6.8316844719739445 21
1694510265181 5.111405937634225 22
1694510265313 4.312351951253115 23
1694510265474 4.106735236675889 24
1694510265613 3.6825904485132326 25
1694510265740 3.360034353645936 26
1694510265871 2.630276388385017 27
1694510266002 2.2005457055934112 28
1694510266132 2.1081097275893437 29
1694510266260 1.8891109787313207 30
1694510266392 1.5157344964049884 31
1694510266525 1.2920332127582208 32
1694510266657 1.2819376077113351 33
1694510266789 1.0264874068274785 34
1694510266927 0.8498210445050695 35
1694510267057 0.816381894027759 36
1694510267188 0.659274875431884 37
1694510267320 0.5922376667876726 38
1694510267450 0.5334980984948322 39
1694510267583 0.5819895486140253 40
1694510267730 0.43348694480607114 41
1694510267866 0.4375463096826058 42
1694510267998 0.24506198950116226 43
1694510268126 0.3396923377553919 44
1694510268250 0.2786450650405804 45
1694510268378 0.2455755330421732 46
1694510268506 0.28332108800067707 47
1694510268652 0.20576420789624697 48
1694510268778 0.25518826955097873 49
