1694491181971 -208.9600224877902 0
1694491182072 -179.96838997609868 1
1694491182180 -154.98285069279967 2
1694491182286 -133.44870950135675 3
1694491182390 -114.89155973939687 4
1694491182497 -98.89785809319756 5
1694491182599 -85.1146437345668 6
1694491182702 -73.23623218708472 7
1694491182813 -62.99792421254194 8
1694491182910 -54.1748772664605 9
1694491183009 -46.57154504764614 10
1694491183110 -40.01855594162118 11
1694491183199 -34.37082839063717 12
1694491183292 -29.503323119501577 13
1694491183382 -25.308224226872625 14
1694491183475 -21.69295372257496 15
1694491183582 -18.577282171562057 16
1694491183701 -15.892111518395652 17
1694491183814 -13.578000287674696 18
1694491183904 -11.583803827553103 19
1694491184001 -9.865163871722936 20
1694491184098 -8.383981130029811 21
1694491184188 -7.10752124519307 22
1694491184291 -6.007690678642636 23
1694491184396 -5.059586221747399 24
1694491184495 -4.242668936308968 25
1694491184589 -3.538686496522037 26
1694491184692 -2.9321120717423437 27
1694491184801 -2.409413050324406 28
1694491184908 -1.9589226550897023 29
1694491185017 -1.5707792213203806 30
1694491185121 -1.2362915334744011 31
1694491185225 -0.9480264722212475 32
1694491185328 -0.6996967033831714 33
1694491185429 -0.4857427485116401 34
1694491185533 -0.3013733506610563 35
1694491185631 -0.1425816370424835 36
1694491185724 -0.0057267165469234715 37
1694491185813 0.11213076953415158 38
1694491185908 0.2136880929357079 39
1694491186008 0.30116933262153556 40
1694491186106 0.3764947450618239 41
1694491186208 0.4413967145553027 42
1694491186299 0.497266853055219 43
1694491186399 0.5453830446318813 44
1694491186490 0.58681789507233 45
1694491186590 0.6225187378803748 46
1694491186686 0.6532744966941737 47
1694491186780 0.679738820889658 48
1694491186884 0.7025162725050522 49
