1694491181901 152.82123027656246 0
1694491182007 125.27832760210634 1
1694491182109 106.74626779413602 2
1694491182216 95.69811485855897 3
1694491182322 78.96062798931138 4
1694491182426 71.38747579920862 5
1694491182531 61.08632523549075 6
1694491182636 50.533385059736474 7
1694491182737 46.90836919826779 8
1694491182845 38.128836867757016 9
1694491182940 31.94028244104745 10
1694491183043 27.93831722718999 11
1694491183141 24.64561582235045 12
1694491183229 21.010867837862808 13
1694491183325 19.09403852258435 14
1694491183412 16.068810033957675 15
1694491183509 13.535823716318797 16
1694491183621 11.515804740231486 17
1694491183738 10.304846400165223 18
1694491183847 8.363404104208549 19
1694491183934 7.649298462292171 20
1694491184036 6.46777081490692 21
1694491184130 5.583318679650183 22
1694491184222 4.383933003102875 23
1694491184328 4.473686049410612 24
1694491184431 3.79289883499804 25
1694491184526 2.9967637749899607 26
1694491184624 2.4854164983374547 27
1694491184727 2.4963485970883714 28
1694491184840 2.1679877180360467 29
1694491184947 1.7113907914872792 30
1694491185054 1.6209355131965384 31
1694491185156 1.5466567654937702 32
1694491185260 1.1365786805153197 33
1694491185362 1.0547277427795165 34
1694491185464 1.0143296559963983 35
1694491185567 0.7767819671602912 36
1694491185663 0.8672266712313931 37
1694491185756 0.5961727939146572 38
1694491185849 0.5729798335276662 39
1694491185939 0.5653435449546568 40
1694491186043 0.4299145632731893 41
1694491186141 0.4553980408696449 42
1694491186242 0.30639877688213746 43
1694491186332 0.2772521554915751 44
1694491186432 0.26418996206901635 45
1694491186524 0.28254126141492675 46
1694491186621 0.2867756754339708 47
1694491186720 0.21759816469140822 48
1694491186814 0.2533416686367376 49
