1694509495924 -239.8696067702014 0
1694509496072 -236.66349391272638 1
1694509496234 -233.50071053938902 2
1694509496385 -230.381604571187 3
1694509496532 -227.3041859505027 4
1694509496685 -224.26777707778587 5
1694509496846 -221.27204676647025 6
1694509496995 -218.31644613743288 7
1694509497143 -215.40044911716186 8
1694509497305 -212.52317830656423 9
1694509497452 -209.6841360462192 10
1694509497606 -206.88329186557863 11
1694509497753 -204.11988491501978 12
1694509497905 -201.3934844889032 13
1694509498078 -198.70338663404092 14
1694509498250 -196.04920496408656 15
1694509498405 -193.4302890723525 16
1694509498562 -190.8468038783757 17
1694509498708 -188.29748756018583 18
1694509498861 -185.78242655623552 19
1694509499033 -183.3007510497949 20
1694509499202 -180.85246864353348 21
1694509499357 -178.43676952577906 22
1694509499502 -176.05326838780397 23
1694509499647 -173.7017491404579 24
1694509499796 -171.38153189055456 25
1694509499947 -169.09260904323247 26
1694509500099 -166.83382605378486 27
1694509500270 -164.60530876530765 28
1694509500437 -162.40665139656176 29
1694509500594 -160.2372539629369 30
1694509500743 -158.09695636780765 31
1694509500879 -155.98524754981457 32
1694509501002 -153.90154152360768 33
1694509501135 -151.84579717898026 34
1694509501269 -149.81748429163338 35
1694509501398 -147.81613351263846 36
1694509501523 -145.84178424588566 37
1694509501649 -143.89360256388747 38
1694509501771 -141.97140154338982 39
1694509501898 -140.0750453229464 40
1694509502025 -138.2039929398628 41
1694509502149 -136.35769318355284 42
1694509502282 -134.53622130902008 43
1694509502429 -132.73886013857103 44
1694509502567 -130.9655991910951 45
1694509502692 -129.21609247526902 46
1694509502812 -127.48983388282878 47
1694509502935 -125.78655944157462 48
1694509503058 -124.1060441070844 49
