1694509495818 170.00787529299762 0
1694509495978 164.67429742779834 1
1694509496122 160.51095709575912 2
1694509496287 159.26265226894336 3
1694509496435 156.37766739878853 4
1694509496583 156.22524839673525 5
1694509496738 155.39483821984365 6
1694509496898 150.8749729617323 7
1694509497045 143.8233658845367 8
1694509497201 144.10924701348296 9
1694509497355 148.71810869089467 10
1694509497505 144.71509046024306 11
1694509497657 142.29563561100647 12
1694509497804 137.8710565888068 13
1694509497962 137.39002348238915 14
1694509498133 135.57281783980577 15
1694509498303 137.76119051675843 16
1694509498459 130.668908784114 17
1694509498611 132.63894543904468 18
1694509498758 128.3506333843503 19
1694509498918 129.8865339224876 20
1694509499090 124.46310659710743 21
1694509499253 123.59419990123159 22
1694509499405 123.85770178780537 23
1694509499551 120.38501041529302 24
1694509499698 120.43651048663585 25
1694509499848 112.33755608981811 26
1694509499996 115.53393335652675 27
1694509500154 117.15322448329937 28
1694509500338 113.08655687757451 29
1694509500491 112.86346814433459 30
1694509500645 109.72504421936668 31
1694509500791 106.53095180530943 32
1694509500922 107.71553344196879 33
1694509501047 105.04390936767194 34
1694509501179 104.9554999922669 35
1694509501312 104.89610585049053 36
1694509501440 99.41844122222156 37
1694509501569 99.96261571087578 38
1694509501690 100.19024122149308 39
1694509501814 94.20915663191771 40
1694509501942 92.42381982912993 41
1694509502066 95.02533945937743 42
1694509502194 94.08508396605531 43
1694509502324 93.87513665717196 44
1694509502477 91.23481379244015 45
1694509502609 88.5057163312539 46
1694509502731 88.05945283908618 47
1694509502855 88.80911469559224 48
1694509502976 87.12506155330561 49
