1694349950061 169.34901212942756 0
1694349950305 137.16711176383774 1
1694349950527 111.33778919103572 2
1694349950732 90.39749381416942 3
1694349950932 73.41866328773497 4
1694349951179 59.64997369169623 5
1694349951398 48.48144784205837 6
1694349951626 39.42324378411371 7
1694349951828 32.073947278043036 8
1694349952023 26.109276700270435 9
1694349952228 21.268654260233614 10
1694349952459 17.33870126165432 11
1694349952663 14.14678676802836 12
1694349952896 11.554366326307003 13
1694349953076 9.447640140401692 14
1694349953268 7.735291455886336 15
1694349953466 6.3428452635457795 16
1694349953682 5.210020937362494 17
1694349953877 4.288113412890274 18
1694349954098 3.537260915066793 19
1694349954294 2.9256357917705054 20
1694349954507 2.4268285609774702 21
1694349954707 2.020056213583321 22
1694349954942 1.6877868073671076 23
1694349955166 1.4164574290004193 24
1694349955423 1.194406602676368 25
1694349955611 1.0127850227159025 26
1694349955814 0.8638226512000295 27
1694349956017 0.7417422949541616 28
1694349956287 0.6416640559372896 29
1694349956488 0.5588987382005394 30
1694349956697 0.49113147633519555 31
1694349956891 0.4348847248340357 32
1694349957070 0.3887160085255312 33
1694349957286 0.3502427678011242 34
1694349957497 0.31856798538860837 35
1694349957691 0.2920587443586093 36
1694349957941 0.27015495042344945 37
1694349958131 0.2517399971884263 38
1694349958357 0.2364586409175882 39
1694349958563 0.22355210781532997 40
1694349958789 0.21278712392276145 41
1694349959000 0.20365447651926025 42
1694349959190 0.19599147438276826 43
1694349959413 0.18946401284866402 44
1694349959621 0.18394863444087667 45
1694349959794 0.17923478188202482 46
1694349959987 0.17521952949719286 47
1694349960204 0.171779890531464 48
1694349960431 0.16882266732160414 49
1694349960628 0.16628714301615805 50
1694349960884 0.16408390709661164 51
1694349961130 0.1621965780685575 52
1694349961325 0.160536527794079 53
1694349961518 0.15911889730211648 54
1694349961726 0.15785455980301838 55
1694349961930 0.15678095693633856 56
1694349962137 0.15580815207307727 57
1694349962353 0.15498920534064264 58
1694349962575 0.15423356760530096 59
1694349962782 0.15360504796177024 60
1694349962992 0.15301291463218225 61
1694349963210 0.1525281615394127 62
1694349963430 0.15206037692164068 63
1694349963644 0.15168512384384608 64
1694349963835 0.15131279830240135 65
1694349964029 0.1510216117516165 66
1694349964221 0.1507231968632012 67
1694349964423 0.15049700584767434 68
1694349964613 0.15025626022365546 69
1694349964819 0.15008062677961667 70
1694349965026 0.14988518822242594 71
1694349965231 0.14974908492592706 72
1694349965438 0.14958945816916377 73
1694349965634 0.1494843950609343 74
1694349965856 0.1493532265480782 75
1694349966091 0.14927262088120738 76
1694349966281 0.14916417350031796 77
1694349966464 0.14910288978157166 78
1694349966680 0.1490126582018829 79
1694349966883 0.14896666884181634 80
1694349967110 0.14889109471510964 81
1694349967294 0.14885722699189932 82
1694349967502 0.14879348583912202 83
1694349967723 0.14876923130283523 84
1694349967921 0.1487150714227593 85
1694349968102 0.14869844096690782 86
1694349968307 0.14865206051541546 87
1694349968540 0.14864147321316207 88
1694349968732 0.14860142559621772 89
1694349968919 0.14859562276569524 90
1694349969130 0.14856074325650945 91
1694349969356 0.1485587215675792 92
1694349969548 0.14852806999285564 93
1694349969727 0.14852902908026797 94
1694349969965 0.1485018447855763 95
1694349970146 0.14850514600853568 96
1694349970328 0.1484808122861998 97
1694349970514 0.14848594611870353 98
1694349970710 0.14846396198306475 99
1694349970951 0.1484705221327575 100
1694349971151 0.14845047983877024 101
1694349971354 0.14845814264253893 102
1694349971556 0.14843970972016046 103
1694349971760 0.148448217699142 104
1694349971941 0.1484311225563129 105
1694349972141 0.14844027126386589 106
1694349972348 0.14842429162178866 107
1694349972563 0.14843391910804 108
1694349972749 0.1484188726926632 109
1694349972934 0.1484288510545375 110
1694349973144 0.1484145880909504 111
1694349973361 0.1484248166885835 112
1694349973569 0.14841121383988426 113
1694349973769 0.14842161384729557 114
1694349973964 0.1484085693133417 115
1694349974162 0.1484190793392102 116
1694349974398 0.1484065088884759 117
1694349974607 0.14841708145630256 118
1694349974795 0.1484049152096034 119
1694349974988 0.1484155139287457 120
1694349975191 0.14840369374962337 121
1694349975388 0.14841429104216572 122
1694349975605 0.14840276841734673 123
1694349975807 0.14841334369241277 124
1694349975994 0.14840207800856575 125
1694349976197 0.1484126161969516 126
1694349976447 0.14840157333821388 127
1694349976682 0.14841206371724355 128
1694349976886 0.14840121492259567 129
1694349977093 0.14841165017474406 130
1694349977285 0.1484009711060504 131
1694349977465 0.14841134656584237 132
1694349977659 0.14840081654681336 133
1694349977862 0.14841112959932626 134
1694349978088 0.1484007309932562 135
1694349978265 0.14841098059464253 136
1694349978443 0.14840069829491068 137
1694349978635 0.1484108845910867 138
1694349978846 0.1484007056033542 139
1694349979036 0.14841082962760377 140
1694349979237 0.14840074272663425 141
1694349979432 0.1484108061606019 142
1694349979608 0.14840080160786512 143
1694349979790 0.14841080659341552 144
1694349979990 0.1484008759042496 145
1694349980186 0.1484108248960914 146
1694349980417 0.14840096064730665 147
1694349980609 0.14841085629824227 148
1694349980793 0.14840105196876913 149
1694349980990 0.14841089704100566 150
1694349981230 0.148401146879573 151
1694349981445 0.14841094417681408 152
1694349981647 0.148401243091767 153
1694349981852 0.14841099540783054 154
1694349982103 0.14840133887511028 155
1694349982301 0.1484110489556512 156
1694349982482 0.1484014329417003 157
1694349982708 0.14841110345629205 158
1694349982945 0.14840152435324186 159
1694349983172 0.1484111578756101 160
1694349983344 0.14840161244659902 161
1694349983531 0.14841121144123845 162
1694349983762 0.1484016967741067 163
1694349983956 0.14841126358786755 164
1694349984152 0.14840177705578714 165
1694349984362 0.14841131391329976 166
1694349984556 0.14840185314116852 167
1694349984741 0.1484113621432039 168
1694349984957 0.14840192497883983 169
1694349985174 0.14841140810289297 170
1694349985396 0.14840199259223713 171
1694349985577 0.1484114516947593 172
1694349985759 0.1484020560604409 173
1694349985979 0.14841149288027575 174
1694349986193 0.14840211550300086 175
1694349986380 0.1484115316656702 176
1694349986565 0.14840217106799902 177
1694349986778 0.1484115680905607 178
1694349986960 0.1484022229227016 179
1694349987159 0.148411602218965 180
1694349987399 0.14840227124629066 181
1694349987622 0.14841163413222241 182
1694349987812 0.1484023162242494 183
1694349987979 0.14841166392344488 184
1694349988187 0.1484023580440742 185
1694349988376 0.1484116916931956 186
1694349988584 0.14840239689203558 187
1694349988766 0.14841171754614835 188
1694349988944 0.1484024329507741 189
1694349989134 0.14841174158852646 190
1694349989318 0.14840246639755425 191
1694349989500 0.14841176392616745 192
1694349989714 0.14840249740303693 193
1694349989913 0.14841178466307792 194
1694349990138 0.14840252613045676 195
1694349990331 0.1484118039003805 196
1694349990509 0.14840255273511607 197
1694349990709 0.1484118217355687 198
1694349990915 0.14840257736412021 199
1694349991101 0.14841183826199988 200
1694349991304 0.14840260015630036 201
1694349991494 0.1484118535685792 202
1694349991705 0.14840262124227424 203
1694349991906 0.14841186773958537 204
1694349992125 0.14840264074461496 205
1694349992311 0.14841188085460907 206
1694349992529 0.14840265877808972 207
1694349992726 0.14841189298857513 208
1694349992905 0.14840267544995525 209
1694349993102 0.14841190421182573 210
1694349993314 0.14840269086028826 211
1694349993500 0.1484119145902517 212
1694349993700 0.1484027051023348 213
1694349993887 0.14841192418545288 214
1694349994093 0.14840271826287343 215
1694349994282 0.14841193305492226 216
1694349994480 0.1484027304225803 217
1694349994690 0.1484119412522429 218
1694349994919 0.14840274165639025 219
1694349995087 0.14841194882729322 220
1694349995269 0.14840275203385261 221
1694349995473 0.14841195582645253 222
1694349995690 0.1484027616194739 223
1694349995878 0.14841196229280718 224
1694349996066 0.14840277047304817 225
1694349996282 0.1484119682663532 226
1694349996499 0.14840277864997392 227
1694349996717 0.14841197378419083 228
1694349996915 0.1484027862015526 229
1694349997107 0.14841197888071472 230
1694349997314 0.14840279317527544 231
1694349997510 0.14841198358779378 232
1694349997711 0.14840279961508981 233
1694349997907 0.14841198793494334 234
1694349998117 0.14840280556165183 235
1694349998311 0.1484119919494878 236
1694349998523 0.14840281105256356 237
1694349998717 0.14841199565671495 238
1694349998913 0.1484028161225938 239
1694349999111 0.1484119990800196 240
1694349999302 0.14840282080388612 241
1694349999505 0.1484120022410409 242
1694349999718 0.1484028251261507 243
1694349999942 0.1484120051597885 244
1694350000128 0.1484028291168463 245
1694350000315 0.14841200785476172 246
1694350000518 0.14840283280134436 247
1694350000731 0.14841201034305984 248
1694350000913 0.14840283620308836 249
1694350001092 0.1484120126404873 250
1694350001293 0.1484028393437358 251
1694350001502 0.14841201476164792 252
1694350001695 0.14840284224329284 253
1694350001885 0.14841201672003468 254
1694350002089 0.1484028449202394 255
1694350002299 0.1484120185281145 256
1694350002487 0.14840284739164397 257
1694350002682 0.14841202019740296 258
1694350002899 0.14840284967327033 259
1694350003115 0.14841202173853787 260
1694350003304 0.1484028517796769 261
1694350003496 0.1484120231613448 262
1694350003691 0.14840285372430803 263
1694350003889 0.14841202447489799 264
1694350004088 0.14840285551957869 265
1694350004278 0.14841202568757833 266
1694350004470 0.14840285717695245 267
1694350004685 0.14841202680712445 268
1694350004869 0.14840285870701525 269
1694350005068 0.14841202784068408 270
1694350005263 0.14840286011954112 271
1694350005490 0.1484120287948561 272
1694350005704 0.14840286142355502 273
1694350005888 0.14841202967573494 274
1694350006083 0.1484028626273891 275
1694350006296 0.14841203048894658 276
1694350006479 0.14840286373873673 277
1694350006689 0.1484120312396875 278
1694350006881 0.14840286476470185 279
1694350007140 0.14841203193275396 280
1694350007332 0.14840286571184158 281
1694350007512 0.1484120325725755 282
1694350007695 0.1484028665862108 283
1694350007915 0.1484120331632408 284
1694350008097 0.1484028673933994 285
1694350008282 0.14841203370852554 286
1694350008461 0.14840286813856784 287
1694350008671 0.14841203421191504 288
1694350008862 0.14840286882648082 289
1694350009038 0.14841203467662833 290
1694350009220 0.14840286946153694 291
1694350009430 0.1484120351056353 292
1694350009621 0.1484028700477965 293
1694350009810 0.14841203550167956 294
1694350010009 0.14840287058900936 295
1694350010226 0.14841203586729346 296
1694350010405 0.1484028710886358 297
1694350010607 0.1484120362048144 298
1694350010796 0.14840287154987133 299
1694350011019 0.14841203651640106 300
1694350011233 0.14840287197566512 301
1694350011425 0.14841203680404572 302
1694350011644 0.14840287236874106 303
1694350011844 0.14841203706958808 304
1694350012036 0.14840287273161273 305
1694350012224 0.14841203731472635 306
1694350012445 0.1484028730666007 307
1694350012663 0.14841203754102805 308
1694350012875 0.14840287337584768 309
1694350013059 0.14841203774994066 310
1694350013242 0.14840287366133156 311
1694350013441 0.1484120379427999 312
1694350013648 0.14840287392487822 313
1694350013858 0.14841203812083958 314
1694350014055 0.14840287416817322 315
1694350014260 0.14841203828519867 316
1694350014460 0.14840287439277292 317
1694350014648 0.14841203843692805 318
1694350014864 0.14840287460011387 319
1694350015085 0.14841203857699806 320
1694350015285 0.14840287479152175 321
1694350015468 0.14841203870630457 322
1694350015651 0.1484028749682213 323
1694350015856 0.148412038825675 324
1694350016069 0.14840287513134273 325
1694350016269 0.14841203893587235 326
1694350016478 0.14840287528192933 327
1694350016679 0.14841203903760214 328
1694350016873 0.14840287542094446 329
1694350017061 0.14841203913151438 330
1694350017261 0.14840287554927709 331
1694350017454 0.14841203921821058 332
1694350017665 0.14840287566774832 333
1694350017855 0.14841203929824445 334
1694350018039 0.14840287577711567 335
1694350018265 0.1484120393721283 336
1694350018461 0.14840287587807874 337
1694350018637 0.14841203944033454 338
1694350018825 0.1484028759712837 339
1694350019024 0.14841203950329954 340
1694350019216 0.14840287605732613 341
1694350019416 0.14841203956142623 342
1694350019630 0.14840287613675665 343
1694350019830 0.14841203961508628 344
1694350020040 0.14840287621008388 345
1694350020238 0.1484120396646229 346
1694350020456 0.14840287627777615 347
1694350020679 0.14841203971035294 348
1694350020880 0.14840287634026678 349
1694350021099 0.148412039752569 350
1694350021285 0.14840287639795516 351
1694350021514 0.14841203979154075 352
1694350021729 0.14840287645121059 353
1694350021915 0.14841203982751783 354
1694350022112 0.1484028765003737 355
1694350022299 0.14841203986073045 356
1694350022489 0.1484028765457588 357
1694350022683 0.14841203989139065 358
1694350022871 0.1484028765876562 359
1694350023069 0.14841203991969476 360
1694350023277 0.14840287662633422 361
1694350023494 0.14841203994582383 362
1694350023690 0.1484028766620398 363
1694350023904 0.14841203996994493 364
1694350024122 0.14840287669500157 365
1694350024311 0.14841203999221242 366
1694350024525 0.14840287672543068 367
1694350024746 0.14841204001276903 368
1694350024988 0.14840287675352154 369
1694350025163 0.14841204003174627 370
1694350025354 0.14840287677945402 371
1694350025559 0.148412040049265 372
1694350025759 0.14840287680339315 373
1694350025942 0.14841204006543743 374
1694350026137 0.14840287682549325 375
1694350026367 0.14841204008036732 376
1694350026579 0.14840287684589487 377
1694350026772 0.14841204009414985 378
1694350026955 0.14840287686472875 379
1694350027180 0.1484120401068731 380
1694350027373 0.1484028768821154 381
1694350027572 0.14841204011861875 382
1694350027765 0.1484028768981659 383
1694350027969 0.14841204012946196 384
1694350028202 0.14840287691298307 385
1694350028382 0.1484120401394716 386
1694350028571 0.1484028769266613 387
1694350028769 0.14841204014871212 388
1694350028979 0.14840287693928855 389
1694350029170 0.1484120401572427 390
1694350029366 0.1484028769509458 391
1694350029567 0.14841204016511783 392
1694350029756 0.1484028769617073 393
1694350029947 0.14841204017238785 394
1694350030170 0.14840287697164153 395
1694350030366 0.14841204017909876 396
1694350030603 0.1484028769808123 397
1694350030799 0.14841204018529425 398
1694350030983 0.14840287698927854 399
1694350031181 0.14841204019101367 400
1694350031404 0.1484028769970943 401
1694350031629 0.1484120401962937 402
1694350031833 0.14840287700430924 403
1694350032025 0.14841204020116774 404
1694350032267 0.1484028770109696 405
1694350032469 0.1484120402056672 406
1694350032659 0.14840287701711824 407
1694350032857 0.14841204020982082 408
1694350033048 0.14840287702279437 409
1694350033234 0.14841204021365526 410
1694350033425 0.1484028770280345 411
1694350033658 0.1484120402171957 412
1694350033857 0.148402877032872 413
1694350034049 0.14841204022046367 414
1694350034230 0.1484028770373376 415
1694350034429 0.14841204022348037 416
1694350034645 0.14840287704146018 417
1694350034834 0.1484120402262655 418
1694350035046 0.1484028770452662 419
1694350035272 0.14841204022883658 420
1694350035455 0.14840287704877944 421
1694350035646 0.14841204023120977 422
1694350035875 0.14840287705202265 423
1694350036070 0.14841204023340085 424
1694350036290 0.14840287705501676 425
1694350036489 0.14841204023542345 426
1694350036687 0.14840287705778066 427
1694350036908 0.1484120402372908 428
1694350037115 0.1484028770603323 429
1694350037297 0.14841204023901458 430
1694350037483 0.14840287706268784 431
1694350037689 0.14841204024060595 432
1694350037904 0.14840287706486238 433
1694350038121 0.1484120402420747 434
1694350038300 0.1484028770668699 435
1694350038497 0.14841204024343116 436
1694350038716 0.14840287706872296 437
1694350038898 0.14841204024468296 438
1694350039096 0.14840287707043356 439
1694350039292 0.14841204024583862 440
1694350039474 0.14840287707201294 441
1694350039672 0.14841204024690538 442
1694350039901 0.14840287707347094 443
1694350040089 0.14841204024789054 444
1694350040309 0.14840287707481692 445
1694350040496 0.1484120402487998 446
1694350040682 0.14840287707605954 447
1694350040884 0.14841204024963925 448
1694350041102 0.1484028770772066 449
1694350041290 0.1484120402504143 450
1694350041471 0.1484028770782655 451
1694350041670 0.14841204025112956 452
1694350041876 0.148402877079243 453
1694350042071 0.1484120402517901 454
1694350042314 0.14840287708014552 455
1694350042551 0.14841204025239976 456
1694350042776 0.14840287708097874 457
1694350042985 0.14841204025296253 458
1694350043177 0.14840287708174757 459
1694350043377 0.1484120402534819 460
1694350043630 0.14840287708245725 461
1694350043821 0.14841204025396135 462
1694350044069 0.14840287708311273 463
1694350044295 0.14841204025440424 464
1694350044545 0.14840287708371783 465
1694350044780 0.14841204025481314 466
1694350044975 0.14840287708427655 467
1694350045171 0.14841204025519042 468
1694350045359 0.14840287708479186 469
1694350045537 0.14841204025553856 470
1694350045720 0.14840287708526803 471
1694350045921 0.14841204025586022 472
1694350046135 0.14840287708570749 473
1694350046318 0.1484120402561572 474
1694350046511 0.14840287708611324 475
1694350046734 0.14841204025643134 476
1694350046924 0.14840287708648772 477
1694350047176 0.14841204025668425 478
1694350047432 0.14840287708683347 479
1694350047639 0.14841204025691768 480
1694350047834 0.14840287708715239 481
1694350048018 0.14841204025713337 482
1694350048224 0.14840287708744723 483
1694350048421 0.14841204025733226 484
1694350048599 0.14840287708771896 485
1694350048778 0.14841204025751586 486
1694350049014 0.14840287708797 487
1694350049207 0.14841204025768553 488
1694350049396 0.14840287708820166 489
1694350049594 0.14841204025784216 490
1694350049779 0.14840287708841585 491
1694350049972 0.1484120402579868 492
1694350050158 0.14840287708861322 493
1694350050356 0.14841204025812002 494
1694350050549 0.1484028770887953 495
1694350050764 0.1484120402582432 496
1694350050941 0.14840287708896358 497
1694350051159 0.14841204025835678 498
1694350051353 0.1484028770891191 499
