1694350072191 169.42810631986347 0
1694350072387 137.21548551010306 1
1694350072563 111.38624894062765 2
1694350072766 90.55706245245744 3
1694350072995 73.74682527747191 4
1694350073180 60.16840649849525 5
1694350073375 49.1901324693216 6
1694350073574 40.3049399673378 7
1694350073770 33.10566683309123 8
1694350073983 27.264564985099103 9
1694350074178 22.520322300198373 10
1694350074387 18.660846895148595 11
1694350074588 15.516218122685135 12
1694350074779 12.94970519229984 13
1694350074964 10.851222720497491 14
1694350075185 9.131544237137193 15
1694350075381 7.720333636110706 16
1694350075557 6.559279642811466 17
1694350075749 5.601808214631366 18
1694350075973 4.809843353040398 19
1694350076173 4.153868445832053 20
1694350076370 3.6087306532522767 21
1694350076583 3.1544380171574233 22
1694350076804 2.774378926192935 23
1694350076995 2.4561656943424652 24
1694350077171 2.1886364318785425 25
1694350077397 1.9627093737522974 26
1694350077606 1.7718937199363123 27
1694350077804 1.609995205917541 28
1694350078032 1.4719239746030155 29
1694350078287 1.354312238399692 30
1694350078497 1.2534089902903391 31
1694350078731 1.1669420306831493 32
1694350078939 1.0924970077261598 33
1694350079142 1.0280052695065045 34
1694350079355 0.9723568652258067 35
1694350079564 0.9239066890655895 36
1694350079771 0.8818851701795501 37
1694350079986 0.8452630606895415 38
1694350080179 0.8130813528240727 39
1694350080399 0.7850625107947166 40
1694350080603 0.7603523520728818 41
1694350080840 0.7387517750287939 42
1694350081021 0.7196442869151767 43
1694350081208 0.7028817741914102 44
1694350081401 0.6880168911785042 45
1694350081583 0.6749355637184367 46
1694350081790 0.6633899376170072 47
1694350082037 0.6530304083594998 48
1694350082247 0.6439617981167431 49
1694350082463 0.6358154011580874 50
1694350082656 0.6286658689311012 51
1694350082850 0.622237896037217 52
1694350083076 0.6165841273920201 53
1694350083311 0.6114977679680274 54
1694350083516 0.6070157106799787 55
1694350083713 0.6029815893783564 56
1694350083926 0.5994212512936441 57
1694350084123 0.5962155591045445 58
1694350084317 0.5933828016189302 59
1694350084548 0.5908313902842598 60
1694350084775 0.5885746032444221 61
1694350084972 0.5865412726008414 62
1694350085171 0.5847415015722192 63
1694350085357 0.5831192742736683 64
1694350085545 0.5816828225458077 65
1694350085739 0.58038737519349 66
1694350085931 0.5792402032270956 67
1694350086162 0.5782048738409472 68
1694350086357 0.5772883207691929 69
1694350086553 0.5764602824182241 70
1694350086724 0.5757277714845349 71
1694350086909 0.5750650782424565 72
1694350087105 0.5744795625014034 73
1694350087320 0.5739488545448987 74
1694350087517 0.5734808249512042 75
1694350087703 0.5730555362272471 76
1694350087895 0.572681460674848 77
1694350088136 0.5723404128066937 78
1694350088361 0.5720415078831996 79
1694350088555 0.5717678029596205 80
1694350088752 0.5715290642315668 81
1694350088946 0.5713092102465854 82
1694350089138 0.5711186445301105 83
1694350089351 0.5709418628231843 84
1694350089552 0.5707898789860429 85
1694350089768 0.5706475546570098 86
1694350089954 0.570526479320971 87
1694350090146 0.5704117243548724 88
1694350090360 0.5703154163118863 89
1694350090618 0.5702227218123828 90
1694350090810 0.5701462646598754 91
1694350091009 0.5700712237000505 92
1694350091226 0.5700106805865739 93
1694350091415 0.5699497671326306 94
1694350091605 0.5699019849073008 95
1694350091823 0.5698523773375157 96
1694350092016 0.5698148300509456 97
1694350092234 0.5697742701880052 98
1694350092451 0.5697449339730856 99
1694350092679 0.5697116144275476 100
1694350092903 0.5696888674260884 101
1694350093092 0.5696613415289224 102
1694350093283 0.5696438838233203 103
