1694509413622 -228.86569445705177 0
1694509413800 -225.46737659427288 1
1694509413960 -222.120771459212 2
1694509414100 -218.82409750159036 3
1694509414255 -215.5765173754044 4
1694509414397 -212.3771027738563 5
1694509414529 -209.22516828164532 6
1694509414664 -206.120128143895 7
1694509414787 -203.061059273662 8
1694509414922 -200.04754555070494 9
1694509415053 -197.0787409780435 10
1694509415180 -194.15397569747716 11
1694509415314 -191.27263096355 12
1694509415440 -188.43399135830256 13
1694509415567 -185.6374817395261 14
1694509415688 -182.8825331221336 15
1694509415826 -180.16840178959455 16
1694509415956 -177.49453933043884 17
1694509416084 -174.86049296088586 18
1694509416207 -172.26534356746473 19
1694509416332 -169.70879493640635 20
1694509416473 -167.19027556204085 21
1694509416603 -164.7090121723271 22
1694509416724 -162.26458640839186 23
1694509416845 -159.85639194197944 24
1694509416965 -157.48392020777297 25
1694509417118 -155.14666439962477 26
1694509417252 -152.84406476785747 27
1694509417396 -150.57567124871747 28
1694509417552 -148.34091240811622 29
1694509417701 -146.13925586347477 30
1694509417833 -143.9702787528392 31
1694509417963 -141.83347880216047 32
1694509418106 -139.72836905403634 33
1694509418238 -137.6544638475661 34
1694509418368 -135.61132547505002 35
1694509418503 -133.5984806030686 36
1694509418653 -131.6154747201976 37
1694509418797 -129.66188779020615 38
1694509418934 -127.73734055478965 39
1694509419067 -125.84124868731068 40
1694509419203 -123.97323653967852 41
1694509419343 -122.13297447521377 42
1694509419471 -120.31996784935531 43
1694509419610 -118.53388193083144 44
1694509419750 -116.7741965362992 45
1694509419905 -115.04067905184982 46
1694509420056 -113.33280029724511 47
1694509420205 -111.65023801021425 48
1694509420353 -109.992614033569 49
