1694509413529 166.01467403992459 0
1694509413686 166.72722863729513 1
1694509413858 162.9790435705992 2
1694509414012 162.13921830802937 3
1694509414152 154.8131106391519 4
1694509414310 152.63900891107554 5
1694509414444 153.5114135930597 6
1694509414579 145.0035079059179 7
1694509414710 149.2299893432378 8
1694509414835 140.9063500333185 9
1694509414970 140.03753250687342 10
1694509415097 139.28618865522532 11
1694509415223 136.99921256746032 12
1694509415361 136.38092040272832 13
1694509415485 134.4454838296653 14
1694509415609 130.37048267091626 15
1694509415731 131.29509418123203 16
1694509415876 129.85399585819263 17
1694509416004 122.53340326516485 18
1694509416128 128.7499986752212 19
1694509416249 122.64797045602474 20
1694509416379 117.80251329502956 21
1694509416518 119.77769207149049 22
1694509416644 116.35676131368871 23
1694509416764 117.13183435180625 24
1694509416886 116.56322610492332 25
1694509417010 113.19024004771579 26
1694509417164 111.07718543781877 27
1694509417302 108.33979388058201 28
1694509417450 106.8957494079406 29
1694509417604 108.27951204740333 30
1694509417745 105.13240466999389 31
1694509417877 103.5122091815515 32
1694509418015 102.04794505573547 33
1694509418149 100.90196056712152 34
1694509418282 98.07813753749804 35
1694509418412 97.04204372556043 36
1694509418554 95.76993438284237 37
1694509418704 94.7618662446498 38
1694509418846 90.30977530345221 39
1694509418980 91.49066615219044 40
1694509419116 91.95413308768991 41
1694509419253 88.27834169356608 42
1694509419390 86.39239246225587 43
1694509419523 84.71659493224496 44
1694509419652 87.4960642711204 45
1694509419805 81.9644174028721 46
1694509419956 82.36309931298067 47
1694509420104 81.31817025400143 48
1694509420258 80.8157440289272 49
