1694510067637 0.019385440808632685 0
1694510067840 0.6295532048749101 1
1694510068034 0.025953410875110543 2
1694510068212 0.0384968121412719 3
1694510068400 0.017243523344582092 4
1694510068566 0.023329520523505762 5
1694510068766 0.3575982169459251 6
1694510068942 0.09363443774608639 7
1694510069134 0.29528765129802587 8
1694510069320 0.05176331749605807 9
1694510069511 0.04075169284573158 10
1694510069697 1.0215334010365675 11
1694510069872 0.37294812725133747 12
1694510070054 0.0028696536799506962 13
1694510070221 0.1372732237278302 14
1694510070400 0.08338653630848998 15
1694510070574 0.04376810531995095 16
1694510070770 0.019165960311740227 17
1694510070943 2.6009814678414693e-05 18
1694510071110 0.024611892779145172 19
1694510071276 0.2537182973392808 20
1694510071450 0.04346420278079741 21
1694510071637 0.06687066392617902 22
1694510071849 0.30006779771117076 23
1694510072039 0.10329643338208971 24
1694510072212 0.14618637657386266 25
1694510072412 4.774888872804374e-06 26
1694510072578 0.00047821981240887953 27
1694510072731 0.008551606000325432 28
1694510072901 0.18046764931070253 29
1694510073084 0.0007679661773055323 30
1694510073240 0.056758351564010545 31
1694510073396 0.21509006567024036 32
1694510073579 0.08155966726436491 33
1694510073741 0.7833656377978828 34
1694510073904 0.02480567551845855 35
1694510074060 0.18826748005937835 36
1694510074215 0.005144563478585834 37
1694510074367 0.02942866219633724 38
1694510074526 0.11102095352875085 39
1694510074713 0.03062086777595063 40
1694510074871 0.0006143094205342583 41
1694510075047 0.002672784492147676 42
1694510075200 0.06504080397882243 43
1694510075394 0.01374004647763868 44
1694510075568 0.024412718540962556 45
1694510075748 0.2908879392092105 46
1694510075932 0.25909762521313484 47
1694510076113 0.09493141217131096 48
1694510076277 0.013022656164079927 49
