1694510492512 -242.78153582226503 0
1694510492646 -239.5176635504256 1
1694510492778 -236.29712646652575 2
1694510492920 -233.1202553033008 3
1694510493055 -229.98555140295898 4
1694510493187 -226.8932810211121 5
1694510493321 -223.84207908445893 6
1694510493456 -220.831657803646 7
1694510493596 -217.86185920882926 8
1694510493725 -214.93193048997588 9
1694510493859 -212.04124380231735 10
1694510493988 -209.18905892063302 11
1694510494120 -206.37534844802184 12
1694510494252 -203.5994137860624 13
1694510494392 -200.86064394849623 14
1694510494529 -198.1588462613259 15
1694510494676 -195.49262101725324 16
1694510494819 -192.8624881308503 17
1694510494949 -190.26767145605663 18
1694510495079 -187.7076585941862 19
1694510495209 -185.18201728522044 20
1694510495338 -182.69002393637723 21
1694510495469 -180.23163351187696 22
1694510495612 -177.8061703953803 23
1694510495748 -175.41330412543306 24
1694510495879 -173.05197727870134 25
1694510496018 -170.722873404527 26
1694510496153 -168.42459543990032 27
1694510496280 -166.15730611007035 28
1694510496413 -163.9204380781372 29
1694510496547 -161.71358726122645 30
1694510496685 -159.53651162046773 31
1694510496833 -157.38821438518139 32
1694510496971 -155.2688826419553 33
1694510497118 -153.1778590411639 34
1694510497254 -151.1150280464997 35
1694510497385 -149.07994569625254 36
1694510497526 -147.07188964028327 37
1694510497667 -145.09110226574649 38
1694510497800 -143.13642513870727 39
1694510497940 -141.20794831339816 40
1694510498069 -139.305633074205 41
1694510498201 -137.42885851077722 42
1694510498335 -135.57678009703776 43
1694510498447 -133.7499981199986 44
1694510498562 -131.9474816868186 45
1694510498680 -130.16938362162497 46
1694510498791 -128.41484038754376 47
1694510498906 -126.68395479105496 48
1694510499032 -124.97625205055728 49
