1694510492415 167.86595213846405 0
1694510492558 162.21524090986435 1
1694510492692 164.58785430967916 2
1694510492824 157.6523934175689 3
1694510492966 159.15946713439396 4
1694510493101 151.7028436265539 5
1694510493232 153.60781887450165 6
1694510493367 157.0615043260013 7
1694510493508 152.63122250222395 8
1694510493639 147.46447340309302 9
1694510493771 145.71477789578915 10
1694510493906 148.84992724800722 11
1694510494034 144.41173768158123 12
1694510494164 140.9578251183144 13
1694510494296 138.53419129329134 14
1694510494436 131.4470896866604 15
1694510494584 138.53083350900727 16
1694510494723 135.16588315122848 17
1694510494863 131.29382224270418 18
1694510494993 129.83865215617735 19
1694510495123 125.83598050915757 20
1694510495253 127.10444278869545 21
1694510495383 122.96720596059913 22
1694510495515 121.59646411502833 23
1694510495659 117.02973743806322 24
1694510495793 123.48275482491691 25
1694510495927 116.88527692007722 26
1694510496063 120.08079901116459 27
1694510496196 115.7326193994531 28
1694510496325 113.48590676483006 29
1694510496459 111.38280470980135 30
1694510496593 106.76646036381113 31
1694510496739 110.4841587768823 32
1694510496879 108.76677582371663 33
1694510497017 108.66467731634839 34
1694510497164 105.48612695409025 35
1694510497298 100.24750779901152 36
1694510497434 102.8811866972949 37
1694510497574 96.18126158183425 38
1694510497713 100.02915646392857 39
1694510497846 101.5348808467472 40
1694510497983 96.37219544712667 41
1694510498113 94.07332139091132 42
1694510498247 98.44209564313158 43
1694510498374 91.67676917699131 44
1694510498487 91.64093177061679 45
1694510498601 85.65013076452982 46
1694510498718 87.91210397656786 47
1694510498831 85.78131934722181 48
1694510498953 84.94197377216985 49
