1694509293982 38.49737106608767 0
1694509294105 8.819072518391659 1
1694509294234 2.1578866756501576 2
1694509294358 0.6721348758305775 3
1694509294486 0.23054753169519596 4
1694509294624 0.19778824989466245 5
1694509294746 0.18370320430793985 6
1694509294868 0.1260427166337306 7
1694509294989 0.14225359446858937 8
1694509295113 0.12566478807432277 9
1694509295250 0.14397690542295902 10
1694509295380 0.1518926063960385 11
1694509295504 0.16453473288315545 12
1694509295631 0.16319563547807703 13
1694509295753 0.13920932049406987 14
1694509295872 0.12671735018266694 15
1694509295992 0.15712047875135696 16
1694509296126 0.21548120282044964 17
1694509296256 0.11175587993477837 18
1694509296383 0.1439832204211598 19
1694509296505 0.17098543312220274 20
1694509296626 0.14644505118858864 21
1694509296758 0.14475443715647235 22
1694509296879 0.13508628374908818 23
1694509297000 0.10835042729608628 24
1694509297133 0.13417989311610223 25
1694509297270 0.1311301151981515 26
1694509297403 0.15593365166395787 27
1694509297529 0.2072699630168163 28
1694509297647 0.12992400286389677 29
1694509297776 0.19375120001486942 30
1694509297898 0.12781047243334895 31
1694509298021 0.1310689234397044 32
1694509298145 0.11818950601817876 33
1694509298281 0.19786451795971424 34
1694509298403 0.15525737933744574 35
1694509298527 0.16418381351086417 36
1694509298652 0.11324716452683588 37
1694509298780 0.11917416389888437 38
1694509298901 0.1745421618761763 39
1694509299027 0.07789905049256257 40
1694509299146 0.11703361333229355 41
1694509299270 0.24327289086202747 42
1694509299391 0.11879049749283846 43
1694509299516 0.14897033654422073 44
1694509299646 0.09387103874240746 45
1694509299793 0.16068207686551378 46
1694509299939 0.15288687821509112 47
1694509300072 0.18438566243436022 48
1694509300206 0.14278001531898643 49
