1694509240332 -200.34216742123596 0
1694509240501 -172.50709874201584 1
1694509240646 -148.53905927078253 2
1694509240796 -127.8989993687691 3
1694509240933 -110.1242400506 4
1694509241082 -94.81623506424513 5
1694509241208 -81.6309698758046 6
1694509241333 -70.2745100157497 7
1694509241455 -60.491334959460175 8
1694509241588 -52.0625255545448 9
1694509241713 -44.801400862084535 10
1694509241837 -38.54418040395822 11
1694509241971 -33.152202146558245 12
1694509242089 -28.505317159338 13
1694509242217 -24.5000791707428 14
1694509242338 -21.046963054872744 15
1694509242457 -18.07004020359018 16
1694509242589 -15.503153659422786 17
1694509242723 -13.289849722235385 18
1694509242850 -11.380404093006026 19
1694509242976 -9.733036740144746 20
1694509243098 -8.311807141251698 21
1694509243220 -7.085044678861859 22
1694509243339 -6.026289266784382 23
1694509243462 -5.112197160822592 24
1694509243589 -4.322766673411643 25
1694509243713 -3.6407594608680727 26
1694509243840 -3.051490954631828 27
1694509243957 -2.5421740779556403 28
1694509244080 -2.1018424886113305 29
1694509244204 -1.7209882269333718 30
1694509244331 -1.3916220179064092 31
1694509244455 -1.1064491082055334 32
1694509244587 -0.859616762961469 33
1694509244726 -0.645764702043117 34
1694509244857 -0.46041947767984226 35
1694509244980 -0.29975291677155336 36
1694509245093 -0.16046091774593974 37
1694509245213 -0.03953542400347887 38
1694509245329 0.06549226044978529 39
1694509245449 0.15679814765525524 40
1694509245573 0.23614434491507752 41
1694509245700 0.3051813081313992 42
1694509245827 0.36527488593326574 43
1694509245953 0.4176238095988559 44
1694509246077 0.4632679446903468 45
1694509246198 0.5030891947619163 46
1694509246318 0.5378863199484935 47
1694509246442 0.5683466682275299 48
1694509246566 0.5949663547885431 49
