1694509240216 145.92747884817942 0
1694509240390 128.14888668542363 1
1694509240550 107.956214425291 2
1694509240702 92.39371824951827 3
1694509240842 80.78061775481954 4
1694509240982 68.79157018971819 5
1694509241126 60.77209318806005 6
1694509241251 50.7341142098449 7
1694509241374 43.92983529623542 8
1694509241504 39.82717852611689 9
1694509241632 32.069348154143775 10
1694509241758 28.600659929332732 11
1694509241880 24.046191150684827 12
1694509242012 21.27136248879239 13
1694509242135 18.26012012421633 14
1694509242259 16.45447238845982 15
1694509242378 13.645030432316542 16
1694509242505 12.719714104525831 17
1694509242637 9.47939940631446 18
1694509242767 9.640182819544469 19
1694509242891 7.802715743750696 20
1694509243016 6.463414644750736 21
1694509243139 5.971539397390397 22
1694509243258 4.939596629808786 23
1694509243383 4.562683046438698 24
1694509243502 3.8278300684595195 25
1694509243630 3.6118172367643884 26
1694509243758 3.142826478342226 27
1694509243880 2.4961129616829605 28
1694509243999 2.496202469827293 29
1694509244122 1.822686421641629 30
1694509244246 1.7177717745601497 31
1694509244372 1.4980180434467112 32
1694509244498 1.3130837592427558 33
1694509244635 1.1509451674316662 34
1694509244773 1.1410766075600585 35
1694509244899 1.1555447235556584 36
1694509245020 0.7513368674271771 37
1694509245133 0.6611400623292222 38
1694509245251 0.6810481630766863 39
1694509245370 0.6629766417021385 40
1694509245492 0.6252949379555455 41
1694509245619 0.5529496274221415 42
1694509245748 0.47085228302614085 43
1694509245868 0.37577318875847093 44
1694509245998 0.34544063187096935 45
1694509246119 0.3128289639216418 46
1694509246240 0.25619851526628634 47
1694509246360 0.40323140258541634 48
1694509246483 0.29745708720433894 49
