1694507673782 -6.831131901287 0
1694507674077 -6.105863656051822 1
1694507674347 -6.095041804426205 2
1694507674608 -6.072541116977245 3
1694507674870 -6.081437325218606 4
1694507675135 -6.250180077262209 5
1694507675428 -6.019451458618517 6
1694507675765 -6.106854541286214 7
1694507676105 -6.044924058182992 8
1694507676412 -6.090642350075454 9
1694507676717 -6.100163084443168 10
1694507676971 -6.136732689253881 11
1694507677225 -6.083554529425945 12
1694507677476 -6.082350251628406 13
1694507677715 -6.053567629487731 14
1694507677961 -6.0463540689575845 15
1694507678204 -6.110302068222116 16
1694507678453 -6.094674803228785 17
1694507678695 -6.1004010306069745 18
1694507678927 -6.165461694401605 19
1694507679166 -6.098602412919327 20
1694507679438 -6.213808613596219 21
1694507679686 -6.151623446422833 22
1694507679926 -6.099823990500159 23
1694507680197 -6.040916576710726 24
1694507680487 -6.078946867899974 25
1694507680809 -6.095199280421021 26
1694507681182 -6.0114789310636745 27
1694507681540 -6.097144398331481 28
1694507681910 -6.1436443753136265 29
1694507682336 -6.093532542307582 30
1694507682759 -6.112310407961909 31
1694507683140 -6.142078107294868 32
1694507683502 -6.1377417626320385 33
1694507683846 -6.029411734410038 34
1694507684171 -6.101313881776195 35
1694507684525 -6.101122422548762 36
1694507684940 -6.11574814512466 37
1694507685298 -6.105499132075472 38
1694507685703 -6.053048705847672 39
1694507686054 -6.128762252276778 40
1694507686434 -6.066681850308842 41
1694507686758 -6.216410590294876 42
1694507687074 -6.135676118201746 43
1694507687417 -6.100245133869454 44
1694507687803 -6.083000561781787 45
1694507688158 -6.12559442535926 46
1694507688537 -6.093016252709238 47
1694507688904 -6.245294645502751 48
1694507689287 -6.017784696122386 49
