1694507673641 6.195646998544424 0
1694507673946 4.764292738710178 1
1694507674214 3.572660085297808 2
1694507674483 5.243640464061797 3
1694507674744 3.1847841382403104 4
1694507675005 5.7463021892010095 5
1694507675275 5.093459501672924 6
1694507675604 3.2258805693617316 7
1694507675937 4.814763947978197 8
1694507676240 5.233730465367925 9
1694507676566 4.8122609906245355 10
1694507676847 1.7858496007273195 11
1694507677101 3.988752466323912 12
1694507677353 5.266418015092236 13
1694507677597 3.9684892540882486 14
1694507677831 3.561169535004892 15
1694507678082 5.199930765967557 16
1694507678327 4.999586965213396 17
1694507678575 8.052942753208907 18
1694507678813 5.117708525841485 19
1694507679051 5.192842374999631 20
1694507679302 5.055151594784863 21
1694507679563 4.324268662956173 22
1694507679813 2.535804973026557 23
1694507680051 3.596388369277135 24
1694507680348 2.3475259229694787 25
1694507680640 4.75496700107535 26
1694507680998 4.744337462634316 27
1694507681356 7.179501256081031 28
1694507681741 3.8857548714853274 29
1694507682169 5.188237263292022 30
1694507682528 4.3730184768949005 31
1694507682947 2.963771058800514 32
1694507683315 4.37795488809728 33
1694507683708 4.980457422357786 34
1694507684018 3.9595068064849817 35
1694507684364 4.776582381060754 36
1694507684713 2.516771075950692 37
1694507685117 4.352560168581643 38
1694507685515 5.583419716580179 39
1694507685872 6.237583376876972 40
1694507686236 6.0723987793458205 41
1694507686605 4.823607777641153 42
1694507686929 4.267773000023308 43
1694507687279 3.055583499166732 44
1694507687609 4.562625797562104 45
1694507687982 6.1111630764681895 46
1694507688344 8.092279114236607 47
1694507688730 3.467279569373493 48
1694507689101 4.130732139831791 49
