1694510644738 169.08902758239503 0
1694510644957 168.75120333488871 1
1694510645189 168.41742771680006 2
1694510645385 168.08431273085736 3
1694510645574 167.75185710313667 4
1694510645769 167.42005952842968 5
1694510645933 167.08891870411216 6
1694510646128 166.7584333301388 7
1694510646314 166.42860210903797 8
1694510646525 166.0994237459065 9
1694510646717 165.77089694840487 10
1694510646908 165.44302042675176 11
1694510647094 165.11579289371943 12
1694510647268 164.7892130646283 13
1694510647425 164.46327965734207 14
1694510647599 164.13799139226273 15
1694510647763 163.81334699232525 16
1694510647922 163.48934518299305 17
1694510648078 163.16598469225252 18
1694510648273 162.84326425060829 19
1694510648447 162.52118259107814 20
1694510648643 162.19973844918817 21
1694510648821 161.87893056296758 22
1694510648983 161.55875767294395 23
1694510649158 161.23921852213823 24
1694510649334 160.9203118560597 25
1694510649525 160.6020364227011 26
1694510649710 160.28439097253386 27
1694510649901 159.96737425850299 28
1694510650095 159.65098503602218 29
1694510650280 159.33522206296917 30
1694510650511 159.0200840996805 31
1694510650712 158.70556990894698 32
1694510650940 158.39167825600862 33
1694510651127 158.07840790854985 34
1694510651317 157.76575763669467 35
1694510651505 157.4537262130019 36
1694510651684 157.14231241246011 37
1694510651881 156.83151501248324 38
1694510652059 156.5213327929053 39
1694510652248 156.211764535976 40
1694510652454 155.9028090263556 41
1694510652650 155.59446505111063 42
1694510652824 155.28673139970843 43
1694510653024 154.9796068640131 44
1694510653259 154.67309023828037 45
1694510653446 154.3671803191528 46
1694510653643 154.06187590565537 47
1694510653849 153.7571757991905 48
1694510654028 153.45307880353343 49
