1694509152582 0.5364635800309283 0
1694509152774 0.7767465925641184 1
1694509152945 0.7806735202406179 2
1694509153123 0.780217859580114 3
1694509153306 0.7882997393172646 4
1694509153470 0.7855617436805951 5
1694509153663 0.7805607737597451 6
1694509153837 0.7860413313713922 7
1694509154002 0.7834392142092336 8
1694509154177 0.7790887925737671 9
1694509154361 0.7753248185943589 10
1694509154545 0.7762926672427727 11
1694509154711 0.7819808846497398 12
1694509154900 0.7802583145773033 13
1694509155087 0.7844407577111621 14
1694509155280 0.7770225173420822 15
1694509155446 0.780884814487791 16
1694509155626 0.781267252706796 17
1694509155808 0.7862225917269052 18
1694509155990 0.779625520233895 19
1694509156170 0.7798946302148093 20
1694509156341 0.7763298112560386 21
1694509156521 0.7802591636242687 22
1694509156687 0.7791229137426994 23
1694509156852 0.7835438632762773 24
1694509157041 0.7794771646790306 25
1694509157220 0.7851484727802274 26
1694509157387 0.7824210394240688 27
1694509157550 0.7833196056567364 28
1694509157723 0.7804058361796617 29
1694509157898 0.779421385842455 30
1694509158061 0.7863584685053997 31
1694509158251 0.7848290080645699 32
1694509158415 0.7821298022769497 33
1694509158580 0.7858743424163033 34
1694509158756 0.7768529472360978 35
1694509158926 0.7785254007604157 36
1694509159096 0.7766641719581068 37
1694509159284 0.779866131631834 38
1694509159448 0.7775098282908688 39
1694509159610 0.7838807240394984 40
1694509159786 0.7735396928011038 41
1694509159946 0.7846081333842954 42
1694509160113 0.7746967609218671 43
1694509160301 0.7802173215419285 44
1694509160465 0.7772521054967737 45
1694509160653 0.7805893132509965 46
1694509160816 0.7805895417344333 47
