1694509152487 0.7390471797112567 0
1694509152687 0.20702882487720956 1
1694509152862 0.31662787122098035 2
1694509153035 0.1164116052295965 3
1694509153218 0.01483468129730593 4
1694509153392 0.26196262524239183 5
1694509153580 0.7116438744390279 6
1694509153754 0.0449914452409093 7
1694509153923 0.11548557187885705 8
1694509154091 0.007728460289884743 9
1694509154280 0.040943514643701606 10
1694509154468 0.05155193938943814 11
1694509154629 0.10167601135938747 12
1694509154806 0.19618916662271915 13
1694509155002 0.09272498560375121 14
1694509155197 0.3209246695511682 15
1694509155364 0.034189410153978333 16
1694509155544 0.029160844426667533 17
1694509155721 0.12260195527389565 18
1694509155905 1.4725928872437318e-06 19
1694509156087 0.23546611627015257 20
1694509156262 0.1852103119012114 21
1694509156439 0.21645051771985657 22
1694509156607 0.13479807049036246 23
1694509156772 0.31592460512017184 24
1694509156956 7.395999055952972e-07 25
1694509157134 0.5787574603839541 26
1694509157309 0.1873519796448227 27
1694509157473 0.1644259702732985 28
1694509157644 0.02476281989070639 29
1694509157815 0.001137412293858425 30
1694509157984 0.2647191039796566 31
1694509158168 0.07780906988366379 32
1694509158338 0.009628892426826944 33
1694509158502 0.32336371620032645 34
1694509158669 0.005044937990762556 35
1694509158844 0.010894804255689004 36
1694509159013 0.12629019464439878 37
1694509159193 0.04763692730842761 38
1694509159371 0.10873815208409594 39
1694509159534 0.029589724507132657 40
1694509159702 0.1370074526820737 41
1694509159867 0.24261465508860589 42
1694509160034 0.0010348071736069955 43
1694509160215 0.05030349225504094 44
1694509160386 1.2819479678436392 45
1694509160575 0.030583517267912502 46
1694509160736 0.0008755543768710707 47
