1694491527342 -241.27346756004027 0
1694491527478 -236.46450812594625 1
1694491527616 -231.75112687535625 2
1694491527768 -227.1314236419477 3
1694491527936 -222.6035359956876 4
1694491528061 -218.1656385416768 5
1694491528190 -213.8159421835686 6
1694491528329 -209.55269340163875 7
1694491528466 -205.37417354521676 8
1694491528591 -201.2786981391917 9
1694491528721 -197.26461620431243 10
1694491528858 -193.3303095910088 11
1694491528992 -189.47419232646365 12
1694491529110 -185.69470997467263 13
1694491529234 -181.99033900923357 14
1694491529361 -178.35958619861134 15
1694491529503 -174.8009880036314 16
1694491529643 -171.31310998695707 17
1694491529784 -167.89454623431357 18
1694491529931 -164.54391878722413 19
1694491530081 -161.25987708703 20
1694491530206 -158.04109742996894 21
1694491530343 -154.88628243309293 22
1694491530455 -151.7941605108092 23
1694491530582 -148.7634853618333 24
1694491530712 -145.79303546634665 25
1694491530835 -142.88161359315654 26
1694491530978 -140.02804631665845 27
1694491531099 -137.23118354340647 28
1694491531219 -134.48989804810054 29
1694491531358 -131.80308501880262 30
1694491531484 -129.16966161119925 31
1694491531614 -126.5885665117294 32
1694491531743 -124.05875950940211 33
1694491531864 -121.57922107613061 34
1694491532011 -119.14895195541348 35
1694491532149 -116.76697275919716 36
1694491532308 -114.43232357275681 37
1694491532463 -112.14406356743558 38
1694491532601 -109.90127062108724 39
1694491532725 -107.70304094606719 40
1694491532855 -105.5484887246234 41
1694491532995 -103.4367457515386 42
1694491533121 -101.36696108388067 43
1694491533245 -99.33830069771908 44
1694491533371 -97.3499471516689 45
1694491533496 -95.40109925712706 46
1694491533623 -93.49097175506698 47
1694491533761 -91.61879499926184 48
1694491533897 -89.78381464580808 49
