1694491527239 169.11395829895324 0
1694491527375 165.75044133140028 1
1694491527520 162.4571839703932 2
1694491527657 159.22940862592284 3
1694491527825 156.06581321487968 4
1694491527973 152.96512151460024 5
1694491528104 149.9260826823446 6
1694491528228 146.94747075052106 7
1694491528361 144.02808413195115 8
1694491528502 141.16674513497577 9
1694491528630 138.36229948820656 10
1694491528761 135.61361587472993 11
1694491528893 132.9195854755767 12
1694491529026 130.2791215222724 13
1694491529141 127.6911588582875 14
1694491529270 125.15465350921123 15
1694491529403 122.66858226147434 16
1694491529545 120.23194224945185 17
1694491529684 117.84375055077835 18
1694491529825 115.50304378971263 19
1694491529977 113.20887774839193 20
1694491530122 110.960326985818 21
1694491530250 108.75648446442214 22
1694491530379 106.59646118405776 23
1694491530496 104.47938582327285 24
1694491530619 102.4044043877179 25
1694491530752 100.37067986554672 26
1694491530877 98.37739188967163 27
1694491531014 96.42373640673621 28
1694491531135 94.50892535267238 29
1694491531263 92.63218633471041 30
1694491531399 90.7927623197139 31
1694491531525 88.98991132871367 32
1694491531656 87.22290613751721 33
1694491531780 85.49103398327303 34
1694491531899 83.79359627687137 35
1694491532050 82.12990832106505 36
1694491532196 80.49929903419675 37
1694491532344 78.90111067942149 38
1694491532502 77.33469859931431 39
1694491532639 75.7994309557568 40
1694491532767 74.2946884749969 41
1694491532898 72.81986419777948 42
1694491533036 71.37436323444632 43
1694491533154 69.95760252490741 44
1694491533285 68.56901060338572 45
1694491533413 67.20802736784144 46
1694491533539 65.87410385398175 47
1694491533664 64.5667020137656 48
1694491533796 63.2852944983137 49
