1694347676887 169.34901212942756 0
1694347677089 137.1671117638377 1
1694347677294 111.65669355917433 2
1694347677527 91.38224590327702 3
1694347677724 75.22407662670183 4
1694347677934 62.30793542598359 5
1694347678166 51.95043578202883 6
1694347678397 43.61671355469532 7
1694347678603 36.88756526694054 8
1694347678813 31.43393223293305 9
1694347679044 26.997078643932763 10
1694347679285 23.373184559333282 11
1694347679484 20.40136321898238 12
1694347679680 17.954335327260306 13
1694347679886 15.931165742895722 14
1694347680086 14.251601767653405 15
1694347680284 12.851655795318912 16
1694347680541 11.68015528993121 17
1694347680743 10.696045190939245 18
1694347680947 9.866275978277109 19
1694347681140 9.164147932655371 20
1694347681335 8.568011040847242 21
1694347681533 8.060242414537075 22
1694347681735 7.626440478770623 23
1694347681934 7.254788675694066 24
1694347682134 6.935551898597204 25
1694347682359 6.66067699971882 26
1694347682547 6.423475028984668 27
1694347682736 6.218367767352937 28
1694347682942 6.040684933432176 29
1694347683140 5.886501410114667 30
1694347683336 5.752506148691709 31
1694347683548 5.635896208218504 32
1694347683742 5.534290791693177 33
1694347683954 5.445661236252108 34
1694347684149 5.368273770594729 35
1694347684344 5.300642522413534 36
1694347684555 5.241490783000452 37
1694347684850 5.189718947484287 38
1694347685071 5.144377872229194 39
1694347685291 5.104646645148046 40
1694347685526 5.069813965109625 41
1694347685758 5.039262484958356 42
1694347685955 5.0124555980403755 43
1694347686160 4.9889262476477265 44
1694347686400 4.968267417995922 45
1694347686623 4.950124028566467 46
1694347686847 4.93418600425639 47
1694347687073 4.920182334426832 48
1694347687303 4.907875966704543 49
1694347687485 4.897059407889769 50
1694347687690 4.887550925838448 51
1694347687902 4.879191263721568 52
1694347688141 4.871840792412919 53
1694347688355 4.865377038544552 54
1694347688567 4.859692535493848 55
1694347688780 4.854692952620691 56
1694347688988 4.850295464772173 57
1694347689193 4.846427329665745 58
1694347689426 4.843024645450326 59
1694347689636 4.840031264690207 60
1694347689797 4.8373978443482475 61
1694347689993 4.835081014168312 62
1694347690173 4.8330426482575595 63
1694347690422 4.831249226716558 64
1694347690638 4.829671275916684 65
1694347690873 4.828282877526323 66
1694347691074 4.827061237679255 67
1694347691261 4.825986308791614 68
1694347691487 4.825040457495591 69
1694347691702 4.824208172989968 70
1694347691936 4.82347581082913 71
1694347692139 4.822831367798339 72
1694347692330 4.822264284067937 73
1694347692557 4.821765269293382 74
1694347692794 4.821326149741324 75
1694347693027 4.820939733882862 76
1694347693211 4.8205996942102365 77
1694347693404 4.8203004633086195 78
1694347693614 4.820037142455901 79
1694347693873 4.819805421234115 80
1694347694104 4.819601506821302 81
1694347694315 4.819422061794335 82
1694347694531 4.819264149415553 83
1694347694730 4.819125185500436 84
1694347694949 4.819002896073093 85
1694347695172 4.8188952801123 86
1694347695378 4.8188005767749935 87
1694347695579 4.818717236558432 88
1694347695816 4.818643895926953 89
1694347696018 4.818579354986747 90
1694347696203 4.818522557842048 91
1694347696386 4.81847257531041 92
