1694510403612 -199.7347526829556 0
1694510403762 -171.74623509726487 1
1694510403913 -147.6636717969608 2
1694510404064 -126.94174602452539 3
1694510404199 -109.1115301319743 4
1694510404332 -93.76958745112304 5
1694510404460 -80.56786518849397 6
1694510404595 -69.2087593001085 7
1694510404723 -59.43415970903795 8
1694510404856 -51.023532636208884 9
1694510404998 -43.78677012136168 10
1694510405142 -37.55952294828315 11
1694510405283 -32.201038570606094 12
1694510405418 -27.5902343068578 13
1694510405549 -23.622740246847673 14
1694510405679 -20.20868407244356 15
1694510405814 -17.27098001407709 16
1694510405959 -14.743179778302379 17
1694510406094 -12.568142246326683 18
1694510406222 -10.696539554786593 19
1694510406352 -9.086045966194202 20
1694510406480 -7.700223622589792 21
1694510406618 -6.507832309169289 22
1694510406753 -5.481819006989989 23
1694510406881 -4.598976634767639 24
1694510407016 -3.8393533237820057 25
1694510407153 -3.185880540945263 26
1694510407291 -2.6235435400707083 27
1694510407433 -2.1396779406679873 28
1694510407553 -1.7234218875402258 29
1694510407669 -1.3652355737134831 30
1694510407784 -1.0570953564913945 31
1694510407898 -0.7919705400937016 32
1694510408017 -0.5638890057579797 33
1694510408135 -0.36769889542021983 34
1694510408247 -0.19890715732486464 35
1694510408360 -0.053704224088439334 36
1694510408477 0.0711966944733936 37
1694510408589 0.1786345122246198 38
1694510408713 0.2710716878257349 39
1694510408825 0.35058555974908545 40
1694510408939 0.418951516202264 41
1694510409055 0.47775761937728256 42
1694510409174 0.5283274402882742 43
1694510409288 0.5718106741335505 44
1694510409401 0.6092203730289593 45
1694510409520 0.6413848327543638 46
1694510409635 0.6690260291411116 47
1694510409767 0.6928104138879558 48
1694510409896 0.7132260781255935 49
