1694508106032 -6.315816783449643 0
1694508106306 -5.612128930489642 1
1694508106575 -5.651540040148421 2
1694508106825 -5.641515090585217 3
1694508107087 -5.588388199517503 4
1694508107363 -5.594946094450945 5
1694508107629 -5.659523526806427 6
1694508107899 -5.607209966348453 7
1694508108161 -5.6004720083693105 8
1694508108438 -5.612467609875522 9
1694508108708 -5.629707495050494 10
1694508109009 -5.596548812043568 11
1694508109275 -5.567094157528855 12
1694508109535 -5.660783660507915 13
1694508109795 -5.609251013495979 14
1694508110091 -5.599000223452782 15
1694508110355 -5.665089947651663 16
1694508110613 -5.648013746613222 17
1694508110882 -5.636346297128316 18
1694508111194 -5.552878404842815 19
1694508111456 -5.576477461174077 20
1694508111707 -5.588920131955334 21
1694508111966 -5.523100938655215 22
1694508112249 -5.568839168258136 23
1694508112514 -5.532899495773222 24
1694508112770 -5.567278379975923 25
1694508113035 -5.588047662116246 26
1694508113311 -5.658461014061476 27
1694508113572 -5.596631168232396 28
1694508113842 -5.610223906408157 29
1694508114093 -5.547240299481429 30
1694508114347 -5.649038419337638 31
1694508114607 -5.5736278089569105 32
1694508114858 -5.5720205177676165 33
1694508115113 -5.598115292784547 34
1694508115356 -5.590278063786392 35
1694508115603 -5.580383636584233 36
1694508115836 -5.6264479956044395 37
1694508116067 -5.62998813836798 38
1694508116318 -5.659401999141079 39
1694508116574 -5.640776709671403 40
1694508116816 -5.666005055889987 41
1694508117043 -5.618040277630708 42
1694508117306 -5.6290273322066104 43
1694508117563 -5.586480330853289 44
1694508117812 -5.650860558917663 45
1694508118052 -5.606156683835179 46
1694508118300 -5.547241214107407 47
1694508118546 -5.560453980075687 48
1694508118784 -5.589676747517421 49
