1694510434564 -238.67422813235623 0
1694510434695 -235.10488114809348 1
1694510434835 -231.58860135015348 2
1694510434975 -228.12470275497876 3
1694510435107 -224.71254163196815 4
1694510435249 -221.3511194126815 5
1694510435388 -218.0398522072744 6
1694510435519 -214.77783466240862 7
1694510435665 -211.56444759906992 8
1694510435809 -208.39901530396747 9
1694510435941 -205.28069831747035 10
1694510436076 -202.20881431112926 11
1694510436206 -199.1828120904584 12
1694510436339 -196.20182993276842 13
1694510436481 -193.26524225476953 14
1694510436620 -190.37250331875816 15
1694510436755 -187.5228184524664 16
1694510436887 -184.71565896849847 17
1694510437021 -181.95032252568694 18
1694510437156 -179.22618354567336 19
1694510437300 -176.54271882485617 20
1694510437437 -173.89916349838373 21
1694510437570 -171.29500185844657 22
1694510437701 -168.72972536436143 23
1694510437842 -166.20254675589922 24
1694510437980 -163.71323742422317 25
1694510438096 -161.26085154783615 26
1694510438209 -158.84515529173663 27
1694510438329 -156.46542466417432 28
1694510438450 -154.12118164527533 29
1694510438564 -151.81181472916674 30
1694510438677 -149.5369373761747 31
1694510438787 -147.29595909300323 32
1694510438904 -145.0883188342533 33
1694510439019 -142.91362138968205 34
1694510439142 -140.77129452893308 35
1694510439268 -138.6608375037858 36
1694510439387 -136.58184548926877 37
1694510439501 -134.5338752204185 38
1694510439613 -132.51639106402433 39
1694510439738 -130.5289538095989 40
1694510439871 -128.57112837431197 41
1694510440002 -126.64248004756952 42
1694510440141 -124.74258992063824 43
1694510440273 -122.87104669299994 44
1694510440410 -121.02734828877077 45
1694510440544 -119.21121555210028 46
1694510440670 -117.42210449282689 47
1694510440798 -115.65963528885064 48
1694510440926 -113.92351850372728 49
