1694510434474 172.04765144225254 0
1694510434607 157.31053494765902 1
1694510434740 162.18005313104715 2
1694510434884 160.89273557862228 3
1694510435020 152.37606322140883 4
1694510435155 155.43046558239442 5
1694510435297 151.975366933264 6
1694510435433 152.71580265426465 7
1694510435569 149.72825184931241 8
1694510435714 143.98530859723422 9
1694510435854 144.7550206357191 10
1694510435985 143.5726901564199 11
1694510436119 138.84896212175516 12
1694510436255 139.44927369283013 13
1694510436384 138.31086260375525 14
1694510436533 135.13104723890677 15
1694510436665 133.44128185908133 16
1694510436802 130.16019058499657 17
1694510436933 127.04139271562244 18
1694510437067 125.29294904233697 19
1694510437203 122.79644516849199 20
1694510437350 123.03592432537131 21
1694510437481 123.0417603205595 22
1694510437614 117.43263829016067 23
1694510437745 119.97508154701771 24
1694510437887 109.97142062523602 25
1694510438022 115.5349434601236 26
1694510438135 108.1247721747376 27
1694510438251 107.52042089920795 28
1694510438368 104.89150729117564 29
1694510438489 107.07044195344592 30
1694510438602 101.29517614588484 31
1694510438716 100.25344678684068 32
1694510438825 101.05572111431299 33
1694510438944 97.67057254406446 34
1694510439058 97.3785504448362 35
1694510439183 99.35972603152682 36
1694510439306 95.34750294471799 37
1694510439426 92.83382759449589 38
1694510439541 93.31008022226233 39
1694510439652 92.2215827444945 40
1694510439784 92.31363720297152 41
1694510439915 90.21275100259471 42
1694510440052 89.3510898744385 43
1694510440186 85.39887155135708 44
1694510440316 85.58995484807609 45
1694510440461 80.56741746458908 46
1694510440586 81.84742597859419 47
1694510440714 80.7323246405935 48
1694510440840 78.10606674943205 49
