1694490548886 168.2571897463412 0
1694490548978 157.45543020973068 1
1694490549073 160.21791868002512 2
1694490549171 155.44844039562105 3
1694490549270 155.2965796848838 4
1694490549380 153.99398001411154 5
1694490549495 149.87827256446533 6
1694490549598 150.99219792710636 7
1694490549695 149.83501972014935 8
1694490549796 148.08527565602873 9
1694490549898 150.38945317726007 10
1694490550000 144.04714029530376 11
1694490550102 140.14287110771383 12
1694490550214 141.72721059322018 13
1694490550315 137.2824937088768 14
1694490550418 138.0434045476945 15
1694490550516 131.06591742520294 16
1694490550619 131.32808855856544 17
1694490550710 135.79880884663 18
1694490550800 131.8499583682023 19
1694490550906 131.61906974380463 20
1694490551013 125.97404899950166 21
1694490551106 121.4448367760248 22
1694490551198 125.92156504185056 23
1694490551291 121.70810393156579 24
1694490551394 118.9152750747597 25
1694490551499 117.56861267215132 26
1694490551595 118.93814747986869 27
1694490551696 116.9767351399415 28
1694490551793 113.23320733507732 29
1694490551898 113.7371934464659 30
1694490551990 112.64921647786207 31
1694490552091 109.36382628159859 32
1694490552193 109.99957044249095 33
1694490552303 107.54348965992266 34
1694490552437 105.33937994210915 35
1694490552570 104.34266195155843 36
1694490552675 101.74869360706717 37
1694490552781 101.4370983574191 38
1694490552877 99.35520873404384 39
1694490552975 99.0683120143835 40
1694490553075 94.92373965575857 41
1694490553177 94.30009008792914 42
1694490553267 94.29906051267781 43
1694490553370 97.4144450269315 44
1694490553470 92.25183196149911 45
1694490553579 91.37144600794673 46
1694490553678 91.7488257778821 47
1694490553782 86.1429454806286 48
1694490553884 88.83131457355216 49
