1694425431564 -6.175548297679397 0
1694425431756 -6.20968396715528 1
1694425431934 -5.992692979280001 2
1694425432087 -6.036396635751814 3
1694425432242 -6.354683867338365 4
1694425432404 -6.2700392941367955 5
1694425432560 -5.929812319180699 6
1694425432724 -6.575952263499248 7
1694425432881 -6.1507708334307765 8
1694425433042 -5.867548525442279 9
1694425433197 -5.70174991350615 10
1694425433340 -5.993972897163535 11
1694425433486 -6.133557361089954 12
1694425433640 -6.285360947040953 13
1694425433794 -5.9950022595157 14
1694425433944 -5.988629448237431 15
1694425434098 -6.185949448538537 16
1694425434254 -6.298597016305476 17
1694425434410 -6.167328967940989 18
1694425434558 -6.386693342617635 19
1694425434716 -6.238206129662575 20
1694425434878 -6.497431067220313 21
1694425435030 -6.0283500509850105 22
1694425435205 -6.012177181959124 23
1694425435371 -5.800697716522841 24
1694425435527 -6.668280981514453 25
1694425435675 -6.292383286698964 26
1694425435825 -6.201930735686592 27
1694425435973 -6.0964595769518315 28
1694425436126 -6.248666127124975 29
1694425436281 -6.026547716931564 30
1694425436425 -6.065877999715898 31
1694425436570 -5.6847579640501245 32
1694425436726 -6.162402820512642 33
1694425436891 -6.639516531811208 34
1694425437034 -6.438979685208536 35
1694425437171 -6.033523583640489 36
1694425437328 -6.388115595161853 37
1694425437478 -6.217828050859742 38
1694425437629 -6.226416514759598 39
1694425437781 -6.165953447749395 40
1694425437950 -6.3517017457417815 41
1694425438104 -6.475197907476518 42
1694425438265 -5.815044855883778 43
1694425438415 -5.903304510755967 44
1694425438573 -6.426131223123165 45
1694425438723 -6.238966930284955 46
1694425438877 -6.40943860290123 47
1694425439030 -6.25833000402904 48
1694425439187 -6.352988498467328 49
