1694425431481 5.5060862844917535 0
1694425431661 2.6280365187474075 1
1694425431850 7.187435794934786 2
1694425432019 6.285317577260116 3
1694425432170 1.988177282596979 4
1694425432333 3.4251507972892186 5
1694425432481 3.043089711828272 6
1694425432640 2.2408754044095525 7
1694425432807 3.9611638481712625 8
1694425432963 3.4651395063551367 9
1694425433123 6.49993426741784 10
1694425433280 4.906113271166741 11
1694425433414 4.012081900723103 12
1694425433567 3.5510759003903107 13
1694425433720 4.601310311144433 14
1694425433877 4.450688346771543 15
1694425434026 5.263940755461662 16
1694425434178 0.5414912865941087 17
1694425434340 2.843739283722156 18
1694425434487 4.488699302371966 19
1694425434644 3.805896730667107 20
1694425434806 7.436936741487986 21
1694425434957 5.165836439032666 22
1694425435116 5.921284829886927 23
1694425435299 2.7970854744473037 24
1694425435448 4.45930478519314 25
1694425435605 9.224353862452672 26
1694425435750 5.07110170171866 27
1694425435900 4.768326068608251 28
1694425436053 2.7739840591173426 29
1694425436207 7.262309778717463 30
1694425436361 2.82946258036418 31
1694425436500 2.463410362904764 32
1694425436652 6.495765113409697 33
1694425436810 3.7130532442702666 34
1694425436970 5.845479953421244 35
1694425437110 5.835787397237977 36
1694425437251 2.5052118332051547 37
1694425437406 10.359310731724538 38
1694425437560 4.482155003621058 39
1694425437706 4.822086348479099 40
1694425437867 2.226398862575205 41
1694425438035 13.7255764292984 42
1694425438186 3.5203390856624743 43
1694425438341 3.252109157879722 44
1694425438496 5.800886549204313 45
1694425438652 3.7397923917526574 46
1694425438800 5.570099378111663 47
1694425438957 1.4978069572457673 48
1694425439112 8.752442533675108 49
