1694491541532 -237.609544621102 0
1694491541651 -232.86417523569233 1
1694491541780 -228.21325471737228 2
1694491541911 -223.6549025778498 3
1694491542085 -219.1872757439207 4
1694491542241 -214.80856786018776 5
1694491542363 -210.51700855694625 6
1694491542504 -206.31086273268352 7
1694491542626 -202.18842985090203 8
1694491542757 -198.1480432509785 9
1694491542899 -194.18806947277852 10
1694491543035 -190.30690759475206 11
1694491543177 -186.50298858524013 12
1694491543326 -182.77477466672823 13
1694491543458 -179.1207586927884 14
1694491543591 -175.53946353745562 15
1694491543718 -172.02944149679044 16
1694491543841 -168.58927370238405 17
1694491543980 -165.21756954656732 18
1694491544106 -161.91296611908953 19
1694491544240 -158.67412765503798 20
1694491544375 -155.49974499377356 21
1694491544500 -152.38853504866242 22
1694491544626 -149.3392402873875 23
1694491544758 -146.35062822262944 24
1694491544882 -143.4214909129084 25
1694491545018 -140.55064447338518 26
1694491545148 -137.7369285964213 27
1694491545282 -134.97920608170438 28
1694491545432 -132.27636237574663 29
1694491545571 -129.62730512056982 30
1694491545698 -127.03096371139333 31
1694491545840 -124.48628886314451 32
1694491545973 -121.99225218561669 33
1694491546093 -119.54784576710061 34
1694491546231 -117.15208176632063 35
1694491546367 -114.80399201251038 36
1694491546497 -112.50262761346433 37
1694491546623 -110.24705857140668 38
1694491546748 -108.03637340652114 39
1694491546881 -105.86967878798879 40
1694491547024 -103.74609917238391 41
1694491547157 -101.66477644928122 42
1694491547285 -99.62486959392989 43
1694491547422 -97.62555432685407 44
1694491547620 -95.66602278024088 45
1694491547779 -93.74548317098076 46
1694491547912 -91.8631594802273 47
1694491548065 -90.01829113934633 48
1694491548194 -88.21013272212696 49
