1694491541441 169.24840561640372 0
1694491541567 165.87930360326678 1
1694491541687 162.58066283625723 2
1694491541818 159.34769365475077 3
1694491541958 156.17908793237498 4
1694491542125 153.07356358573566 5
1694491542277 150.02986408865456 6
1694491542408 147.04675796220386 7
1694491542544 144.12303827492988 8
1694491542671 141.25752215306255 9
1694491542798 138.44905030051024 10
1694491542946 135.696486528444 11
1694491543069 132.99871729428017 12
1694491543223 130.35465124987192 13
1694491543366 127.76321879872675 14
1694491543499 125.2233716620684 15
1694491543626 122.7340824535667 16
1694491543751 120.29434426256185 17
1694491543879 117.90317024561287 18
1694491544017 115.55959322620429 19
1694491544140 113.26266530244713 20
1694491544276 111.01145746261483 21
1694491544416 108.80505920835724 22
1694491544539 106.6425781854387 23
1694491544663 104.52313982185059 24
1694491544797 102.44588697314981 25
1694491544921 100.40997957487937 26
1694491545057 98.41459430192931 27
1694491545188 96.45892423469903 28
1694491545321 94.54217853192496 29
1694491545478 92.66358211004065 30
1694491545606 90.82237532893821 31
1694491545739 89.0178136840033 32
1694491545879 87.24916750429851 33
1694491546007 85.51572165677145 34
1694491546135 83.81677525636812 35
1694491546269 82.15164138193252 36
1694491546406 80.51964679777744 37
1694491546535 78.92013168081303 38
1694491546663 77.3524493531216 39
1694491546784 75.81596601987036 40
1694491546917 74.31006051245507 41
1694491547059 72.83412403677 42
1694491547200 71.38755992650205 43
1694491547317 69.96978340134838 44
1694491547470 68.58022133005902 45
1694491547678 67.21831199820855 46
1694491547814 65.88350488060175 47
1694491547944 64.57526041822106 48
1694491548104 63.293049799624825 49
