1694491200052 -239.33736326697004 0
1694491200189 -236.11346038747448 1
1694491200306 -232.93273580516566 2
1694491200425 -229.7947811913813 3
1694491200537 -226.69870145803154 4
1694491200635 -223.6447102095755 5
1694491200738 -220.6312501310522 6
1694491200846 -217.65825044197288 7
1694491200945 -214.72536391529894 8
1694491201043 -211.83167205190102 9
1694491201147 -208.97730248833412 10
1694491201248 -206.16088129850365 11
1694491201335 -203.38218985754122 12
1694491201425 -200.6408145380023 13
1694491201522 -197.9364644468901 14
1694491201613 -195.2683689410413 15
1694491201710 -192.6360768435875 16
1694491201815 -190.03896565026525 17
1694491201906 -187.47683422763814 18
1694491202005 -184.94905259884993 19
1694491202091 -182.4551835450361 20
1694491202185 -179.99492843258773 21
1694491202289 -177.56743734000256 22
1694491202394 -175.17251311663028 23
1694491202484 -172.81002065929627 24
1694491202583 -170.4792396677626 25
1694491202678 -168.1795674899012 26
1694491202767 -165.91099841304657 27
1694491202865 -163.6724883018794 28
1694491202953 -161.46434966794132 29
1694491203050 -159.2858167772806 30
1694491203155 -157.1364377300964 31
1694491203272 -155.01591395115193 32
1694491203368 -152.92389606685688 33
1694491203485 -150.859985117336 34
1694491203585 -148.82357703526822 35
1694491203699 -146.81478935159964 36
1694491203801 -144.83282575517623 37
1694491203905 -142.87764806458728 38
1694491203998 -140.94839205432226 39
1694491204093 -139.04519181336053 40
1694491204187 -137.16780209968042 41
1694491204285 -135.31522364211506 42
1694491204392 -133.4875459343925 43
1694491204501 -131.68441939932165 44
1694491204608 -129.90558073687134 45
1694491204709 -128.15070919342708 46
1694491204796 -126.41921406115391 47
1694491204897 -124.7110683975004 48
1694491204999 -123.02577950265928 49
