1694491199978 165.46876278994523 0
1694491200099 162.87672554370508 1
1694491200232 163.71140315347625 2
1694491200343 161.34105457030202 3
1694491200464 162.94771299064337 4
1694491200571 152.19665391247977 5
1694491200669 156.12430605807455 6
1694491200774 157.95542123011288 7
1694491200877 151.98872752013776 8
1694491200981 152.29303034316382 9
1694491201077 144.5265133847832 10
1694491201182 142.9643493819316 11
1694491201277 143.07439644808775 12
1694491201365 143.1213567825551 13
1694491201454 138.54087889767848 14
1694491201554 134.4361724715463 15
1694491201643 133.43836484637868 16
1694491201744 132.50284601366576 17
1694491201844 131.39133129895737 18
1694491201937 129.0533873312782 19
1694491202035 128.34033795155068 20
1694491202122 125.05554689294078 21
1694491202217 127.3782928643579 22
1694491202323 127.57607761647027 23
1694491202425 120.27496997457796 24
1694491202513 118.66314702557125 25
1694491202618 118.27784223177287 26
1694491202706 112.66383160469034 27
1694491202804 117.401468103921 28
1694491202896 112.96187618453166 29
1694491202983 109.93491859849146 30
1694491203086 110.20663737523567 31
1694491203195 109.05689343515078 32
1694491203307 107.43668251426476 33
1694491203407 104.10440420682279 34
1694491203521 107.24692366191535 35
1694491203624 101.35066442923522 36
1694491203734 100.66872629637233 37
1694491203836 96.12683433305843 38
1694491203939 98.97038229216996 39
1694491204028 96.47723482533728 40
1694491204122 90.50704006033855 41
1694491204222 93.95923515757968 42
1694491204323 94.94721123881432 43
1694491204430 94.07037053753537 44
1694491204540 91.65895823363412 45
1694491204643 86.79992685949648 46
1694491204739 88.92933860356706 47
1694491204832 85.80146424170589 48
1694491204932 85.74587964255984 49
