1694510818291 -240.8185355910615 0
1694510818453 -236.01858128827595 1
1694510818582 -231.314026682814 2
1694510818724 -226.70297515045706 3
1694510818881 -222.18356773298692 4
1694510819017 -217.75398243833632 5
1694510819175 -213.41243350537974 6
1694510819338 -209.15717068334942 7
1694510819471 -204.98647852558386 8
1694510819629 -200.89867569732667 9
1694510819777 -196.8921142972927 10
1694510819923 -192.96517919273012 11
1694510820071 -189.1162873677091 12
1694510820213 -185.34388728437375 13
1694510820359 -181.64645825689954 14
1694510820496 -178.0225098379037 15
1694510820648 -174.47058121706056 16
1694510820823 -170.98924063167914 17
1694510820998 -167.57708478900497 18
1694510821142 -164.23273830001295 19
1694510821296 -160.95485312446257 20
1694510821458 -157.74210802699136 21
1694510821615 -154.59320804402753 22
1694510821757 -151.50688396130542 23
1694510821916 -148.48189180177422 24
1694510822045 -145.51701232369206 25
1694510822184 -142.61105052870343 26
1694510822324 -139.76283517970126 27
1694510822471 -136.97121832827884 28
1694510822611 -134.23507485158092 29
1694510822746 -131.55330199836698 30
1694510822912 -128.92481894410346 31
1694510823061 -126.34856635490527 32
1694510823199 -123.8235059601506 33
1694510823338 -121.34862013359624 34
1694510823515 -118.92291148282486 35
1694510823675 -116.54540244685785 36
1694510823825 -114.21513490177172 37
1694510824006 -111.93116977415885 38
1694510824151 -109.69258666227616 39
1694510824295 -107.49848346472905 40
1694510824441 -105.34797601654101 41
1694510824586 -103.24019773246117 42
1694510824737 -101.17429925736663 43
1694510824883 -99.14944812361796 44
1694510825047 -97.16482841522975 45
1694510825199 -95.21964043872046 46
1694510825354 -93.31310040050897 47
1694510825482 -91.44444009072741 48
1694510825627 -89.61290657332258 49
