1694490017140 -246.6670717354368 0
1694490017275 -246.62255125093253 1
1694490017434 -246.57803952072263 2
1694490017584 -246.5335366023937 3
1694490017714 -246.48904249412817 4
1694490017898 -246.44455719410948 5
1694490018022 -246.40008070052153 6
1694490018154 -246.35561301154843 7
1694490018299 -246.31115412537494 8
1694490018425 -246.2667040401859 9
1694490018569 -246.22226275416682 10
1694490018691 -246.17783026550345 11
1694490018826 -246.13340657238183 12
1694490018951 -246.0889916729886 13
1694490019076 -246.04458556551063 14
1694490019201 -246.00018824813523 15
1694490019326 -245.95579971905 16
1694490019452 -245.91141997644303 17
1694490019588 -245.86704901850285 18
1694490019715 -245.8226868434182 19
1694490019840 -245.7783334493783 20
1694490019981 -245.73398883457267 21
1694490020114 -245.6896529971914 22
1694490020249 -245.64532593542472 23
1694490020376 -245.6010076474635 24
1694490020502 -245.55669813149873 25
1694490020667 -245.5123973857219 26
1694490020791 -245.46810540832493 27
1694490020913 -245.42382219750013 28
1694490021038 -245.37954775144001 29
1694490021165 -245.33528206833768 30
1694490021287 -245.2910251463865 31
1694490021412 -245.24677698378028 32
1694490021530 -245.20253757871313 33
1694490021665 -245.15830692937968 34
1694490021797 -245.11408503397482 35
1694490021923 -245.0698718906938 36
1694490022047 -245.02566749773231 37
1694490022189 -244.9814718532865 38
1694490022327 -244.9372849555527 39
1694490022449 -244.8931068027278 40
1694490022588 -244.84893739300904 41
1694490022717 -244.80477672459395 42
1694490022984 -244.76062479568046 43
1694490023101 -244.716481604467 44
1694490023227 -244.67234714915224 45
1694490023349 -244.6282214279353 46
1694490023463 -244.58410443901573 47
1694490023589 -244.53999618059325 48
1694490023727 -244.4958966508682 49
