1694490017039 169.46559308068268 0
1694490017174 169.43171221004351 1
1694490017321 169.40122639049207 2
1694490017479 169.37074656774945 3
1694490017630 169.34027278124657 4
1694490017761 169.30980502973821 5
1694490017932 169.27934331197977 6
1694490018064 169.24888762672686 7
1694490018195 169.21843797273556 8
1694490018338 169.18799434876198 9
1694490018465 169.15755675356263 10
1694490018607 169.12712518589427 11
1694490018731 169.09669964451385 12
1694490018861 169.0662801281787 13
1694490018991 169.03586663564627 14
1694490019115 169.00545916567444 15
1694490019235 168.97505771702117 16
1694490019365 168.9446622884448 17
1694490019486 168.91427287870394 18
1694490019625 168.8838894865574 19
1694490019753 168.85351211076426 20
1694490019878 168.8231407500839 21
1694490020023 168.79277540327587 22
1694490020151 168.76241606910017 23
1694490020288 168.73206274631687 24
1694490020410 168.7017154336864 25
1694490020575 168.6713741299694 26
1694490020705 168.6410388339268 27
1694490020825 168.61070954431983 28
1694490020947 168.58038625990991 29
1694490021077 168.55006897945876 30
1694490021202 168.5197577017283 31
1694490021326 168.48945242548086 32
1694490021448 168.45915314947885 33
1694490021568 168.42885987248505 34
1694490021699 168.39857259326251 35
1694490021826 168.36829131057448 36
1694490021962 168.3380160231845 37
1694490022076 168.30774672985635 38
1694490022231 168.27748342935413 39
1694490022361 168.24722612044212 40
1694490022505 168.2169748018849 41
1694490022628 168.18672947244733 42
1694490022754 168.15649013089458 43
1694490023018 168.12625677599186 44
1694490023139 168.09602940650493 45
1694490023260 168.06580802119964 46
1694490023383 168.03559261884206 47
1694490023501 168.00538319819867 48
1694490023630 167.97517975803606 49
