1694508161058 -126.21868735153639 0
1694508161314 -69.4422740636011 1
1694508161560 -40.84415043313653 2
1694508161813 -25.895634736357458 3
1694508162064 -17.76130445913451 4
1694508162303 -13.153452474840408 5
1694508162535 -10.44581788533775 6
1694508162770 -8.79961529984766 7
1694508163017 -7.772866584959237 8
1694508163242 -7.121053384066835 9
1694508163491 -6.700523891118196 10
1694508163716 -6.426553002476384 11
1694508163988 -6.245896051063248 12
1694508164237 -6.126292318291472 13
1694508164482 -6.046598590376555 14
1694508164719 -5.995591877522566 15
1694508164966 -5.963096428266588 16
1694508165247 -5.934021001039447 17
1694508165513 -5.9202401052331375 18
1694508165800 -5.907267226182267 19
1694508166086 -5.899403343536672 20
1694508166388 -5.892778900416199 21
1694508166669 -5.889284076776365 22
1694508166936 -5.888853581985252 23
1694508167200 -5.885757332382252 24
1694508167452 -5.88417932999383 25
1694508167702 -5.885814994594786 26
1694508167974 -5.8864529025205545 27
1694508168248 -5.886101129551769 28
1694508168533 -5.883764630147093 29
1694508168814 -5.8865944026448815 30
1694508169114 -5.8852837704302425 31
1694508169397 -5.887947353798358 32
1694508169673 -5.890980820098179 33
1694508169917 -5.890311368757307 34
1694508170192 -5.888611058315523 35
1694508170471 -5.8888201344851785 36
1694508170743 -5.887615113875548 37
1694508171028 -5.888270453887098 38
1694508171306 -5.890245310955827 39
1694508171591 -5.889849644879689 40
1694508171847 -5.888088026486299 41
1694508172113 -5.887142150176893 42
1694508172404 -5.886778424001973 43
1694508172681 -5.886391657433116 44
1694508172945 -5.887522432048005 45
1694508173211 -5.886842031526711 46
1694508173491 -5.8885744679747285 47
1694508173772 -5.887833721977926 48
1694508174036 -5.886905457858873 49
