1694489745743 168.01607251018336 0
1694489745837 166.13691257450427 1
1694489745930 166.09431565565626 2
1694489746038 163.28719141743142 3
1694489746145 151.23994736276703 4
1694489746257 155.92924876486003 5
1694489746358 157.14319309783022 6
1694489746443 146.4070298564323 7
1694489746527 143.67013543882658 8
1694489746630 149.5040901414538 9
1694489746721 151.34678215792027 10
1694489746823 139.71824080741945 11
1694489746924 140.51456957261072 12
1694489747032 139.72582867899064 13
1694489747133 135.63970677405635 14
1694489747229 135.8321649052126 15
1694489747327 138.04011566713393 16
1694489747429 131.5369764459968 17
1694489747518 135.43265375822367 18
1694489747604 127.95649393356604 19
1694489747704 127.94267900230216 20
1694489747804 122.36984432495126 21
1694489747905 121.4572147871058 22
1694489748002 120.31385041184991 23
1694489748101 119.49017054557851 24
1694489748204 118.93715846260137 25
1694489748299 114.42840048599126 26
1694489748404 116.95166185900648 27
1694489748505 119.59035878807497 28
1694489748591 115.0944157851984 29
1694489748693 111.72976300379425 30
1694489748787 113.53745448270371 31
1694489748887 107.36398699819266 32
1694489748987 109.3075752345822 33
1694489749095 108.76501557784941 34
1694489749194 105.60187672873178 35
1694489749294 102.76511617367564 36
1694489749394 100.49443687913364 37
1694489749486 101.09800755523834 38
1694489749585 96.75979426071167 39
1694489749677 95.73452709237233 40
1694489749767 98.58806817546245 41
1694489749865 97.83524192319628 42
1694489749953 97.80045334130303 43
1694489750049 93.99493876777366 44
1694489750146 96.59835754881412 45
1694489750247 90.12639627988302 46
1694489750350 89.6602878684114 47
1694489750449 88.18016778492013 48
1694489750556 86.96516813916315 49
