1694510245941 -52.9330924283631 0
1694510246072 -11.028167675760484 1
1694510246195 -1.7756417814877388 2
1694510246320 0.26783022897035547 3
1694510246454 0.7179896703584177 4
1694510246582 0.8159205548975095 5
1694510246720 0.8368298172669032 6
1694510246856 0.841120893192287 7
1694510246984 0.8420326579862484 8
1694510247112 0.8420733037698589 9
1694510247241 0.8420489705884602 10
1694510247370 0.8421374410046597 11
1694510247502 0.8420337613200352 12
1694510247644 0.8422700921164072 13
1694510247775 0.8421457434322972 14
1694510247917 0.8419395122707659 15
1694510248055 0.8418689588674835 16
1694510248191 0.8420479937398406 17
1694510248317 0.8421125964541761 18
1694510248450 0.8421517822700275 19
1694510248577 0.8419639864064811 20
1694510248711 0.8417640007186973 21
1694510248839 0.8420384527480818 22
1694510248969 0.8420459322854464 23
1694510249098 0.8419461239796516 24
1694510249226 0.842132242803816 25
1694510249358 0.8421484657611822 26
1694510249491 0.8421646417483872 27
1694510249620 0.8422658522343038 28
1694510249749 0.8422950111569424 29
1694510249884 0.842108382460948 30
1694510250011 0.8419706510705951 31
1694510250138 0.8420461456197583 32
1694510250272 0.8420612128066373 33
1694510250411 0.8420201752428284 34
1694510250547 0.8421693024518861 35
1694510250679 0.8421963546920703 36
1694510250805 0.8422823450913777 37
1694510250941 0.8422345150820995 38
1694510251075 0.842148092475696 39
1694510251204 0.8419967550917277 40
1694510251331 0.841959688717191 41
1694510251465 0.8420620425140966 42
1694510251596 0.8420144400125813 43
1694510251721 0.8422459950739764 44
1694510251847 0.8423081824451988 45
1694510251981 0.8420547624326191 46
1694510252109 0.8422357383744442 47
1694510252236 0.8421158098451451 48
1694510252364 0.8420243684327893 49
