1694509797472 -241.37030060837498 0
1694509797674 -236.59974519152786 1
1694509797862 -231.92351788146578 2
1694509798038 -227.34107406829185 3
1694509798232 -222.8480565104138 4
1694509798434 -218.44394247849453 5
1694509798619 -214.12696745061535 6
1694509798790 -209.89660012866753 7
1694509798981 -205.74872656361083 8
1694509799163 -201.68291131527891 9
1694509799369 -197.69752584140744 10
1694509799557 -193.79212324856726 11
1694509799772 -189.96281865077597 12
1694509799944 -186.20925487004723 13
1694509800166 -182.52992885617107 14
1694509800374 -178.92446943643844 15
1694509800586 -175.38920750222863 16
1694509800782 -171.92385588571267 17
1694509800994 -168.52809666910065 18
1694509801171 -165.19840862887344 19
1694509801374 -161.93455503680886 20
1694509801559 -158.73522961129245 21
1694509801734 -155.60017770013914 22
1694509801943 -152.5260729574886 23
1694509802123 -149.51273576123108 24
1694509802303 -146.55995537844004 25
1694509802477 -143.66453857794275 26
1694509802657 -140.8263472384481 27
1694509802828 -138.04424606495806 28
1694509803015 -135.31807591487936 29
1694509803214 -132.6448198673832 30
1694509803400 -130.02438590106536 31
1694509803631 -127.45665083392183 32
1694509803830 -124.9387177290753 33
1694509804051 -122.47052844904228 34
1694509804256 -120.05199364721518 35
1694509804466 -117.68033131912279 36
1694509804660 -115.35551424265172 37
1694509804821 -113.07748398512246 38
1694509805031 -110.84356866842006 39
1694509805220 -108.65376921589392 40
1694509805396 -106.50805538211569 41
1694509805589 -104.40386084164764 42
1694509805770 -102.34121207980003 43
1694509805958 -100.32010449452432 44
1694509806144 -98.33807295937221 45
1694509806339 -96.39516711301157 46
1694509806553 -94.49140562443543 47
1694509806725 -92.62442042080629 48
1694509806906 -90.79428204962417 49
