1694510578847 -246.10004534489755 0
1694510579024 -246.05070228661626 1
1694510579221 -246.00136909419587 2
1694510579412 -245.952045765663 3
1694510579588 -245.90273229904477 4
1694510579794 -245.8534286923689 5
1694510579986 -245.80413494366326 6
1694510580181 -245.75485105095623 7
1694510580403 -245.70557701227642 8
1694510580592 -245.65631282565312 9
1694510580796 -245.6070584891157 10
1694510580998 -245.55781400069424 11
1694510581177 -245.5085793584189 12
1694510581373 -245.45935456032046 13
1694510581552 -245.41013960443004 14
1694510581748 -245.36093448877912 15
1694510581928 -245.31173921139955 16
1694510582111 -245.26255377032365 17
1694510582300 -245.21337816358408 18
1694510582490 -245.16421238921387 19
1694510582716 -245.11505644524664 20
1694510582950 -245.065910329716 21
1694510583161 -245.01677404065646 22
1694510583325 -244.96764757610245 23
1694510583494 -244.91853093408906 24
1694510583656 -244.8694241126518 25
1694510583807 -244.82032710982642 26
1694510583976 -244.7712399236492 27
1694510584157 -244.72216255215662 28
1694510584331 -244.67309499338577 29
1694510584491 -244.62403724537404 30
1694510584666 -244.57498930615924 31
1694510584856 -244.5259511737795 32
1694510585015 -244.47692284627345 33
1694510585171 -244.4279043216799 34
1694510585351 -244.37889559803838 35
1694510585505 -244.3298966733886 36
1694510585677 -244.2809075457706 37
1694510585841 -244.23192821322505 38
1694510586022 -244.1829586737927 39
1694510586196 -244.1339989255151 40
1694510586357 -244.0850489664338 41
1694510586523 -244.0361087945909 42
1694510586703 -243.98717840802888 43
1694510586880 -243.9382578047907 44
1694510587058 -243.88934698291962 45
1694510587212 -243.84044594045926 46
1694510587361 -243.79155467545365 47
1694510587549 -243.74267318594738 48
1694510587704 -243.69380146998512 49
