1694510578698 169.089027582395 0
1694510578899 169.05522994508772 1
1694510579081 169.0214390682404 2
1694510579286 168.98765495050077 3
1694510579465 168.95387759051673 4
1694510579651 168.92010698693636 5
1694510579849 168.88634313840817 6
1694510580042 168.85258604358083 7
1694510580244 168.81883570110332 8
1694510580456 168.7850921096249 9
1694510580649 168.75135526779508 10
1694510580857 168.71762517426367 11
1694510581055 168.6839018276807 12
1694510581235 168.65018522669652 13
1694510581426 168.61647536996165 14
1694510581607 168.58277225612704 15
1694510581813 168.54907588384387 16
1694510581982 168.51538625176343 17
1694510582167 168.48170335853746 18
1694510582357 168.44802720281797 19
1694510582559 168.414357783257 20
1694510582779 168.3806950985072 21
1694510583007 168.34703914722127 22
1694510583215 168.31338992805223 23
1694510583376 168.27974743965336 24
1694510583539 168.24611168067827 25
1694510583700 168.21248264978075 26
1694510583854 168.17886034561488 27
1694510584029 168.1452447668352 28
1694510584208 168.11163591209606 29
1694510584380 168.07803378005266 30
1694510584544 168.04443836935997 31
1694510584718 168.01084967867357 32
1694510584904 167.97726770664912 33
1694510585057 167.9436924519426 34
1694510585223 167.91012391321033 35
1694510585397 167.87656208910872 36
1694510585549 167.8430069782947 37
1694510585722 167.80945857942515 38
1694510585888 167.7759168911576 39
1694510586071 167.74238191214957 40
1694510586246 167.7088536410589 41
1694510586409 167.67533207654375 42
1694510586567 167.6418172172625 43
1694510586753 167.6083090618739 44
1694510586935 167.57480760903675 45
1694510587107 167.54131285741042 46
1694510587256 167.50782480565428 47
1694510587410 167.4743434524281 48
1694510587594 167.44086879639192 49
