1694490461661 38.567116499903264 0
1694490461763 9.04314144192458 1
1694490461867 2.293513064136134 2
1694490461973 0.6396558937865865 3
1694490462083 0.29726905173156437 4
1694490462180 0.15286665039868397 5
1694490462282 0.2132738611390826 6
1694490462386 0.15908768297344664 7
1694490462499 0.10449443247059724 8
1694490462600 0.14175649852470226 9
1694490462700 0.1284771264231142 10
1694490462791 0.11119521946514302 11
1694490462897 0.1391925556558333 12
1694490462984 0.12949787079531513 13
1694490463080 0.1314176713600226 14
1694490463175 0.15405490928485327 15
1694490463261 0.1822219696520007 16
1694490463350 0.16496385186501467 17
1694490463447 0.12841979471112802 18
1694490463538 0.1597171188206723 19
1694490463634 0.16265245332976536 20
1694490463736 0.178664643976063 21
1694490463841 0.09465037474396788 22
1694490463947 0.14586198103110706 23
1694490464033 0.11612186509000737 24
1694490464134 0.12253362496248536 25
1694490464231 0.1493475652061171 26
1694490464316 0.08424515244436265 27
1694490464406 0.14392730746583643 28
1694490464509 0.13896659822299934 29
1694490464609 0.16187325165683575 30
1694490464710 0.10047416013491482 31
