1694489592259 -242.47794348516408 0
1694489592353 -238.86646377394314 1
1694489592445 -235.31398417648026 2
1694489592538 -231.81948066610784 3
1694489592633 -228.3820655243941 4
1694489592735 -225.0007149528752 5
1694489592826 -221.67440142240292 6
1694489592933 -218.40225142299343 7
1694489593045 -215.18335921705435 8
1694489593153 -212.0168670400143 9
1694489593256 -208.9016793545824 10
1694489593364 -205.83720171628912 11
1694489593468 -202.82237712349314 12
1694489593568 -199.8564173149235 13
1694489593663 -196.93861836945538 14
1694489593747 -194.06790396360026 15
1694489593834 -191.24362793793895 16
1694489593924 -188.46504059072555 17
1694489594029 -185.73135830851015 18
1694489594122 -183.04176928213877 19
1694489594224 -180.39557487483114 20
1694489594328 -177.7919857463425 21
1694489594421 -175.23025056382676 22
1694489594546 -172.70981328508003 23
1694489594658 -170.2300707852091 24
1694489594758 -167.7900188864858 25
1694489594878 -165.38905250122164 26
1694489595009 -163.02663378611723 27
1694489595129 -160.70207262930387 28
1694489595246 -158.41468817577706 29
1694489595385 -156.16392651479873 30
1694489595502 -153.949216821925 31
1694489595600 -151.769775715062 32
1694489595704 -149.62519213387165 33
1694489595797 -147.51482377989348 34
1694489595918 -145.4380795689973 35
1694489596029 -143.3942748348977 36
1694489596132 -141.3830813756302 37
1694489596235 -139.403784220886 38
1694489596337 -137.455943518235 39
1694489596432 -135.53897434742996 40
1694489596528 -133.65238253378817 41
1694489596620 -131.79569438457025 42
1694489596709 -129.96837624929435 43
1694489596794 -128.16984451348296 44
1694489596896 -126.39980174196235 45
1694489596999 -124.65766686574881 46
1694489597098 -122.94309913404581 47
1694489597182 -121.25542329512034 48
1694489597277 -119.59435343576278 49
