1694491495100 169.66080843283459 0
1694491495232 169.321556267447 1
1694491495358 168.98298323839063 2
1694491495489 168.64508798536912 3
1694491495648 168.30786915081285 4
1694491495785 167.97132537987326 5
1694491495901 167.6354553204178 6
1694491496029 167.300257623024 7
1694491496140 166.96573094097442 8
1694491496256 166.63187393025098 9
1694491496382 166.29868524952963 10
1694491496509 165.96616356017498 11
1694491496642 165.63430752623483 12
1694491496776 165.30311581443485 13
1694491496906 164.97258709417315 14
1694491497032 164.642720037515 15
1694491497178 164.31351331918734 16
1694491497313 163.98496561657362 17
1694491497437 163.65707560970833 18
1694491497581 163.32984198127173 19
1694491497697 163.00326341658453 20
1694491497829 162.67733860360266 21
1694491497954 162.35206623291185 22
1694491498093 162.0274449977224 23
1694491498207 161.70347359386403 24
1694491498335 161.38015071978054 25
1694491498473 161.0574750765244 26
1694491498620 160.73544536775196 27
1694491498735 160.41406029971768 28
1694491498861 160.09331858126922 29
1694491498981 159.77321892384234 30
1694491499105 159.45376004145547 31
1694491499230 159.13494065070458 32
1694491499390 158.81675947075811 33
1694491499510 158.49921522335183 34
1694491499635 158.18230663278337 35
1694491499783 157.86603242590755 36
1694491499897 157.5503913321309 37
1694491500042 157.2353820834067 38
1694491500177 156.92100341422983 39
1694491500316 156.60725406163164 40
1694491500445 156.29413276517494 41
1694491500593 155.98163826694875 42
1694491500741 155.66976931156353 43
1694491500884 155.35852464614578 44
1694491501003 155.0479030203333 45
1694491501138 154.73790318626996 46
1694491501252 154.42852389860062 47
1694491501373 154.11976391446632 48
1694491501517 153.81162199349913 49
