1694349326714 169.08902758239503 0
1694349326924 136.9799840674329 1
1694349327142 111.22401870848022 2
1694349327382 90.44737392658881 3
1694349327585 73.67450966683703 4
1694349327793 60.122412052861876 5
1694349328010 49.16244721941444 6
1694349328214 40.28978942536176 7
1694349328411 33.098399562717546 8
1694349328608 27.263552401041593 9
1694349328796 22.52267466593959 10
1694349328998 18.665129635137486 11
1694349329255 15.521078415238874 12
1694349329444 12.954912348097421 13
1694349329693 10.856351226961536 14
1694349329874 9.136578986253697 15
1694349330073 7.724805641026798 16
1694349330274 6.5631248084186335 17
1694349330531 5.604763552621483 18
1694349330721 4.812605264210575 19
1694349330905 4.155986792216199 20
1694349331108 3.61002854753883 21
1694349331347 3.155186440512585 22
1694349331532 2.774860278452378 23
1694349331726 2.456154353308226 24
1694349331954 2.1880785339324222 25
1694349332164 1.962065959555723 26
1694349332353 1.7708943489868794 27
1694349332545 1.608530048027161 28
1694349332732 1.470447610196627 29
1694349332945 1.3524606379383355 30
1694349333155 1.2515090310516495 31
1694349333342 1.164744560268942 32
1694349333533 1.0900745761211867 33
1694349333748 1.0255450926104606 34
1694349333966 0.9697068367567029 35
1694349334206 0.9212074777770822 36
1694349334429 0.8790292921905155 37
1694349334643 0.8422278100127717 38
1694349334852 0.8100776805512119 39
1694349335040 0.7819132089052021 40
1694349335246 0.7572093971919024 41
1694349335501 0.7354927890335137 42
1694349335693 0.7163774383189064 43
1694349335881 0.6995236959549908 44
1694349336055 0.6846434666108911 45
1694349336279 0.6714911392456271 46
1694349336469 0.6598484919950507 47
1694349336674 0.649536648600598 48
1694349336869 0.6403880406533384 49
1694349337062 0.6322716070302198 50
1694349337262 0.6250570580287665 51
1694349337465 0.6186479089509765 52
1694349337652 0.6129417117597877 53
1694349337901 0.6078672011778049 54
1694349338095 0.6033430147432772 55
1694349338286 0.5993164259430859 56
1694349338526 0.5957222489989474 57
1694349338743 0.5925214785965766 58
1694349338926 0.5896614862446157 59
1694349339113 0.5871134803016088 60
1694349339309 0.5848346830046115 61
1694349339534 0.5828039395359645 62
1694349339741 0.5809862719443285 63
1694349339973 0.5793662534095411 64
1694349340165 0.5779151327237653 65
1694349340393 0.5766217866106274 66
1694349340614 0.575462470830054 67
1694349340821 0.57442929583865 68
1694349341018 0.5735025693779561 69
1694349341263 0.5726768278702644 70
1694349341441 0.5719356770364524 71
1694349341635 0.5712754667546658 72
1694349341833 0.5706825010343207 73
1694349342051 0.5701544772975216 74
1694349342278 0.5696799178400498 75
1694349342481 0.5692575125154856 76
1694349342679 0.5688776155661206 77
1694349342918 0.5685396383863645 78
1694349343105 0.5682354546843562 79
1694349343321 0.5679649908289448 80
1694349343527 0.5677213861399422 81
1694349343715 0.5675049247090833 82
1694349343903 0.567309804410745 83
1694349344103 0.5671365477248883 84
1694349344307 0.5669802415579904 85
1694349344524 0.5668415566546772 86
1694349344716 0.5667163296622619 87
