1694509569495 169.08902758239503 0
1694509569643 169.0552299450877 1
1694509569855 169.02172182707838 2
1694509570052 168.98822038311633 3
1694509570225 168.9547233216962 4
1694509570415 168.9212352222879 5
1694509570602 168.88775379293133 6
1694509570797 168.85427903229535 7
1694509570959 168.82081093904884 8
1694509571147 168.78734722269215 9
1694509571355 168.7538924606876 10
1694509571549 168.72044436208108 11
1694509571731 168.68700292554266 12
1694509571938 168.6535658615368 13
1694509572138 168.62013774560035 14
1694509572331 168.58671628774366 15
1694509572518 168.55330148663796 16
1694509572712 168.51989334095458 17
1694509572914 168.48648956216184 18
1694509573099 168.45309472379247 19
1694509573283 168.41970653686116 20
1694509573489 168.38632500004036 21
1694509573682 168.35295011200276 22
1694509573889 168.31957958521954 23
1694509574101 168.28621799122135 24
1694509574298 168.25286304202598 25
1694509574483 168.2195147363073 26
1694509574683 168.1861707874985 27
1694509574864 168.15283576520895 28
1694509575067 168.1195073824189 29
1694509575255 168.08618563780325 30
1694509575447 168.05287053003707 31
1694509575647 168.01955977355453 32
1694509575851 167.98625793596668 33
1694509576026 167.9529627312551 34
1694509576205 167.919674158096 35
1694509576397 167.88639221516578 36
1694509576612 167.85311461789885 37
1694509576815 167.8198459319094 38
1694509577011 167.78658387217962 39
1694509577184 167.75332843738704 40
1694509577376 167.72007734392577 41
1694509577563 167.6868351554933 42
1694509577741 167.65359958803197 43
1694509577944 167.62037064022033 44
1694509578118 167.58714831073715 45
1694509578322 167.553930316975 46
1694509578525 167.52072122063822 47
1694509578732 167.48751873866783 48
1694509578914 167.4543228697437 49
