1694425951629 -6.62387917217166 0
1694425951819 -5.859288429889333 1
1694425951981 -5.9218863793492895 2
1694425952142 -5.92729596333692 3
1694425952298 -5.8606536803347415 4
1694425952507 -5.94491670925963 5
1694425952686 -5.884514760408683 6
1694425952865 -5.862070822359571 7
1694425953018 -5.779969024555289 8
1694425953168 -5.911116516113465 9
1694425953337 -5.831002688429995 10
1694425953501 -5.868100964855663 11
1694425953661 -5.885225585370296 12
1694425953824 -5.859958501548262 13
1694425953967 -5.818236413991321 14
1694425954110 -5.890874465116279 15
1694425954253 -5.872022718254939 16
1694425954406 -5.91660624110416 17
1694425954557 -5.877870360145557 18
1694425954718 -5.904303560664561 19
1694425954865 -5.902159120785932 20
1694425955006 -5.94287439018909 21
1694425955138 -5.837838214090426 22
1694425955285 -5.854384386326779 23
1694425955432 -5.87993902380568 24
1694425955604 -5.914849998931799 25
1694425955757 -5.9302165075471684 26
1694425955896 -5.863104618710933 27
1694425956021 -5.880225283851649 28
1694425956190 -5.878236511278201 29
1694425956343 -5.903910383360264 30
1694425956492 -5.832254691932326 31
1694425956647 -5.8544287862190325 32
1694425956791 -5.861592574953934 33
1694425956951 -5.867159867575406 34
1694425957091 -5.889622766704765 35
1694425957234 -5.808090802227777 36
1694425957383 -5.94129299677872 37
1694425957551 -5.900863345524293 38
1694425957720 -5.862744973446178 39
1694425957876 -5.840526315517364 40
1694425958024 -5.825302930600495 41
1694425958166 -5.955305054718561 42
1694425958316 -5.884787583463739 43
1694425958466 -5.838638884025834 44
1694425958627 -5.8010572908228175 45
1694425958795 -5.843258781973333 46
1694425958936 -5.938651277586928 47
1694425959070 -5.876688336039061 48
1694425959210 -5.802205616038093 49
