1694489305986 -6.880119992934372 0
1694489306137 -6.079849733904671 1
1694489306286 -6.22948687856697 2
1694489306425 -6.10819609934668 3
1694489306559 -6.13930773036643 4
1694489306707 -6.086004280602509 5
1694489306847 -6.055481884813026 6
1694489306986 -6.129741435959054 7
1694489307123 -6.060182213550164 8
1694489307256 -6.082563394734139 9
1694489307397 -6.1364096236602474 10
1694489307558 -6.09100242315167 11
1694489307700 -6.154871473122524 12
1694489307841 -6.1036171697516215 13
1694489307997 -6.062460067478581 14
1694489308140 -6.063795053919237 15
1694489308277 -6.048466670230852 16
1694489308419 -6.0870507977395 17
1694489308553 -6.154215424194011 18
1694489308684 -6.089030972580222 19
1694489308817 -6.0620411351690935 20
1694489308955 -6.154929292455104 21
1694489309089 -6.145383431024432 22
1694489309229 -6.106272564031755 23
1694489309376 -6.093965944878307 24
1694489309524 -6.098558237628467 25
1694489309663 -6.0932462949183215 26
1694489309798 -6.1336250130875865 27
1694489309937 -6.114815430780172 28
1694489310080 -6.148047965288885 29
1694489310230 -6.114436915244809 30
1694489310360 -6.1221740129060995 31
1694489310503 -6.0441539018754415 32
1694489310647 -6.201463890795078 33
1694489310782 -6.075561828991704 34
1694489310914 -6.016726148647288 35
1694489311048 -6.143554061665984 36
1694489311197 -6.102083741708187 37
1694489311330 -6.1458240956358825 38
1694489311469 -6.079061639411102 39
1694489311605 -6.0642641340309265 40
1694489311740 -6.1281352265013735 41
1694489311879 -6.060024587164454 42
1694489312018 -6.032468258571476 43
1694489312162 -6.085313000248347 44
1694489312317 -6.136203876915077 45
1694489312477 -6.083112600718298 46
1694489312628 -6.112618349583475 47
1694489312767 -6.040924810869403 48
1694489312911 -6.07657649133054 49
