1694489305917 5.821214804862759 0
1694489306068 3.0351668076431384 1
1694489306217 5.871769258266906 2
1694489306362 4.7571563618437285 3
1694489306497 3.7451116526576924 4
1694489306636 6.576704651005748 5
1694489306783 5.265460600862151 6
1694489306924 4.931185535036393 7
1694489307062 5.893490744050603 8
1694489307197 7.2361729568289315 9
1694489307330 5.136035475695257 10
1694489307486 6.3627539238981985 11
1694489307634 1.7324876237029116 12
1694489307779 8.709303719588677 13
1694489307923 4.592011353535829 14
1694489308076 4.3511420118197774 15
1694489308213 2.548481623991191 16
1694489308355 9.887651996543969 17
1694489308496 6.085111762360768 18
1694489308628 4.9607510338318415 19
1694489308758 5.466040490919547 20
1694489308893 3.7590711494584936 21
1694489309029 8.169414851530297 22
1694489309169 3.9090546814203724 23
1694489309310 5.978319372059871 24
1694489309456 3.8396303117263857 25
1694489309601 1.5114707043104845 26
1694489309741 7.012624119915195 27
1694489309870 3.412216788086379 28
1694489310014 10.17740142041219 29
1694489310168 5.870096940557879 30
1694489310304 3.485617819270581 31
1694489310436 6.366028170160429 32
1694489310580 3.486994955833677 33
1694489310725 6.303117941291071 34
1694489310858 4.509414998251281 35
1694489310990 3.8857560288515343 36
1694489311128 4.222277792712155 37
1694489311274 4.868707126682025 38
1694489311402 6.0581274209849685 39
1694489311543 7.799670661781182 40
1694489311682 6.453229367141054 41
1694489311819 6.576522245374316 42
1694489311951 3.9650816140812024 43
1694489312095 7.0578530011068015 44
1694489312243 4.737327351517154 45
1694489312407 4.874747004844428 46
1694489312556 4.594109171954587 47
1694489312706 6.874435498240341 48
1694489312841 4.540442768098174 49
