1694508325123 -229.53457009068134 0
1694508325256 -226.4473101016719 1
1694508325381 -223.40479600922814 2
1694508325508 -220.4076751516582 3
1694508325632 -217.45448011605697 4
1694508325754 -214.54496244830207 5
1694508325886 -211.67803749596163 6
1694508326008 -208.8534120499297 7
1694508326122 -206.07042556936852 8
1694508326238 -203.32792105873096 9
1694508326364 -200.62569033188075 10
1694508326483 -197.9634804735681 11
1694508326603 -195.33975445333135 12
1694508326734 -192.75433769262514 13
1694508326867 -190.20710233283555 14
1694508326998 -187.6971193823703 15
1694508327121 -185.22371686183175 16
1694508327251 -182.78647812187205 17
1694508327378 -180.38487976029973 18
1694508327508 -178.01812343380027 19
1694508327633 -175.6856899556759 20
1694508327755 -173.3877181666279 21
1694508327880 -171.12276549753074 22
1694508328004 -168.89080978580353 23
1694508328117 -166.69143158411893 24
1694508328234 -164.52393962885432 25
1694508328361 -162.38795062466792 26
1694508328484 -160.28284129059261 27
1694508328605 -158.2082211101419 28
1694508328730 -156.1637212441664 29
1694508328850 -154.1488413505542 30
1694508328972 -152.16303913529606 31
1694508329099 -150.20587816821853 32
1694508329229 -148.2769431604245 33
1694508329351 -146.3760818093236 34
1694508329482 -144.50253019625282 35
1694508329607 -142.65571390846458 36
1694508329728 -140.83576089813107 37
1694508329851 -139.041943678546 38
1694508329972 -137.273768970057 39
1694508330096 -135.53099778156889 40
1694508330222 -133.81332198160322 41
1694508330345 -132.1202128573636 42
1694508330495 -130.4514993538325 43
1694508330634 -128.80669486553379 44
1694508330772 -127.18523179407069 45
1694508330904 -125.58703124912472 46
1694508331039 -124.0115962362771 47
1694508331174 -122.45880876724424 48
1694508331320 -120.92802744532263 49
