1694508325045 175.6553655690599 0
1694508325163 161.9108778087799 1
1694508325300 169.1270623751076 2
1694508325427 161.17862802043254 3
1694508325550 161.39653529948689 4
1694508325673 155.84968389237517 5
1694508325802 154.26177140024757 6
1694508325925 149.95378347585157 7
1694508326046 144.0632738405179 8
1694508326162 146.7113096183723 9
1694508326283 147.194813900727 10
1694508326404 137.90381930742507 11
1694508326525 143.50326554265249 12
1694508326645 146.78763970157885 13
1694508326782 140.3059894624355 14
1694508326908 135.74249747312416 15
1694508327039 136.94279843038913 16
1694508327163 133.92333859269294 17
1694508327295 129.22436576427228 18
1694508327421 129.77235290070098 19
1694508327552 133.32971654832056 20
1694508327673 124.55847537736346 21
1694508327799 126.75702822892227 22
1694508327922 126.98284568917583 23
1694508328042 122.77447232063534 24
1694508328154 121.70705941290825 25
1694508328275 118.48983974263606 26
1694508328403 118.83544423888497 27
1694508328526 117.46330894022292 28
1694508328652 115.23966843075571 29
1694508328770 113.5295016103113 30
1694508328891 110.82675098089103 31
1694508329015 110.64821434411067 32
1694508329148 109.90182473673667 33
1694508329274 105.12565722149954 34
1694508329397 103.13353876410277 35
1694508329527 107.24747462528238 36
1694508329649 102.45273496329335 37
1694508329770 100.19922563170267 38
1694508329894 101.34708521216922 39
1694508330014 101.03276890094992 40
1694508330138 99.34157559038708 41
1694508330265 98.53868430923745 42
1694508330388 94.20119967656308 43
1694508330543 92.12118795501364 44
1694508330682 93.65682775479996 45
1694508330818 92.86490257002299 46
1694508330947 93.18861801425233 47
1694508331084 88.19941900644385 48
1694508331220 89.44412183492355 49
