1694510859312 -242.573714065941 0
1694510859452 -242.09150073405453 1
1694510859584 -241.61024275003228 2
1694510859717 -241.12993826926834 3
1694510859890 -240.65058540193974 4
1694510860038 -240.17218226197167 5
1694510860170 -239.69472696702982 6
1694510860332 -239.21821763851264 7
1694510860482 -238.7426524015442 8
1694510860660 -238.2680293849665 9
1694510860805 -237.79434672133237 10
1694510860966 -237.32160254689802 11
1694510861120 -236.8497950016156 12
1694510861270 -236.37892222912583 13
1694510861420 -235.908982376751 14
1694510861555 -235.43997359548726 15
1694510861706 -234.97189403999764 16
1694510861862 -234.50474186860444 17
1694510862032 -234.03851524328243 18
1694510862179 -233.5732123296511 19
1694510862316 -233.10883129696776 20
1694510862455 -232.64537031812023 21
1694510862601 -232.1828275696197 22
1694510862755 -231.72120123159326 23
1694510862927 -231.26048948777714 24
1694510863095 -230.8006905255092 25
1694510863255 -230.341802535722 26
1694510863406 -229.8838237129355 27
1694510863566 -229.42675225525014 28
1694510863707 -228.9705863643395 29
1694510863870 -228.51532424544345 30
1694510864017 -228.06096410736072 31
1694510864172 -227.60750416244235 32
1694510864360 -227.15494262658424 33
1694510864509 -226.7032777192201 34
1694510864658 -226.25250766331476 35
1694510864817 -225.80263068535683 36
1694510864965 -225.35364501535196 37
1694510865122 -224.90554888681552 38
1694510865298 -224.45834053676603 39
1694510865464 -224.01201820571805 40
1694510865633 -223.56658013767503 41
1694510865802 -223.12202458012277 42
1694510865949 -222.67834978402226 43
1694510866093 -222.23555400380272 44
1694510866244 -221.79363549735507 45
1694510866392 -221.35259252602455 46
1694510866564 -220.91242335460436 47
1694510866721 -220.47312625132838 48
1694510866867 -220.03469948786488 49
