1694510859212 169.66346382082628 0
1694510859355 169.32421076207984 1
1694510859490 168.9890242798818 2
1694510859620 168.65450203333583 3
1694510859766 168.32064273933707 4
1694510859933 167.98744508333593 5
1694510860075 167.6549077533915 6
1694510860215 167.3230294401664 7
1694510860373 166.99180883692117 8
1694510860524 166.66124463950953 9
1694510860703 166.3313355463728 10
1694510860852 166.00208025853522 11
1694510861010 165.6734774795984 12
1694510861162 165.34552591573654 13
1694510861312 165.01822427569104 14
1694510861462 164.69157127076562 15
1694510861596 164.3655656148211 16
1694510861747 164.04020602427033 17
1694510861911 163.71549121807323 18
1694510862080 163.39141991773158 19
1694510862222 163.0679908472841 20
1694510862356 162.74520273330134 21
1694510862503 162.42305430488062 22
1694510862649 162.10154429364118 23
1694510862810 161.78067143371888 24
1694510862970 161.46043446176154 25
1694510863144 161.14083211692358 26
1694510863297 160.82186314086152 27
1694510863455 160.50352627772844 28
1694510863602 160.1858202741695 29
1694510863755 159.86874387931675 30
1694510863912 159.55229584478434 31
1694510864065 159.23647492466324 32
1694510864225 158.92127987551692 33
1694510864411 158.60670945637574 34
1694510864551 158.29276242873274 35
1694510864706 157.97943755653824 36
1694510864861 157.66673360619507 37
1694510865012 157.35464934655394 38
1694510865176 157.04318354890827 39
1694510865342 156.73233498698957 40
1694510865518 156.42210243696238 41
1694510865686 156.11248467741962 42
1694510865852 155.80348048937773 43
1694510865990 155.49508865627183 44
1694510866135 155.18730796395081 45
1694510866284 154.88013720067278 46
1694510866440 154.5735751571001 47
1694510866610 154.2676206262946 48
1694510866768 153.9622724037129 49
