1694507372585 -6.2877997804649635 0
1694507372966 -6.247251728105887 1
1694507373329 -6.102515325980383 2
1694507373734 -6.119112131866622 3
1694507374121 -6.07976547851672 4
1694507374502 -6.054272447986413 5
1694507374864 -5.870295082191594 6
1694507375228 -5.975367591368147 7
1694507375575 -6.418491993023102 8
1694507375928 -6.250224601395617 9
1694507376303 -5.802987174042583 10
1694507376655 -6.235656671532309 11
1694507376998 -6.123588963253574 12
1694507377282 -6.514448128719248 13
1694507377535 -6.109226465258576 14
1694507377817 -6.363124583237065 15
1694507378075 -6.529313282686635 16
1694507378352 -5.939829370138365 17
1694507378613 -6.547717588217045 18
1694507378871 -6.190178309355727 19
1694507379132 -6.168391193753047 20
1694507379382 -6.286277798121919 21
1694507379643 -6.191812553865058 22
1694507379889 -6.207422303225028 23
1694507380148 -5.9795867977276265 24
1694507380421 -6.674676287638317 25
1694507380715 -6.288143407710141 26
1694507381028 -6.150953279277295 27
1694507381306 -6.094464759722669 28
1694507381593 -6.165895178073783 29
1694507381875 -6.5133361122352875 30
1694507382182 -6.070985678331564 31
1694507382453 -6.014236476682152 32
1694507382725 -6.033921380021422 33
1694507382997 -5.903075369477481 34
1694507383285 -6.315795932089573 35
1694507383559 -6.51862751995515 36
1694507383840 -6.330060871424095 37
1694507384112 -6.035400180492582 38
1694507384367 -6.037010323125271 39
1694507384633 -5.883395185318294 40
1694507384908 -6.520889550626666 41
1694507385179 -6.053028057899267 42
1694507385429 -6.067765846028062 43
1694507385683 -6.093837179236015 44
1694507385936 -6.067078678150251 45
1694507386220 -6.111942206007178 46
1694507386469 -6.045210707303093 47
1694507386729 -6.114482409949732 48
1694507386993 -6.7811723670190975 49
