1694508497836 -237.76048478261794 0
1694508498012 -233.0171609927421 1
1694508498172 -228.37758187218606 2
1694508498345 -223.8393838721246 3
1694508498516 -219.4002585433191 4
1694508498673 -215.0579512354185 5
1694508498845 -210.81025982717927 6
1694508499001 -206.65503348686462 7
1694508499157 -202.59017146210334 8
1694508499332 -198.61362189850553 9
1694508499500 -194.72338068634815 10
1694508499658 -190.91749033466212 11
1694508499837 -187.19403887206508 12
1694508500049 -183.55115877370355 13
1694508500253 -179.9870259136809 14
1694508500414 -176.4998585423628 15
1694508500577 -173.08791628796754 16
1694508500773 -169.74949918186158 17
1694508500945 -166.4829467069946 18
1694508501115 -163.2866368689232 19
1694508501292 -160.15898528888368 20
1694508501465 -157.09844431838863 21
1694508501634 -154.10350217483406 22
1694508501804 -151.17268209761605 23
1694508501974 -148.30454152426822 24
1694508502150 -145.4976712861425 25
1694508502342 -142.7506948231677 26
1694508502546 -140.06226741723094 27
1694508502710 -137.43107544373808 28
1694508502886 -134.85583564092036 29
1694508503070 -132.3352943964639 30
1694508503236 -129.8682270510494 31
1694508503417 -127.45343721839967 32
1694508503595 -125.089756121441 33
1694508503778 -122.77604194419501 34
1694508503944 -120.51117919902624 35
1694508504145 -118.29407810887942 36
1694508504315 -116.12367400415008 37
1694508504518 -113.99892673383926 38
1694508504692 -111.91882009065283 39
1694508504867 -109.88236124971316 40
1694508505037 -107.88858022055888 41
1694508505214 -105.93652931211683 42
1694508505369 -104.02528261033702 43
1694508505534 -102.15393546818936 44
1694508505692 -100.32160400772804 45
1694508505857 -98.52742463393638 46
1694508506005 -96.7705535600714 47
1694508506158 -95.05016634423521 48
1694508506297 -93.36545743690554 49
