1694508497691 169.34901212942756 0
1694508497886 165.9781622997389 1
1694508498056 162.68112386742177 2
1694508498224 159.45621372374467 3
1694508498402 156.30178802713587 4
1694508498563 153.21624127554875 5
1694508498714 150.19800540089403 6
1694508498891 147.2455488850116 7
1694508499047 144.35737589666817 8
1694508499211 141.53202544907765 9
1694508499389 138.76807057745447 10
1694508499550 136.06411753612193 11
1694508499710 133.41880501470757 12
1694508499897 130.83080337297102 13
1694508500117 128.29881389381833 14
1694508500302 125.82156805406946 15
1694508500458 123.39782681255471 16
1694508500623 121.02637991512647 17
1694508500822 118.70604521618259 18
1694508500998 116.43566801630732 19
1694508501163 114.21412041564521 20
1694508501348 112.04030068263226 21
1694508501511 109.91313263771829 22
1694508501688 107.83156505172262 23
1694508501854 105.79457105847364 24
1694508502027 103.80114758139224 25
1694508502199 101.85031477368577 26
1694508502399 99.94111547182843 27
1694508502597 98.07261466201051 28
1694508502765 96.24389895924821 29
1694508502940 94.45407609885109 30
1694508503120 92.70227443995309 31
1694508503292 90.98764248081939 32
1694508503464 89.30934838564833 33
1694508503649 87.6665795225941 34
1694508503831 86.05854201274326 35
1694508504003 84.48446028978354 36
1694508504189 82.94357667011029 37
1694508504372 81.43515093312176 38
1694508504570 79.95845991146047 39
1694508504734 78.51279709096382 40
1694508504919 77.0974722200921 41
1694508505095 75.71181092860883 42
1694508505266 74.35515435529246 43
1694508505416 73.02685878446461 44
1694508505575 71.72629529112466 45
1694508505741 70.45284939448592 46
1694508505907 69.20592071971328 47
1694508506048 67.9849226676668 48
1694508506199 66.78928209246101 49
