1694509905192 0.8346014872402139 0
1694509905365 0.8222940086327588 1
1694509905611 0.8306897358104691 2
1694509905877 0.8347579455885459 3
1694509906270 0.8338110810548764 4
1694509906550 0.8160000921121895 5
1694509906826 0.8320428009010522 6
1694509907026 0.8350392518856854 7
1694509907257 0.8344378457044965 8
1694509907457 0.8343414506268879 9
1694509907657 0.8364756666658529 10
1694509907854 0.8355173542967045 11
1694509908094 0.835329325523013 12
1694509908382 0.8320118997498859 13
1694509908600 0.8294206880439792 14
1694509908820 0.8329857197968755 15
1694509909055 0.8363601953144597 16
1694509909229 0.8335529996885475 17
1694509909402 0.8354425573667232 18
1694509909568 0.8105348211034881 19
1694509909723 0.8248602354607869 20
1694509909879 0.8274278454471914 21
1694509910033 0.8346076098109639 22
1694509910190 0.8321034751475684 23
1694509910361 0.8349845209967829 24
1694509910517 0.8364161446835681 25
1694509910690 0.8193198053775937 26
1694509910842 0.8252868135985307 27
1694509910997 0.8348772550373851 28
1694509911156 0.8323260650201162 29
1694509911312 0.8291128756683916 30
1694509911484 0.8265995635545187 31
1694509911658 0.8305228603849782 32
1694509911812 0.8361387118122915 33
1694509911987 0.8337398794600522 34
1694509912144 0.8324519657157841 35
1694509912297 0.8290803051687897 36
1694509912476 0.8293227458509045 37
1694509912627 0.8320056121635033 38
1694509912784 0.8348313411291431 39
1694509912940 0.8292429855538177 40
1694509913097 0.8309513166949684 41
1694509913256 0.8338158050164047 42
1694509913413 0.835512761233224 43
1694509913565 0.8283841762610109 44
1694509913750 0.8344805068938312 45
1694509913904 0.8336687804945582 46
1694509914056 0.8244223440340634 47
1694509914208 0.8318057284395481 48
1694509914376 0.8309247401795393 49
