1694491114148 -52.949048531883555 0
1694491114243 -11.032785292269109 1
1694491114335 -1.7752076331318802 2
1694491114432 0.26923748401157566 3
1694491114535 0.717949253511716 4
1694491114647 0.8158527739180013 5
1694491114744 0.8365587187017062 6
1694491114852 0.84120369478977 7
1694491114960 0.8420774068375891 8
1694491115062 0.8421200837041168 9
1694491115166 0.8420191381042141 10
1694491115269 0.8420978867529914 11
1694491115366 0.8421341773731179 12
1694491115470 0.8421271184936217 13
1694491115568 0.8420219072677021 14
1694491115664 0.8419968751360772 15
1694491115766 0.842042345962042 16
1694491115860 0.8421132236033576 17
1694491115961 0.8421856299261964 18
1694491116048 0.8421684951017838 19
1694491116137 0.8422225676626778 20
1694491116242 0.8420251158292649 21
1694491116343 0.8422375592005653 22
1694491116444 0.8422311538934857 23
1694491116551 0.842171896661091 24
1694491116646 0.84218058061244 25
1694491116745 0.8421409950461243 26
1694491116846 0.8421650467927826 27
1694491116948 0.84225313879451 28
1694491117053 0.8422075946900043 29
1694491117146 0.8421374586267261 30
1694491117243 0.8421044551465312 31
1694491117343 0.8422175244872578 32
1694491117451 0.8421907753430988 33
1694491117552 0.8421598320034213 34
1694491117647 0.8421864684824537 35
1694491117750 0.8421195766327281 36
1694491117848 0.8422428113713013 37
1694491117939 0.8420734069013517 38
1694491118033 0.842093195541028 39
1694491118137 0.8422461329560517 40
1694491118239 0.8421605361206549 41
1694491118340 0.842074524744338 42
1694491118441 0.8421691398576661 43
1694491118539 0.8420866618201328 44
1694491118661 0.8420731650104741 45
1694491118765 0.8420795521696898 46
1694491118852 0.8420686895897849 47
1694491118946 0.8421109975002086 48
1694491119038 0.8422724268918336 49
