1694508438605 -200.81656215913813 0
1694508438744 -173.53664615085884 1
1694508438882 -150.31960537567707 2
1694508439019 -130.53741955694838 3
1694508439157 -113.65930210825755 4
1694508439297 -99.23730006295983 5
1694508439451 -86.89676309364812 6
1694508439595 -76.32095726469716 7
1694508439739 -67.24376052772361 8
1694508439872 -59.437797662866984 9
1694508440007 -52.714380287682 10
1694508440140 -46.91231800511598 11
1694508440277 -41.89715236916088 12
1694508440421 -37.553671956433014 13
1694508440559 -33.78458331421512 14
1694508440702 -30.50792878691732 15
1694508440849 -27.6535289514735 16
1694508441003 -25.16223571625349 17
1694508441141 -22.98349645575215 18
1694508441268 -21.073661376241255 19
1694508441412 -19.39693334461457 20
1694508441554 -17.92146639778401 21
1694508441685 -16.620822055106892 22
1694508441826 -15.472162376062919 23
1694508441966 -14.455713719016783 24
1694508442105 -13.554662588185106 25
1694508442246 -12.75463465230179 26
1694508442381 -12.043052342470036 27
1694508442526 -11.408812385835635 28
1694508442674 -10.842761349711715 29
1694508442814 -10.336495872930143 30
1694508442966 -9.883049708384808 31
1694508443108 -9.476807830856826 32
1694508443246 -9.111799994652433 33
1694508443385 -8.783776974765368 34
1694508443533 -8.48859431074057 35
1694508443673 -8.222747183952205 36
1694508443814 -7.982844439563744 37
1694508443952 -7.766167383690988 38
1694508444090 -7.570300336379095 39
1694508444228 -7.393377863973955 40
1694508444370 -7.233003008957343 41
1694508444511 -7.087726062793804 42
1694508444648 -6.955869751513193 43
1694508444768 -6.836366430517933 44
1694508444884 -6.727852098624815 45
1694508445001 -6.629193430243228 46
1694508445126 -6.539362855802658 47
1694508445243 -6.457881311572516 48
1694508445364 -6.383612503476661 49
