1694508438499 147.33091534945376 0
1694508438654 119.85178272387382 1
1694508438791 108.44896108606578 2
1694508438929 97.00365361609633 3
1694508439063 80.8695526324233 4
1694508439210 72.18989211369967 5
1694508439357 64.88427444001495 6
1694508439504 54.94368926314018 7
1694508439644 45.92157506622589 8
1694508439780 41.75420941893522 9
1694508439916 39.590142360552484 10
1694508440053 36.81340411797758 11
1694508440188 30.66743917666137 12
1694508440322 28.930921189729293 13
1694508440468 26.236012747834117 14
1694508440610 22.526640882854345 15
1694508440752 20.524221968340793 16
1694508440898 19.08005247773868 17
1694508441049 16.92729988204454 18
1694508441185 16.836475841376256 19
1694508441310 14.82413535821247 20
1694508441460 14.55000887534949 21
1694508441600 14.000328171817525 22
1694508441741 11.907418055807216 23
1694508441875 11.310560933288173 24
1694508442013 10.98867760156087 25
1694508442153 9.808963573579884 26
1694508442292 8.98057435453097 27
1694508442429 8.62628021288131 28
1694508442573 8.226838451802246 29
1694508442720 8.424288937239552 30
1694508442867 8.521573334558699 31
1694508443017 7.627190691330652 32
1694508443154 7.734853569740238 33
1694508443294 6.898346272293019 34
1694508443432 6.8430141463640055 35
1694508443580 7.3802647503017615 36
1694508443721 6.772112732803896 37
1694508443860 6.734001125522508 38
1694508443998 6.613900253424374 39
1694508444135 5.559429293876332 40
1694508444275 5.978320369914866 41
1694508444414 6.276792978209396 42
1694508444561 6.233408745514058 43
1694508444692 5.655227469184582 44
1694508444806 5.292849163788246 45
1694508444925 5.8252917222043665 46
1694508445045 5.589583298116139 47
1694508445166 5.502265038295315 48
1694508445283 5.403360192272902 49
