1694508509826 -245.65609095907553 0
1694508510041 -245.16386805636213 1
1694508510233 -244.67272708006675 2
1694508510463 -244.18266555319758 3
1694508510669 -243.69368100456322 4
1694508510887 -243.20577096875923 5
1694508511065 -242.71893298615427 6
1694508511263 -242.23316460287666 7
1694508511483 -241.7484633708002 8
1694508511677 -241.26482684753122 9
1694508511821 -240.78225259639458 10
1694508511991 -240.30073818641995 11
1694508512159 -239.8202811923289 12
1694508512330 -239.34087919452094 13
1694508512495 -238.86252977906003 14
1694508512681 -238.38523053766158 15
1694508512848 -237.90897906767844 16
1694508513022 -237.43377297208826 17
1694508513190 -236.9596098594795 18
1694508513348 -236.48648734403866 19
1694508513523 -236.01440304553662 20
1694508513681 -235.5433545893156 21
1694508513851 -235.07333960627588 22
1694508514030 -234.6043557328629 23
1694508514203 -234.13640061105366 24
1694508514374 -233.66947188834388 25
1694508514535 -233.203567217735 26
1694508514701 -232.7386842577211 27
1694508514878 -232.2748206722756 28
1694508515033 -231.81197413083862 29
1694508515215 -231.35014230830396 30
1694508515390 -230.88932288500598 31
1694508515613 -230.42951354670714 32
1694508515803 -229.97071198458445 33
1694508515997 -229.51291589521742 34
1694508516178 -229.05612298057477 35
1694508516378 -228.60033094800167 36
1694508516563 -228.1455375102073 37
1694508516750 -227.69174038525185 38
1694508516926 -227.238937296534 39
1694508517102 -226.7871259727783 40
1694508517297 -226.33630414802244 41
1694508517468 -225.8864695616046 42
1694508517665 -225.43761995815115 43
1694508517860 -224.9897530875639 44
1694508518038 -224.54286670500784 45
1694508518214 -224.09695857089835 46
1694508518403 -223.65202645088897 47
1694508518582 -223.20806811585908 48
1694508518771 -222.76508134190118 49
