1694508509672 169.08902758239503 0
1694508509890 168.75120333488871 1
1694508510105 168.41412198839976 2
1694508510314 168.07778184169376 3
1694508510516 167.74218119752067 4
1694508510728 167.40731836260525 5
1694508510946 167.07319164763794 6
1694508511119 166.73979936726514 7
1694508511324 166.40713984008 8
1694508511551 166.07521138861313 9
1694508511726 165.74401233932306 10
1694508511868 165.41354102258714 11
1694508512040 165.08379577269207 12
1694508512213 164.75477492782477 13
1694508512379 164.4264768300631 14
1694508512543 164.0988998253667 15
1694508512733 163.77204226356758 16
1694508512903 163.4459024983612 17
1694508513069 163.1204788872972 18
1694508513235 162.7957697917702 19
1694508513399 162.47177357701085 20
1694508513576 162.14848861207662 21
1694508513731 161.82591326984274 22
1694508513910 161.50404592699311 23
1694508514084 161.18288496401158 24
1694508514253 160.8624287651724 25
1694508514416 160.5426757185318 26
1694508514579 160.22362421591868 27
1694508514752 159.90527265292573 28
1694508514923 159.5876194289007 29
1694508515091 159.2706629469371 30
1694508515269 158.95440161386585 31
1694508515444 158.63883384024598 32
1694508515674 158.32395804035608 33
1694508515864 158.00977263218536 34
1694508516054 157.6962760374248 35
1694508516240 157.3834666814586 36
1694508516435 157.07134299335524 37
1694508516617 156.75990340585867 38
1694508516805 156.44914635537998 39
1694508516989 156.13907028198835 40
1694508517153 155.82967362940246 41
1694508517344 155.520954844982 42
1694508517519 155.21291237971883 43
1694508517733 154.9055446882286 44
1694508517913 154.59885022874195 45
1694508518095 154.29282746309613 46
1694508518269 153.98747485672635 47
1694508518453 153.68279087865722 48
1694508518645 153.37877400149443 49
