1694508642902 -232.62671812075632 0
1694508643068 -232.5846346664916 1
1694508643218 -232.54255950036014 2
1694508643389 -232.5004926768467 3
1694508643557 -232.4584341942278 4
1694508643726 -232.41638405078095 5
1694508643897 -232.374342244784 6
1694508644059 -232.33230877451518 7
1694508644237 -232.29028363825313 8
1694508644413 -232.24826683427682 9
1694508644585 -232.20625836086558 10
1694508644762 -232.1642582162991 11
1694508644913 -232.12226639885745 12
1694508645110 -232.08028290682097 13
1694508645264 -232.03830773847054 14
1694508645440 -231.99634089208732 15
1694508645602 -231.95438236595274 16
1694508645769 -231.91243215834874 17
1694508645931 -231.87049026755753 18
1694508646075 -231.82855669186168 19
1694508646248 -231.78663142954423 20
1694508646400 -231.74471447888843 21
1694508646555 -231.70280583817802 22
1694508646733 -231.66090550569706 23
1694508646906 -231.61901347972997 24
1694508647052 -231.57712975856143 25
1694508647219 -231.53525434047663 26
1694508647380 -231.4933872237611 27
1694508647566 -231.45152840670076 28
1694508647733 -231.40967788758167 29
1694508647912 -231.36783566469055 30
1694508648065 -231.32600173631428 31
1694508648230 -231.2841761007402 32
1694508648405 -231.24235875625598 33
1694508648571 -231.20054970114973 34
1694508648724 -231.15874893370966 35
1694508648913 -231.11695645222477 36
1694508649113 -231.07517225498393 37
1694508649294 -231.03339634027674 38
1694508649458 -230.99162870639307 39
1694508649620 -230.94986935162308 40
1694508649788 -230.90811827425748 41
1694508649958 -230.86637547258687 42
1694508650127 -230.82464094490285 43
1694508650299 -230.78291468949686 44
1694508650470 -230.741196704661 45
1694508650616 -230.69948698868765 46
1694508650772 -230.65778553986954 47
1694508650926 -230.61609235649976 48
1694508651115 -230.5744074368717 49
