1694508642784 169.4281063198635 0
1694508642950 169.39419676687862 1
1694508643116 169.3636851485616 2
1694508643263 169.33317954027606 3
1694508643442 169.3026799815373 4
1694508643603 169.27218647109513 5
1694508643781 169.24169900770028 6
1694508643944 169.2112175901037 7
1694508644104 169.18074221705658 8
1694508644278 169.15027288731045 9
1694508644473 169.119809599617 10
1694508644636 169.08935235272833 11
1694508644807 169.05890114539656 12
1694508644961 169.02845597637426 13
1694508645160 168.99801684441434 14
1694508645318 168.96758374826973 15
1694508645490 168.93715668669378 16
1694508645650 168.90673565844014 17
1694508645819 168.8763206622626 18
1694508645972 168.84591169691532 19
1694508646129 168.8155087611526 20
1694508646299 168.78511185372915 21
1694508646440 168.75472097339986 22
1694508646613 168.72433611891987 23
1694508646782 168.6939572890446 24
1694508646951 168.66358448252979 25
1694508647102 168.63321769813135 26
1694508647267 168.60285693460548 27
1694508647452 168.57250219070878 28
1694508647616 168.54215346519783 29
1694508647787 168.51181075682973 30
1694508647958 168.48147406436175 31
1694508648113 168.45114338655137 32
1694508648276 168.4208187221565 33
1694508648454 168.39050006993503 34
1694508648618 168.36018742864533 35
1694508648784 168.3298807970461 36
1694508648978 168.29958017389598 37
1694508649175 168.26928555795428 38
1694508649336 168.2389969479802 39
1694508649507 168.20871434273354 40
1694508649675 168.17843774097403 41
1694508649844 168.14816714146184 42
1694508650007 168.1179025429575 43
1694508650176 168.0876439442216 44
1694508650340 168.0573913440151 45
1694508650515 168.02714474109922 46
1694508650667 167.99690413423536 47
1694508650820 167.96666952218533 48
1694508650975 167.93644090371103 49
