1694489428239 -5.7712904779453975 0
1694489428389 -5.364472553596415 1
1694489428529 -5.819881470736472 2
1694489428677 -5.805524266195451 3
1694489428828 -6.088192970900253 4
1694489428976 -5.612738130642715 5
1694489429122 -6.384008496924073 6
1694489429267 -5.299515181550471 7
1694489429403 -5.815455826336036 8
1694489429548 -6.009617936469882 9
1694489429698 -7.380783241268922 10
1694489429841 -5.603166853559459 11
1694489429976 -5.418928007809927 12
1694489430115 -5.907398875747276 13
1694489430264 -5.531689468770149 14
1694489430410 -5.702433572883763 15
1694489430556 -5.6936276750080435 16
1694489430701 -5.655560111026603 17
1694489430849 -5.974702342350603 18
1694489430992 -5.77351334034001 19
1694489431141 -5.537225451824927 20
1694489431285 -5.839282108978566 21
1694489431429 -5.665035480626238 22
1694489431570 -6.233807460618583 23
1694489431705 -5.712427816069849 24
1694489431848 -5.7340482607010195 25
1694489431992 -5.863263542895053 26
1694489432140 -6.049785821547384 27
1694489432283 -5.842284819222129 28
1694489432460 -5.379946352157898 29
1694489432601 -5.431569477347312 30
1694489432750 -5.741361597954993 31
1694489432895 -5.528455013167086 32
1694489433042 -5.618901626056994 33
1694489433187 -5.605066865293714 34
1694489433334 -5.797802806092429 35
1694489433482 -5.524555280019559 36
1694489433631 -5.313743855272726 37
1694489433782 -5.911156262368132 38
1694489433925 -5.587201489875274 39
1694489434055 -5.410706335638145 40
1694489434200 -5.600010004202831 41
1694489434345 -5.894313556501043 42
1694489434490 -5.610932024615198 43
1694489434623 -5.374867410230646 44
1694489434765 -5.664867466005209 45
1694489434909 -5.937422098045145 46
1694489435054 -5.842558799624378 47
1694489435205 -6.029487155175182 48
1694489435345 -5.583428447415365 49
