1694489428178 4.815645634451881 0
1694489428320 4.824226837488691 1
1694489428463 5.089511081082675 2
1694489428611 3.746898707737452 3
1694489428759 2.9529186749501957 4
1694489428902 4.658158100079634 5
1694489429055 2.576358157059814 6
1694489429201 7.107763408310367 7
1694489429345 3.6053434256180568 8
1694489429481 8.793705424938645 9
1694489429630 2.6974382128296552 10
1694489429773 3.2578004258160496 11
1694489429918 6.414762375384336 12
1694489430048 6.1420461121845 13
1694489430195 5.473641255741325 14
1694489430343 3.273665955750369 15
1694489430488 4.401448148119034 16
1694489430636 2.756056584731427 17
1694489430779 6.225080615701321 18
1694489430929 4.400960852907142 19
1694489431073 4.793044137932438 20
1694489431219 5.834569700077775 21
1694489431360 4.986954726068957 22
1694489431507 2.726589182723546 23
1694489431643 9.709947658407604 24
1694489431782 5.359976956896492 25
1694489431925 5.097225121675247 26
1694489432071 6.219312364218067 27
1694489432218 3.2204946167651327 28
1694489432361 4.994001883980148 29
1694489432538 2.898577292563959 30
1694489432683 5.185990992028703 31
1694489432828 2.657601883405921 32
1694489432976 3.365744891389227 33
1694489433122 5.085215375262895 34
1694489433266 5.0752476704282445 35
1694489433413 2.9354857189870134 36
1694489433560 3.4054967323346252 37
1694489433715 4.326772580344251 38
1694489433859 2.973540469195168 39
1694489433998 4.520532254301634 40
1694489434134 6.350638339678698 41
1694489434281 3.7361550544521487 42
1694489434422 3.8239600159397096 43
1694489434566 4.517596011684417 44
1694489434702 4.606178873945939 45
1694489434841 5.186601233301357 46
1694489434987 4.3306237849206815 47
1694489435142 5.120160052400092 48
1694489435279 4.8521917697936345 49
