1694510869800 -246.28543529104817 0
1694510869978 -246.24099425566857 1
1694510870154 -246.196561167862 2
1694510870316 -246.1521360756001 3
1694510870465 -246.10771897744297 4
1694510870613 -246.06330987195165 5
1694510870776 -246.01890875768754 6
1694510870927 -245.9745156332123 7
1694510871084 -245.93013049708748 8
1694510871248 -245.88575334787535 9
1694510871400 -245.8413841841382 10
1694510871555 -245.79702300443867 11
1694510871741 -245.75266980733963 12
1694510871898 -245.70832459140414 13
1694510872054 -245.66398735519556 14
1694510872211 -245.61965809727758 15
1694510872360 -245.57533681621413 16
1694510872518 -245.5310235105692 17
1694510872659 -245.48671817890738 18
1694510872816 -245.44242081979328 19
1694510872968 -245.3981314317918 20
1694510873132 -245.3538500134682 21
1694510873276 -245.3095765633878 22
1694510873427 -245.26531108011642 23
1694510873572 -245.22105356221994 24
1694510873723 -245.1768040082646 25
1694510873889 -245.13256241681688 26
1694510874060 -245.0883287864436 27
1694510874210 -245.04410311571166 28
1694510874366 -244.9998854031883 29
1694510874514 -244.95567564744107 30
1694510874675 -244.9114738470377 31
1694510874826 -244.86728000054632 32
1694510874975 -244.82309410653505 33
1694510875129 -244.77891616357255 34
1694510875282 -244.7347461702276 35
1694510875438 -244.69058412506928 36
1694510875590 -244.64643002666676 37
1694510875732 -244.6022838735898 38
1694510875899 -244.5581456644081 39
1694510876054 -244.51401539769185 40
1694510876237 -244.4698930720113 41
1694510876386 -244.42577868593705 42
1694510876550 -244.38167223804007 43
1694510876709 -244.33757372689138 44
1694510876864 -244.29348315106236 45
1694510877014 -244.24940050912463 46
1694510877169 -244.20532579965018 47
1694510877323 -244.16125902121104 48
1694510877479 -244.11720017237963 49
