1694510869668 169.2190384609023 0
1694510869858 169.1852150591687 1
1694510870029 169.1547802726595 2
1694510870205 169.1243509312736 3
1694510870359 169.0939270678623 4
1694510870505 169.06350868143906 5
1694510870666 169.03309577101777 6
1694510870826 169.00268833561262 7
1694510870974 168.9722863742378 8
1694510871130 168.94188988590793 9
1694510871298 168.91149886963757 10
1694510871446 168.88111332444166 11
1694510871605 168.85073324933506 12
1694510871792 168.82035864333304 13
1694510871945 168.78998950545102 14
1694510872102 168.75962583470445 15
1694510872252 168.7292676301091 16
1694510872404 168.6989148906808 17
1694510872562 168.66856761543576 18
1694510872706 168.6382258033901 19
1694510872862 168.60788945356032 20
1694510873014 168.57755856496306 21
1694510873180 168.54723313661498 22
1694510873321 168.51691316753315 23
1694510873470 168.48659865673463 24
1694510873619 168.45628960323683 25
1694510873769 168.42598600605714 26
1694510873946 168.39568786421333 27
1694510874102 168.3653951767232 28
1694510874258 168.33510794260474 29
1694510874407 168.30482616087616 30
1694510874549 168.27454983055583 31
1694510874716 168.24427895066236 32
1694510874873 168.21401352021442 33
1694510875022 168.18375353823097 34
1694510875178 168.153499003731 35
1694510875328 168.12324991573388 36
1694510875479 168.093006273259 37
1694510875632 168.06276807532592 38
1694510875784 168.0325353209545 39
1694510875947 168.00230800916475 40
1694510876104 167.97208613897666 41
1694510876278 167.94186970941064 42
1694510876439 167.9116587194872 43
1694510876591 167.88145316822695 44
1694510876755 167.8512530546508 45
1694510876907 167.82105837777976 46
1694510877060 167.79086913663497 47
1694510877220 167.76068533023792 48
1694510877370 167.73050695761006 49
