1694508455103 164.6468052099349 0
1694508455259 164.59618474252792 1
1694508455412 159.9177839005657 2
1694508455547 158.96158701709928 3
1694508455678 159.6589280337619 4
1694508455814 154.2372121686065 5
1694508455955 155.4912431850399 6
1694508456107 149.5335624258318 7
1694508456252 147.46556384301311 8
1694508456386 152.5627477669203 9
1694508456514 145.56800233933936 10
1694508456636 145.14293168392297 11
1694508456784 147.4199934190629 12
1694508456921 142.5400849918045 13
1694508457056 135.99763150494329 14
1694508457202 138.75423979527596 15
1694508457342 131.84426353128723 16
1694508457470 134.77959149077188 17
1694508457611 130.2330947094149 18
1694508457754 128.20279806650097 19
1694508457884 127.72527721488869 20
1694508458023 124.54249566269154 21
1694508458169 128.6097927267977 22
1694508458314 124.15724660068231 23
1694508458448 120.137911664116 24
1694508458594 126.86741096991965 25
1694508458730 119.19828137770841 26
1694508458870 113.62581708135166 27
1694508459013 118.17412647161328 28
1694508459155 112.46028350516484 29
1694508459289 108.22924332536194 30
1694508459420 108.95842406111896 31
1694508459546 110.4528032054991 32
1694508459686 106.57558172606727 33
1694508459810 105.07664286015194 34
1694508459926 106.08018585664306 35
1694508460049 101.52439072478496 36
1694508460165 102.15944574055054 37
1694508460295 100.16550967888847 38
1694508460427 99.45000836231162 39
1694508460554 98.00604539017549 40
1694508460674 99.57398298576794 41
1694508460798 96.36978604127617 42
1694508460922 93.02438267033212 43
1694508461046 91.65487232830654 44
1694508461177 93.51808888594769 45
1694508461302 91.5865725227779 46
1694508461430 90.80016784341886 47
1694508461554 89.17083811578868 48
1694508461679 87.06856663586959 49
